10000000000 1.4375 0.504846
10000000000 1.4375 0.492841
10000000000 1.4375 0.501588
10000000000 1.4375 0.510193
10000000000 1.4375 0.512883
10000000000 1.4375 0.501696
10000000000 1.4375 0.50848
10000000000 1.4375 0.490379
10000000000 1.4375 0.495961
10000000000 1.4375 0.500204
10000000000 1.4375 0.487635
10000000000 1.4375 0.511917
10000000000 1.4375 0.511775
10000000000 1.4375 0.511308
10000000000 1.4375 0.514392
10000000000 1.4375 0.515449
10000000000 1.4375 0.499258
10000000000 1.4375 0.516224
10000000000 1.4375 0.510373
10000000000 1.4375 0.511377
10000000000 1.4375 0.500668
10000000000 1.4375 0.506287
10000000000 1.4375 0.501601
10000000000 1.4375 0.506342
10000000000 1.4375 0.48071
10000000000 1.4375 0.457518
10000000000 1.4375 0.509355
10000000000 1.4375 0.494024
10000000000 1.4375 0.510337
10000000000 1.4375 0.513553
10000000000 1.4375 0.506829
10000000000 1.4375 0.499012
10000000000 1.4375 0.501652
10000000000 1.4375 0.506778
10000000000 1.4375 0.516013
10000000000 1.4375 0.515062
10000000000 1.4375 0.506911
10000000000 1.4375 0.508173
10000000000 1.4375 0.506477
10000000000 1.4375 0.517382
10000000000 1.4375 0.489045
10000000000 1.4375 0.506055
10000000000 1.4375 0.499299
10000000000 1.4375 0.509698
10000000000 1.4375 0.511258
10000000000 1.4375 0.502454
10000000000 1.4375 0.500392
10000000000 1.4375 0.501863
10000000000 1.4375 0.491687
10000000000 1.4375 0.511501
10000000000 1.4375 0.492805
10000000000 1.4375 0.505394
10000000000 1.4375 0.501394
10000000000 1.4375 0.507383
10000000000 1.4375 0.507292
10000000000 1.4375 0.498035
10000000000 1.4375 0.514249
10000000000 1.4375 0.510464
10000000000 1.4375 0.507925
10000000000 1.4375 0.497485
10000000000 1.4375 0.507602
10000000000 1.4375 0.495733
10000000000 1.4375 0.517096
10000000000 1.4375 0.493721
10000000000 1.4375 0.504753
10000000000 1.4375 0.510233
10000000000 1.4375 0.507887
10000000000 1.4375 0.511964
10000000000 1.4375 0.501662
10000000000 1.4375 0.497396
10000000000 1.4375 0.509513
10000000000 1.4375 0.506155
10000000000 1.4375 0.505763
10000000000 1.4375 0.523994
10000000000 1.4375 0.513794
10000000000 1.4375 0.513424
10000000000 1.4375 0.493309
10000000000 1.4375 0.512922
10000000000 1.4375 0.502984
10000000000 1.4375 0.510103
10000000000 1.4375 0.508443
10000000000 1.4375 0.500784
10000000000 1.4375 0.515525
10000000000 1.4375 0.504297
10000000000 1.4375 0.507705
10000000000 1.4375 0.503753
10000000000 1.4375 0.510386
10000000000 1.4375 0.514305
10000000000 1.4375 0.504179
10000000000 1.4375 0.505763
10000000000 1.4375 0.517804
10000000000 1.4375 0.507086
10000000000 1.4375 0.502483
10000000000 1.4375 0.519098
10000000000 1.4375 0.508066
10000000000 1.4375 0.50627
10000000000 1.4375 0.506663
10000000000 1.4375 0.514412
10000000000 1.4375 0.500669
10000000000 1.4375 0.511244
10000000000 1.4375 0.492568
10000000000 1.4375 0.517953
10000000000 1.4375 0.503655
10000000000 1.4375 0.513334
10000000000 1.4375 0.50719
10000000000 1.4375 0.516562
