10000 1.4375 0.7637
10000 1.4375 0.7957
10000 1.4375 0.7735
10000 1.4375 0.6448
10000 1.4375 0.7885
10000 1.4375 0.778
10000 1.4375 0.8405
10000 1.4375 0.6193
10000 1.4375 0.8837
10000 1.4375 0.6978
10000 1.4375 0.7508
10000 1.4375 0.7941
10000 1.4375 0.8268
10000 1.4375 0.6648
10000 1.4375 0.671
10000 1.4375 0.7703
10000 1.4375 0.7827
10000 1.4375 0.6757
10000 1.4375 0.617
10000 1.4375 0.6513
10000 1.4375 0.7413
10000 1.4375 0.7213
10000 1.4375 0.8168
10000 1.4375 0.575
10000 1.4375 0.618
10000 1.4375 0.8394
10000 1.4375 0.6335
10000 1.4375 0.7531
10000 1.4375 0.7961
10000 1.4375 0.8043
10000 1.4375 0.6185
10000 1.4375 0.8434
10000 1.4375 0.1794
10000 1.4375 0.5027
10000 1.4375 0.2862
10000 1.4375 0.6192
10000 1.4375 0.784
10000 1.4375 0.638
10000 1.4375 0.8277
10000 1.4375 0.7435
10000 1.4375 0.8317
10000 1.4375 0.7222
10000 1.4375 0.3789
10000 1.4375 0.7946
10000 1.4375 0.8066
10000 1.4375 0.8152
10000 1.4375 0.8305
10000 1.4375 0.7582
10000 1.4375 0.6429
10000 1.4375 0.8242
10000 1.4375 0.7885
10000 1.4375 0.5532
10000 1.4375 0.7542
10000 1.4375 0.6158
10000 1.4375 0.8284
10000 1.4375 0.4373
10000 1.4375 0.7144
10000 1.4375 0.8512
10000 1.4375 0.7812
10000 1.4375 0.8239
10000 1.4375 0.6422
10000 1.4375 0.843
10000 1.4375 0.8027
10000 1.4375 0.6124
10000 1.4375 0.7604
10000 1.4375 0.7073
10000 1.4375 0.8112
10000 1.4375 0.6387
10000 1.4375 0.7457
10000 1.4375 0.7359
10000 1.4375 0.7903
10000 1.4375 0.8281
10000 1.4375 0.8452
10000 1.4375 0.8272
10000 1.4375 0.6058
10000 1.4375 0.5666
10000 1.4375 0.6074
10000 1.4375 0.4933
10000 1.4375 0.5646
10000 1.4375 0.6628
10000 1.4375 0.8213
10000 1.4375 0.8223
10000 1.4375 0.7013
10000 1.4375 0.6519
10000 1.4375 0.7585
10000 1.4375 0.7398
10000 1.4375 0.6644
10000 1.4375 0.8097
10000 1.4375 0.8147
10000 1.4375 0.6721
10000 1.4375 0.7079
10000 1.4375 0.7766
10000 1.4375 0.7048
10000 1.4375 0.7661
10000 1.4375 0.7523
10000 1.4375 0.4799
10000 1.4375 0.6329
10000 1.4375 0.716
10000 1.4375 0.4868
10000 1.4375 0.8243
10000 1.4375 0.7932
10000 1.4375 0.7019
10000 1.4375 0.5774
10000 1.4375 0.7136
10000 1.4375 0.5385
10000 1.4375 0.7464
10000 1.4375 0.8415
10000 1.4375 0.8341
10000 1.4375 0.6801
10000 1.4375 0.8006
10000 1.4375 0.7929
10000 1.4375 0.6982
10000 1.4375 0.7687
10000 1.4375 0.8337
10000 1.4375 0.7666
10000 1.4375 0.7735
10000 1.4375 0.6203
10000 1.4375 0.5948
10000 1.4375 0.7679
10000 1.4375 0.7176
10000 1.4375 0.8149
10000 1.4375 0.7505
10000 1.4375 0.541
10000 1.4375 0.62
10000 1.4375 0.8231
10000 1.4375 0.8624
10000 1.4375 0.8672
10000 1.4375 0.7671
10000 1.4375 0.7018
10000 1.4375 0.7427
10000 1.4375 0.504
10000 1.4375 0.8228
10000 1.4375 0.7183
10000 1.4375 0.7753
10000 1.4375 0.8299
10000 1.4375 0.7923
10000 1.4375 0.7536
10000 1.4375 0.7739
10000 1.4375 0.8498
10000 1.4375 0.843
10000 1.4375 0.7738
10000 1.4375 0.7701
10000 1.4375 0.7848
10000 1.4375 0.7624
10000 1.4375 0.7958
10000 1.4375 0.8455
10000 1.4375 0.7822
10000 1.4375 0.461
10000 1.4375 0.8019
10000 1.4375 0.8459
10000 1.4375 0.7684
10000 1.4375 0.6246
10000 1.4375 0.755
10000 1.4375 0.799
10000 1.4375 0.8815
10000 1.4375 0.6658
10000 1.4375 0.4983
10000 1.4375 0.7076
10000 1.4375 0.6423
10000 1.4375 0.6498
10000 1.4375 0.7618
10000 1.4375 0.5193
10000 1.4375 0.6159
10000 1.4375 0.7558
10000 1.4375 0.8068
10000 1.4375 0.6582
10000 1.4375 0.5819
10000 1.4375 0.575
10000 1.4375 0.743
10000 1.4375 0.7808
10000 1.4375 0.6608
10000 1.4375 0.841
10000 1.4375 0.6999
10000 1.4375 0.8044
10000 1.4375 0.852
10000 1.4375 0.3814
10000 1.4375 0.8001
10000 1.4375 0.7558
10000 1.4375 0.7201
10000 1.4375 0.8405
10000 1.4375 0.794
10000 1.4375 0.8075
10000 1.4375 0.7776
10000 1.4375 0.6224
10000 1.4375 0.7754
10000 1.4375 0.7656
10000 1.4375 0.767
10000 1.4375 0.6231
10000 1.4375 0.69
10000 1.4375 0.6279
10000 1.4375 0.3273
10000 1.4375 0.6062
10000 1.4375 0.6098
10000 1.4375 0.7546
10000 1.4375 0.5974
10000 1.4375 0.7964
10000 1.4375 0.7784
10000 1.4375 0.5102
10000 1.4375 0.6663
10000 1.4375 0.8718
10000 1.4375 0.7055
10000 1.4375 0.8086
10000 1.4375 0.7879
10000 1.4375 0.7645
10000 1.4375 0.5847
10000 1.4375 0.7728
10000 1.4375 0.7199
10000 1.4375 0.6102
10000 1.4375 0.8804
10000 1.4375 0.5431
10000 1.4375 0.7788
10000 1.4375 0.7822
10000 1.4375 0.6482
10000 1.4375 0.5049
10000 1.4375 0.7
10000 1.4375 0.8571
10000 1.4375 0.658
10000 1.4375 0.7998
10000 1.4375 0.7752
10000 1.4375 0.7702
10000 1.4375 0.788
10000 1.4375 0.7461
10000 1.4375 0.7507
10000 1.4375 0.7443
10000 1.4375 0.7375
10000 1.4375 0.5765
10000 1.4375 0.8306
10000 1.4375 0.2163
10000 1.4375 0.7835
10000 1.4375 0.8376
10000 1.4375 0.7359
10000 1.4375 0.7913
10000 1.4375 0.525
10000 1.4375 0.5557
10000 1.4375 0.8178
10000 1.4375 0.4522
10000 1.4375 0.76
10000 1.4375 0.4779
10000 1.4375 0.7142
10000 1.4375 0.7631
10000 1.4375 0.8145
10000 1.4375 0.7032
10000 1.4375 0.7229
10000 1.4375 0.843
10000 1.4375 0.8067
10000 1.4375 0.6641
10000 1.4375 0.7627
10000 1.4375 0.736
10000 1.4375 0.4614
10000 1.4375 0.7559
10000 1.4375 0.7669
10000 1.4375 0.8195
10000 1.4375 0.7856
10000 1.4375 0.7917
10000 1.4375 0.8082
10000 1.4375 0.7697
10000 1.4375 0.5597
10000 1.4375 0.7603
10000 1.4375 0.7717
10000 1.4375 0.8353
10000 1.4375 0.8166
10000 1.4375 0.2364
10000 1.4375 0.7312
10000 1.4375 0.7896
10000 1.4375 0.7954
10000 1.4375 0.7975
10000 1.4375 0.8033
10000 1.4375 0.7773
10000 1.4375 0.6656
10000 1.4375 0.695
10000 1.4375 0.3726
10000 1.4375 0.6978
10000 1.4375 0.7658
10000 1.4375 0.6907
10000 1.4375 0.6545
10000 1.4375 0.699
10000 1.4375 0.7604
10000 1.4375 0.8684
10000 1.4375 0.8309
10000 1.4375 0.8122
10000 1.4375 0.7782
10000 1.4375 0.5899
10000 1.4375 0.6589
10000 1.4375 0.7237
10000 1.4375 0.8368
10000 1.4375 0.4178
10000 1.4375 0.7744
10000 1.4375 0.7932
10000 1.4375 0.8023
10000 1.4375 0.7306
10000 1.4375 0.7043
10000 1.4375 0.8023
10000 1.4375 0.5852
10000 1.4375 0.682
10000 1.4375 0.8345
10000 1.4375 0.8048
10000 1.4375 0.8379
10000 1.4375 0.8058
10000 1.4375 0.408
10000 1.4375 0.7667
10000 1.4375 0.6956
10000 1.4375 0.802
10000 1.4375 0.7416
10000 1.4375 0.5543
10000 1.4375 0.7909
10000 1.4375 0.7337
10000 1.4375 0.8073
10000 1.4375 0.7554
10000 1.4375 0.6747
10000 1.4375 0.69
10000 1.4375 0.7214
10000 1.4375 0.6595
10000 1.4375 0.638
10000 1.4375 0.7899
10000 1.4375 0.6697
10000 1.4375 0.8743
10000 1.4375 0.7446
10000 1.4375 0.6527
10000 1.4375 0.683
10000 1.4375 0.6132
10000 1.4375 0.7864
10000 1.4375 0.5572
10000 1.4375 0.7991
10000 1.4375 0.6859
10000 1.4375 0.7886
10000 1.4375 0.7052
10000 1.4375 0.8108
10000 1.4375 0.7276
10000 1.4375 0.8289
10000 1.4375 0.8619
10000 1.4375 0.7056
10000 1.4375 0.7209
10000 1.4375 0.7641
10000 1.4375 0.6151
10000 1.4375 0.6682
10000 1.4375 0.6855
10000 1.4375 0.6892
10000 1.4375 0.4754
10000 1.4375 0.6888
10000 1.4375 0.7168
10000 1.4375 0.832
10000 1.4375 0.7752
10000 1.4375 0.6953
10000 1.4375 0.8507
10000 1.4375 0.3917
10000 1.4375 0.3545
10000 1.4375 0.6812
10000 1.4375 0.735
10000 1.4375 0.6407
10000 1.4375 0.7063
10000 1.4375 0.6008
10000 1.4375 0.7999
10000 1.4375 0.5996
10000 1.4375 0.6292
10000 1.4375 0.6305
10000 1.4375 0.5972
10000 1.4375 0.5643
10000 1.4375 0.7854
10000 1.4375 0.6702
10000 1.4375 0.7562
10000 1.4375 0.7851
10000 1.4375 0.3924
10000 1.4375 0.8375
10000 1.4375 0.6506
10000 1.4375 0.8411
10000 1.4375 0.8251
10000 1.4375 0.754
10000 1.4375 0.53
10000 1.4375 0.6532
10000 1.4375 0.8211
10000 1.4375 0.6406
10000 1.4375 0.6997
10000 1.4375 0.7289
10000 1.4375 0.747
10000 1.4375 0.4102
10000 1.4375 0.7869
10000 1.4375 0.4878
10000 1.4375 0.8324
10000 1.4375 0.8412
10000 1.4375 0.3963
10000 1.4375 0.757
10000 1.4375 0.7819
10000 1.4375 0.7597
10000 1.4375 0.769
10000 1.4375 0.7818
10000 1.4375 0.8036
10000 1.4375 0.8425
10000 1.4375 0.7534
10000 1.4375 0.7313
10000 1.4375 0.8228
10000 1.4375 0.6392
10000 1.4375 0.6789
10000 1.4375 0.7389
10000 1.4375 0.8217
10000 1.4375 0.8394
10000 1.4375 0.356
10000 1.4375 0.8035
10000 1.4375 0.8365
10000 1.4375 0.7708
10000 1.4375 0.786
10000 1.4375 0.3186
10000 1.4375 0.8464
10000 1.4375 0.8327
10000 1.4375 0.7828
10000 1.4375 0.782
10000 1.4375 0.8251
10000 1.4375 0.8227
10000 1.4375 0.6556
10000 1.4375 0.8218
10000 1.4375 0.7094
10000 1.4375 0.7111
10000 1.4375 0.7719
10000 1.4375 0.7796
10000 1.4375 0.7778
10000 1.4375 0.6485
10000 1.4375 0.6599
10000 1.4375 0.6939
10000 1.4375 0.5993
10000 1.4375 0.8602
10000 1.4375 0.7476
10000 1.4375 0.7651
10000 1.4375 0.6512
10000 1.4375 0.7526
10000 1.4375 0.7493
10000 1.4375 0.7873
10000 1.4375 0.8691
10000 1.4375 0.468
10000 1.4375 0.7159
10000 1.4375 0.8481
10000 1.4375 0.6439
10000 1.4375 0.7144
10000 1.4375 0.824
10000 1.4375 0.784
10000 1.4375 0.8159
10000 1.4375 0.7167
10000 1.4375 0.454
10000 1.4375 0.4659
10000 1.4375 0.7241
10000 1.4375 0.8226
10000 1.4375 0.8358
10000 1.4375 0.5833
10000 1.4375 0.7274
10000 1.4375 0.8645
10000 1.4375 0.7508
10000 1.4375 0.4015
10000 1.4375 0.7339
10000 1.4375 0.801
10000 1.4375 0.6718
10000 1.4375 0.7907
10000 1.4375 0.8562
10000 1.4375 0.6743
10000 1.4375 0.8007
10000 1.4375 0.6993
10000 1.4375 0.7939
10000 1.4375 0.778
10000 1.4375 0.7431
10000 1.4375 0.5529
10000 1.4375 0.7025
10000 1.4375 0.7998
10000 1.4375 0.7634
10000 1.4375 0.4499
10000 1.4375 0.4905
10000 1.4375 0.3148
10000 1.4375 0.3626
10000 1.4375 0.8246
10000 1.4375 0.7109
10000 1.4375 0.7806
10000 1.4375 0.7765
10000 1.4375 0.6575
10000 1.4375 0.675
10000 1.4375 0.7175
10000 1.4375 0.5955
10000 1.4375 0.7019
10000 1.4375 0.7185
10000 1.4375 0.8048
10000 1.4375 0.4689
10000 1.4375 0.7414
10000 1.4375 0.8612
10000 1.4375 0.8425
10000 1.4375 0.6873
10000 1.4375 0.7865
10000 1.4375 0.8258
10000 1.4375 0.7935
10000 1.4375 0.329
10000 1.4375 0.6373
10000 1.4375 0.8042
10000 1.4375 0.6483
10000 1.4375 0.8064
10000 1.4375 0.5306
10000 1.4375 0.7592
10000 1.4375 0.5083
10000 1.4375 0.749
10000 1.4375 0.6236
10000 1.4375 0.8397
10000 1.4375 0.5471
10000 1.4375 0.7671
10000 1.4375 0.8441
10000 1.4375 0.5948
10000 1.4375 0.8007
10000 1.4375 0.3502
10000 1.4375 0.8131
10000 1.4375 0.7706
10000 1.4375 0.7729
10000 1.4375 0.8587
10000 1.4375 0.8109
10000 1.4375 0.709
10000 1.4375 0.4758
10000 1.4375 0.7524
10000 1.4375 0.8538
10000 1.4375 0.8112
10000 1.4375 0.8143
10000 1.4375 0.803
10000 1.4375 0.7881
10000 1.4375 0.8611
10000 1.4375 0.5246
10000 1.4375 0.5724
10000 1.4375 0.6683
10000 1.4375 0.7181
10000 1.4375 0.7713
10000 1.4375 0.8746
10000 1.4375 0.7706
10000 1.4375 0.5174
10000 1.4375 0.7683
10000 1.4375 0.7052
10000 1.4375 0.7732
10000 1.4375 0.7922
10000 1.4375 0.57
10000 1.4375 0.7614
10000 1.4375 0.7954
10000 1.4375 0.4489
10000 1.4375 0.7115
10000 1.4375 0.7384
10000 1.4375 0.7087
10000 1.4375 0.2835
10000 1.4375 0.4202
10000 1.4375 0.7774
10000 1.4375 0.6348
10000 1.4375 0.7404
10000 1.4375 0.8158
10000 1.4375 0.6376
10000 1.4375 0.7809
10000 1.4375 0.7007
10000 1.4375 0.6841
10000 1.4375 0.7937
10000 1.4375 0.7892
10000 1.4375 0.719
10000 1.4375 0.7706
10000 1.4375 0.7784
10000 1.4375 0.856
10000 1.4375 0.7299
10000 1.4375 0.6513
10000 1.4375 0.8148
10000 1.4375 0.8164
10000 1.4375 0.819
10000 1.4375 0.6813
10000 1.4375 0.7762
10000 1.4375 0.3493
10000 1.4375 0.8209
10000 1.4375 0.7067
10000 1.4375 0.6271
10000 1.4375 0.8168
10000 1.4375 0.6648
10000 1.4375 0.8297
10000 1.4375 0.7225
10000 1.4375 0.7454
10000 1.4375 0.8335
10000 1.4375 0.778
10000 1.4375 0.6157
10000 1.4375 0.7573
10000 1.4375 0.8768
10000 1.4375 0.7918
10000 1.4375 0.4289
10000 1.4375 0.8348
10000 1.4375 0.4242
10000 1.4375 0.3877
10000 1.4375 0.3907
10000 1.4375 0.8054
10000 1.4375 0.5499
10000 1.4375 0.8429
10000 1.4375 0.721
10000 1.4375 0.7848
10000 1.4375 0.7885
10000 1.4375 0.7808
10000 1.4375 0.7208
10000 1.4375 0.3525
10000 1.4375 0.8111
10000 1.4375 0.7378
10000 1.4375 0.7957
10000 1.4375 0.3654
10000 1.4375 0.8243
10000 1.4375 0.8175
10000 1.4375 0.7626
10000 1.4375 0.488
10000 1.4375 0.79
10000 1.4375 0.7466
10000 1.4375 0.6909
10000 1.4375 0.8629
10000 1.4375 0.3251
10000 1.4375 0.7609
10000 1.4375 0.798
10000 1.4375 0.4017
10000 1.4375 0.8011
10000 1.4375 0.8492
10000 1.4375 0.8243
10000 1.4375 0.3707
10000 1.4375 0.47
10000 1.4375 0.7663
10000 1.4375 0.5036
10000 1.4375 0.8606
10000 1.4375 0.8013
10000 1.4375 0.6315
10000 1.4375 0.5821
10000 1.4375 0.5609
10000 1.4375 0.7414
10000 1.4375 0.7528
10000 1.4375 0.6994
10000 1.4375 0.6219
10000 1.4375 0.8063
10000 1.4375 0.7115
10000 1.4375 0.8278
10000 1.4375 0.8231
10000 1.4375 0.6933
10000 1.4375 0.6091
10000 1.4375 0.7926
10000 1.4375 0.7485
10000 1.4375 0.7701
10000 1.4375 0.7126
10000 1.4375 0.7985
10000 1.4375 0.7153
10000 1.4375 0.6761
10000 1.4375 0.6518
10000 1.4375 0.7103
10000 1.4375 0.7209
10000 1.4375 0.7409
10000 1.4375 0.7119
10000 1.4375 0.7442
10000 1.4375 0.5453
10000 1.4375 0.6315
10000 1.4375 0.684
10000 1.4375 0.5957
10000 1.4375 0.7175
10000 1.4375 0.4814
10000 1.4375 0.506
10000 1.4375 0.5433
10000 1.4375 0.5045
10000 1.4375 0.4507
10000 1.4375 0.5856
10000 1.4375 0.6833
10000 1.4375 0.7901
10000 1.4375 0.7352
10000 1.4375 0.7693
10000 1.4375 0.8083
10000 1.4375 0.65
10000 1.4375 0.7638
10000 1.4375 0.8507
10000 1.4375 0.7689
10000 1.4375 0.8171
10000 1.4375 0.679
10000 1.4375 0.4511
10000 1.4375 0.5713
10000 1.4375 0.5699
10000 1.4375 0.863
10000 1.4375 0.7936
10000 1.4375 0.877
10000 1.4375 0.5244
10000 1.4375 0.809
10000 1.4375 0.7514
10000 1.4375 0.8068
10000 1.4375 0.561
10000 1.4375 0.7897
10000 1.4375 0.478
10000 1.4375 0.6654
10000 1.4375 0.7777
10000 1.4375 0.6987
10000 1.4375 0.7458
10000 1.4375 0.8459
10000 1.4375 0.7656
10000 1.4375 0.7201
10000 1.4375 0.7334
10000 1.4375 0.8394
10000 1.4375 0.7717
10000 1.4375 0.8295
10000 1.4375 0.5856
10000 1.4375 0.7655
10000 1.4375 0.7459
10000 1.4375 0.7267
10000 1.4375 0.7139
10000 1.4375 0.8391
10000 1.4375 0.8357
10000 1.4375 0.6949
10000 1.4375 0.7225
10000 1.4375 0.4142
10000 1.4375 0.7584
10000 1.4375 0.8042
10000 1.4375 0.7794
10000 1.4375 0.7667
10000 1.4375 0.6163
10000 1.4375 0.5953
10000 1.4375 0.3754
10000 1.4375 0.7813
10000 1.4375 0.8277
10000 1.4375 0.8089
10000 1.4375 0.5518
10000 1.4375 0.6482
10000 1.4375 0.568
10000 1.4375 0.705
10000 1.4375 0.7043
10000 1.4375 0.4532
10000 1.4375 0.7448
10000 1.4375 0.8261
10000 1.4375 0.8546
10000 1.4375 0.1955
10000 1.4375 0.7344
10000 1.4375 0.8197
10000 1.4375 0.6462
10000 1.4375 0.7625
10000 1.4375 0.7456
10000 1.4375 0.4616
10000 1.4375 0.6499
10000 1.4375 0.719
10000 1.4375 0.4136
10000 1.4375 0.7167
10000 1.4375 0.7664
10000 1.4375 0.7408
10000 1.4375 0.8122
10000 1.4375 0.8103
10000 1.4375 0.7683
10000 1.4375 0.7863
10000 1.4375 0.761
10000 1.4375 0.7946
10000 1.4375 0.7926
10000 1.4375 0.8022
10000 1.4375 0.3492
10000 1.4375 0.7183
10000 1.4375 0.6292
10000 1.4375 0.7614
10000 1.4375 0.7334
10000 1.4375 0.7323
10000 1.4375 0.8169
10000 1.4375 0.6043
10000 1.4375 0.825
10000 1.4375 0.7148
10000 1.4375 0.788
10000 1.4375 0.6325
10000 1.4375 0.6437
10000 1.4375 0.7238
10000 1.4375 0.746
10000 1.4375 0.7024
10000 1.4375 0.8499
10000 1.4375 0.8323
10000 1.4375 0.8145
10000 1.4375 0.4401
10000 1.4375 0.4108
10000 1.4375 0.7317
10000 1.4375 0.4794
10000 1.4375 0.6938
10000 1.4375 0.7541
10000 1.4375 0.7761
10000 1.4375 0.724
10000 1.4375 0.6706
10000 1.4375 0.8124
10000 1.4375 0.7035
10000 1.4375 0.8745
10000 1.4375 0.8166
10000 1.4375 0.8463
10000 1.4375 0.6159
10000 1.4375 0.4122
10000 1.4375 0.5913
10000 1.4375 0.7554
10000 1.4375 0.5968
10000 1.4375 0.715
10000 1.4375 0.3348
10000 1.4375 0.7368
10000 1.4375 0.8052
10000 1.4375 0.807
10000 1.4375 0.8142
10000 1.4375 0.6185
10000 1.4375 0.8027
10000 1.4375 0.8335
10000 1.4375 0.8131
10000 1.4375 0.639
10000 1.4375 0.633
10000 1.4375 0.6632
10000 1.4375 0.7578
10000 1.4375 0.8265
10000 1.4375 0.769
10000 1.4375 0.7593
10000 1.4375 0.5394
10000 1.4375 0.4102
10000 1.4375 0.7881
10000 1.4375 0.7282
10000 1.4375 0.5801
10000 1.4375 0.748
10000 1.4375 0.6622
10000 1.4375 0.7338
10000 1.4375 0.7899
10000 1.4375 0.8327
10000 1.4375 0.6971
10000 1.4375 0.7624
10000 1.4375 0.7792
10000 1.4375 0.6565
10000 1.4375 0.7495
10000 1.4375 0.4188
10000 1.4375 0.6423
10000 1.4375 0.8073
10000 1.4375 0.5655
10000 1.4375 0.7447
10000 1.4375 0.3332
10000 1.4375 0.6254
10000 1.4375 0.6994
10000 1.4375 0.6772
10000 1.4375 0.7129
10000 1.4375 0.7509
10000 1.4375 0.8148
10000 1.4375 0.7044
10000 1.4375 0.7754
10000 1.4375 0.7501
10000 1.4375 0.7337
10000 1.4375 0.7684
10000 1.4375 0.715
10000 1.4375 0.7169
10000 1.4375 0.7682
10000 1.4375 0.7761
10000 1.4375 0.841
10000 1.4375 0.8085
10000 1.4375 0.7868
10000 1.4375 0.8308
10000 1.4375 0.8367
10000 1.4375 0.8607
10000 1.4375 0.7846
10000 1.4375 0.4603
10000 1.4375 0.6063
10000 1.4375 0.8614
10000 1.4375 0.6498
10000 1.4375 0.844
10000 1.4375 0.7776
10000 1.4375 0.582
10000 1.4375 0.8383
10000 1.4375 0.8281
10000 1.4375 0.7056
10000 1.4375 0.5971
10000 1.4375 0.7924
10000 1.4375 0.6281
10000 1.4375 0.8076
10000 1.4375 0.3856
10000 1.4375 0.7789
10000 1.4375 0.5947
10000 1.4375 0.7979
10000 1.4375 0.7593
10000 1.4375 0.6612
10000 1.4375 0.7269
10000 1.4375 0.7984
10000 1.4375 0.7568
10000 1.4375 0.5283
10000 1.4375 0.672
10000 1.4375 0.6873
10000 1.4375 0.7427
10000 1.4375 0.8412
10000 1.4375 0.7122
10000 1.4375 0.6155
10000 1.4375 0.8046
10000 1.4375 0.6803
10000 1.4375 0.8295
10000 1.4375 0.7103
10000 1.4375 0.8148
10000 1.4375 0.7543
10000 1.4375 0.74
10000 1.4375 0.681
10000 1.4375 0.7697
10000 1.4375 0.652
10000 1.4375 0.4665
10000 1.4375 0.7593
10000 1.4375 0.8435
10000 1.4375 0.6779
10000 1.4375 0.8083
10000 1.4375 0.8354
10000 1.4375 0.7903
10000 1.4375 0.6299
10000 1.4375 0.5765
10000 1.4375 0.7383
10000 1.4375 0.8293
10000 1.4375 0.5064
10000 1.4375 0.7902
10000 1.4375 0.6652
10000 1.4375 0.7433
10000 1.4375 0.7844
10000 1.4375 0.821
10000 1.4375 0.6662
10000 1.4375 0.6797
10000 1.4375 0.7784
10000 1.4375 0.7959
10000 1.4375 0.8036
10000 1.4375 0.7903
10000 1.4375 0.7349
10000 1.4375 0.5574
10000 1.4375 0.5887
10000 1.4375 0.6967
10000 1.4375 0.8273
10000 1.4375 0.6834
10000 1.4375 0.8609
10000 1.4375 0.8351
10000 1.4375 0.8082
10000 1.4375 0.6464
10000 1.4375 0.7152
10000 1.4375 0.6923
10000 1.4375 0.564
10000 1.4375 0.7982
10000 1.4375 0.6251
10000 1.4375 0.8119
10000 1.4375 0.7747
10000 1.4375 0.7797
10000 1.4375 0.7929
10000 1.4375 0.5788
10000 1.4375 0.6422
10000 1.4375 0.7389
10000 1.4375 0.5688
10000 1.4375 0.8278
10000 1.4375 0.7373
10000 1.4375 0.7094
10000 1.4375 0.8226
10000 1.4375 0.5667
10000 1.4375 0.817
10000 1.4375 0.4454
10000 1.4375 0.6089
10000 1.4375 0.5451
10000 1.4375 0.7926
10000 1.4375 0.8399
10000 1.4375 0.5623
10000 1.4375 0.7402
10000 1.4375 0.4447
10000 1.4375 0.7517
10000 1.4375 0.8565
10000 1.4375 0.6823
10000 1.4375 0.732
10000 1.4375 0.7762
10000 1.4375 0.8251
10000 1.4375 0.585
10000 1.4375 0.8542
10000 1.4375 0.7914
10000 1.4375 0.7877
10000 1.4375 0.6781
10000 1.4375 0.8033
10000 1.4375 0.7936
10000 1.4375 0.8172
10000 1.4375 0.8133
10000 1.4375 0.698
10000 1.4375 0.8395
10000 1.4375 0.7856
10000 1.4375 0.7863
10000 1.4375 0.5207
10000 1.4375 0.8006
10000 1.4375 0.804
10000 1.4375 0.8023
10000 1.4375 0.7434
10000 1.4375 0.767
10000 1.4375 0.5983
10000 1.4375 0.8129
10000 1.4375 0.8132
10000 1.4375 0.7901
10000 1.4375 0.2772
10000 1.4375 0.7431
10000 1.4375 0.7663
10000 1.4375 0.868
10000 1.4375 0.8177
10000 1.4375 0.6927
10000 1.4375 0.5754
10000 1.4375 0.7318
10000 1.4375 0.8453
10000 1.4375 0.8071
10000 1.4375 0.2964
10000 1.4375 0.7266
10000 1.4375 0.8005
10000 1.4375 0.7576
10000 1.4375 0.6973
10000 1.4375 0.7407
10000 1.4375 0.7982
10000 1.4375 0.797
10000 1.4375 0.7426
10000 1.4375 0.6883
10000 1.4375 0.7788
10000 1.4375 0.7763
10000 1.4375 0.7709
10000 1.4375 0.7236
10000 1.4375 0.4942
10000 1.4375 0.6901
10000 1.4375 0.4258
10000 1.4375 0.4434
10000 1.4375 0.7932
10000 1.4375 0.7082
10000 1.4375 0.79
10000 1.4375 0.8129
10000 1.4375 0.7733
10000 1.4375 0.8495
10000 1.4375 0.7863
10000 1.4375 0.4165
10000 1.4375 0.7578
10000 1.4375 0.7855
10000 1.4375 0.8402
10000 1.4375 0.6168
10000 1.4375 0.8185
