1000000 1.4375 0.689208
1000000 1.4375 0.5382
1000000 1.4375 0.674427
1000000 1.4375 0.632188
1000000 1.4375 0.613955
1000000 1.4375 0.350985
1000000 1.4375 0.620887
1000000 1.4375 0.582665
1000000 1.4375 0.340136
1000000 1.4375 0.530755
1000000 1.4375 0.65571
1000000 1.4375 0.389652
1000000 1.4375 0.638441
1000000 1.4375 0.631267
1000000 1.4375 0.681642
1000000 1.4375 0.617215
1000000 1.4375 0.58841
1000000 1.4375 0.647872
1000000 1.4375 0.672395
1000000 1.4375 0.513672
1000000 1.4375 0.568349
1000000 1.4375 0.367592
1000000 1.4375 0.672457
1000000 1.4375 0.471523
1000000 1.4375 0.625047
1000000 1.4375 0.617639
1000000 1.4375 0.659669
1000000 1.4375 0.619079
1000000 1.4375 0.437925
1000000 1.4375 0.553254
1000000 1.4375 0.582861
1000000 1.4375 0.592916
1000000 1.4375 0.645317
1000000 1.4375 0.612067
1000000 1.4375 0.306139
1000000 1.4375 0.64804
1000000 1.4375 0.420561
1000000 1.4375 0.618014
1000000 1.4375 0.587808
1000000 1.4375 0.551777
1000000 1.4375 0.525521
1000000 1.4375 0.491533
1000000 1.4375 0.610745
1000000 1.4375 0.644743
1000000 1.4375 0.452247
1000000 1.4375 0.633728
1000000 1.4375 0.637339
1000000 1.4375 0.575487
1000000 1.4375 0.537266
1000000 1.4375 0.618586
1000000 1.4375 0.275488
1000000 1.4375 0.621704
1000000 1.4375 0.565906
1000000 1.4375 0.655768
1000000 1.4375 0.558814
1000000 1.4375 0.636905
1000000 1.4375 0.076054
1000000 1.4375 0.615124
1000000 1.4375 0.631742
1000000 1.4375 0.533739
1000000 1.4375 0.595379
1000000 1.4375 0.488842
1000000 1.4375 0.585396
1000000 1.4375 0.538019
1000000 1.4375 0.526912
1000000 1.4375 0.660075
1000000 1.4375 0.618506
1000000 1.4375 0.330065
1000000 1.4375 0.275082
1000000 1.4375 0.632183
1000000 1.4375 0.531922
1000000 1.4375 0.633599
1000000 1.4375 0.593633
1000000 1.4375 0.659475
1000000 1.4375 0.686777
1000000 1.4375 0.625069
1000000 1.4375 0.510841
1000000 1.4375 0.568143
1000000 1.4375 0.565522
1000000 1.4375 0.641303
1000000 1.4375 0.65928
1000000 1.4375 0.670648
1000000 1.4375 0.397758
1000000 1.4375 0.633985
1000000 1.4375 0.680005
1000000 1.4375 0.572485
1000000 1.4375 0.608231
1000000 1.4375 0.612368
1000000 1.4375 0.605272
1000000 1.4375 0.674946
1000000 1.4375 0.657986
1000000 1.4375 0.189386
1000000 1.4375 0.344328
1000000 1.4375 0.336131
1000000 1.4375 0.642247
1000000 1.4375 0.650001
1000000 1.4375 0.625591
1000000 1.4375 0.674511
1000000 1.4375 0.622425
1000000 1.4375 0.543029
1000000 1.4375 0.626331
1000000 1.4375 0.51779
1000000 1.4375 0.540557
1000000 1.4375 0.586076
1000000 1.4375 0.639071
1000000 1.4375 0.62818
1000000 1.4375 0.687175
1000000 1.4375 0.515674
1000000 1.4375 0.570182
1000000 1.4375 0.541658
1000000 1.4375 0.664788
1000000 1.4375 0.528024
1000000 1.4375 0.635963
1000000 1.4375 0.461925
1000000 1.4375 0.547596
1000000 1.4375 0.579646
1000000 1.4375 0.619545
1000000 1.4375 0.697387
1000000 1.4375 0.650949
1000000 1.4375 0.67215
1000000 1.4375 0.631418
1000000 1.4375 0.678676
1000000 1.4375 0.449023
1000000 1.4375 0.551328
1000000 1.4375 0.633872
1000000 1.4375 0.627616
1000000 1.4375 0.585295
1000000 1.4375 0.584722
1000000 1.4375 0.593193
1000000 1.4375 0.331159
1000000 1.4375 0.618443
1000000 1.4375 0.53017
1000000 1.4375 0.641662
1000000 1.4375 0.602171
1000000 1.4375 0.678164
1000000 1.4375 0.589069
1000000 1.4375 0.554778
1000000 1.4375 0.625348
1000000 1.4375 0.649058
1000000 1.4375 0.618576
1000000 1.4375 0.61442
1000000 1.4375 0.609817
1000000 1.4375 0.634192
1000000 1.4375 0.570511
1000000 1.4375 0.487075
1000000 1.4375 0.57018
1000000 1.4375 0.537624
1000000 1.4375 0.52326
1000000 1.4375 0.655476
1000000 1.4375 0.674374
1000000 1.4375 0.589248
1000000 1.4375 0.385054
1000000 1.4375 0.498123
1000000 1.4375 0.464046
1000000 1.4375 0.647833
1000000 1.4375 0.615781
1000000 1.4375 0.671837
1000000 1.4375 0.491401
1000000 1.4375 0.516189
1000000 1.4375 0.500726
1000000 1.4375 0.656058
1000000 1.4375 0.575186
1000000 1.4375 0.686658
1000000 1.4375 0.650739
1000000 1.4375 0.281994
1000000 1.4375 0.554174
1000000 1.4375 0.525465
1000000 1.4375 0.557654
1000000 1.4375 0.618202
1000000 1.4375 0.665011
1000000 1.4375 0.600837
1000000 1.4375 0.315997
1000000 1.4375 0.576936
1000000 1.4375 0.405614
1000000 1.4375 0.62765
1000000 1.4375 0.619906
1000000 1.4375 0.533536
1000000 1.4375 0.54259
1000000 1.4375 0.475395
1000000 1.4375 0.642139
1000000 1.4375 0.500356
1000000 1.4375 0.531873
1000000 1.4375 0.609548
1000000 1.4375 0.562994
1000000 1.4375 0.6589
1000000 1.4375 0.59037
1000000 1.4375 0.696299
1000000 1.4375 0.472207
1000000 1.4375 0.558235
1000000 1.4375 0.5594
1000000 1.4375 0.570975
1000000 1.4375 0.555286
1000000 1.4375 0.549132
1000000 1.4375 0.574514
1000000 1.4375 0.658428
1000000 1.4375 0.65305
1000000 1.4375 0.595727
1000000 1.4375 0.627455
1000000 1.4375 0.646434
1000000 1.4375 0.627957
1000000 1.4375 0.550444
1000000 1.4375 0.646598
1000000 1.4375 0.583985
1000000 1.4375 0.589612
1000000 1.4375 0.656964
1000000 1.4375 0.417906
1000000 1.4375 0.490071
1000000 1.4375 0.642824
1000000 1.4375 0.466159
1000000 1.4375 0.536352
1000000 1.4375 0.621085
1000000 1.4375 0.443214
1000000 1.4375 0.598329
1000000 1.4375 0.645725
1000000 1.4375 0.542448
1000000 1.4375 0.548506
1000000 1.4375 0.658767
1000000 1.4375 0.626314
1000000 1.4375 0.62176
1000000 1.4375 0.63432
1000000 1.4375 0.673062
1000000 1.4375 0.574302
1000000 1.4375 0.67667
1000000 1.4375 0.660678
1000000 1.4375 0.412397
1000000 1.4375 0.622373
1000000 1.4375 0.662024
1000000 1.4375 0.436801
1000000 1.4375 0.659669
1000000 1.4375 0.596293
1000000 1.4375 0.429472
1000000 1.4375 0.503217
1000000 1.4375 0.669342
1000000 1.4375 0.591992
1000000 1.4375 0.598143
1000000 1.4375 0.603624
1000000 1.4375 0.581862
1000000 1.4375 0.509178
1000000 1.4375 0.659775
1000000 1.4375 0.663487
1000000 1.4375 0.536252
1000000 1.4375 0.604944
1000000 1.4375 0.199586
1000000 1.4375 0.611962
1000000 1.4375 0.637401
1000000 1.4375 0.564577
1000000 1.4375 0.624415
1000000 1.4375 0.673616
1000000 1.4375 0.69434
1000000 1.4375 0.6621
1000000 1.4375 0.46477
1000000 1.4375 0.65842
1000000 1.4375 0.636015
1000000 1.4375 0.457807
1000000 1.4375 0.603616
1000000 1.4375 0.570685
1000000 1.4375 0.665448
1000000 1.4375 0.645923
1000000 1.4375 0.641167
1000000 1.4375 0.541165
1000000 1.4375 0.28899
1000000 1.4375 0.630461
1000000 1.4375 0.672647
1000000 1.4375 0.575531
1000000 1.4375 0.658062
1000000 1.4375 0.525705
1000000 1.4375 0.662869
1000000 1.4375 0.46097
1000000 1.4375 0.600276
1000000 1.4375 0.568804
1000000 1.4375 0.651392
1000000 1.4375 0.676201
1000000 1.4375 0.614664
1000000 1.4375 0.544979
1000000 1.4375 0.656224
1000000 1.4375 0.249505
1000000 1.4375 0.559147
1000000 1.4375 0.628304
1000000 1.4375 0.621933
1000000 1.4375 0.563236
1000000 1.4375 0.175634
1000000 1.4375 0.650043
1000000 1.4375 0.640745
1000000 1.4375 0.63314
1000000 1.4375 0.453246
1000000 1.4375 0.573154
1000000 1.4375 0.273551
1000000 1.4375 0.592495
1000000 1.4375 0.653692
1000000 1.4375 0.63181
1000000 1.4375 0.674719
1000000 1.4375 0.629185
1000000 1.4375 0.576573
1000000 1.4375 0.639197
1000000 1.4375 0.702943
1000000 1.4375 0.549147
1000000 1.4375 0.672296
1000000 1.4375 0.657266
1000000 1.4375 0.566181
1000000 1.4375 0.488893
1000000 1.4375 0.619926
1000000 1.4375 0.619113
1000000 1.4375 0.603354
1000000 1.4375 0.626837
1000000 1.4375 0.599485
1000000 1.4375 0.56944
1000000 1.4375 0.511749
1000000 1.4375 0.620615
1000000 1.4375 0.634389
1000000 1.4375 0.561343
1000000 1.4375 0.644933
1000000 1.4375 0.560641
1000000 1.4375 0.485474
1000000 1.4375 0.630065
1000000 1.4375 0.393491
1000000 1.4375 0.620981
1000000 1.4375 0.696424
1000000 1.4375 0.58157
1000000 1.4375 0.559456
1000000 1.4375 0.533636
1000000 1.4375 0.55707
1000000 1.4375 0.666042
1000000 1.4375 0.617167
1000000 1.4375 0.236537
1000000 1.4375 0.583004
1000000 1.4375 0.63828
1000000 1.4375 0.595228
1000000 1.4375 0.686569
1000000 1.4375 0.659416
1000000 1.4375 0.560283
1000000 1.4375 0.590108
1000000 1.4375 0.643214
1000000 1.4375 0.508481
1000000 1.4375 0.577744
1000000 1.4375 0.618392
1000000 1.4375 0.609235
1000000 1.4375 0.570048
1000000 1.4375 0.385049
1000000 1.4375 0.638137
1000000 1.4375 0.511971
1000000 1.4375 0.415279
1000000 1.4375 0.684858
1000000 1.4375 0.33138
1000000 1.4375 0.474926
1000000 1.4375 0.454436
1000000 1.4375 0.623619
1000000 1.4375 0.547194
1000000 1.4375 0.631713
1000000 1.4375 0.633332
1000000 1.4375 0.62617
1000000 1.4375 0.556287
1000000 1.4375 0.59727
1000000 1.4375 0.235944
1000000 1.4375 0.595189
1000000 1.4375 0.634894
1000000 1.4375 0.645342
1000000 1.4375 0.686837
1000000 1.4375 0.641187
1000000 1.4375 0.573176
1000000 1.4375 0.613583
1000000 1.4375 0.605681
1000000 1.4375 0.527926
1000000 1.4375 0.691698
1000000 1.4375 0.600808
1000000 1.4375 0.503521
1000000 1.4375 0.624265
1000000 1.4375 0.678176
1000000 1.4375 0.700037
1000000 1.4375 0.515134
1000000 1.4375 0.602481
1000000 1.4375 0.656387
1000000 1.4375 0.659457
1000000 1.4375 0.5978
1000000 1.4375 0.668477
1000000 1.4375 0.668973
1000000 1.4375 0.626936
1000000 1.4375 0.6392
1000000 1.4375 0.202929
1000000 1.4375 0.633485
1000000 1.4375 0.661542
1000000 1.4375 0.663602
1000000 1.4375 0.648673
1000000 1.4375 0.528993
1000000 1.4375 0.698389
1000000 1.4375 0.527746
1000000 1.4375 0.591428
1000000 1.4375 0.611525
1000000 1.4375 0.655078
1000000 1.4375 0.629972
1000000 1.4375 0.6472
1000000 1.4375 0.31256
1000000 1.4375 0.644054
1000000 1.4375 0.458851
1000000 1.4375 0.616494
1000000 1.4375 0.646239
1000000 1.4375 0.539868
1000000 1.4375 0.663119
1000000 1.4375 0.63175
1000000 1.4375 0.628207
1000000 1.4375 0.65916
1000000 1.4375 0.694009
1000000 1.4375 0.674786
1000000 1.4375 0.503536
1000000 1.4375 0.674381
1000000 1.4375 0.692197
1000000 1.4375 0.262128
1000000 1.4375 0.515443
1000000 1.4375 0.661123
1000000 1.4375 0.599175
1000000 1.4375 0.541122
1000000 1.4375 0.635244
1000000 1.4375 0.429524
1000000 1.4375 0.357416
1000000 1.4375 0.617291
1000000 1.4375 0.38038
1000000 1.4375 0.662766
1000000 1.4375 0.55408
1000000 1.4375 0.619397
1000000 1.4375 0.595567
1000000 1.4375 0.648611
1000000 1.4375 0.596297
1000000 1.4375 0.249174
1000000 1.4375 0.629213
1000000 1.4375 0.582649
1000000 1.4375 0.64161
1000000 1.4375 0.49589
1000000 1.4375 0.585982
1000000 1.4375 0.595565
1000000 1.4375 0.582222
1000000 1.4375 0.573653
1000000 1.4375 0.485972
1000000 1.4375 0.597441
1000000 1.4375 0.630609
1000000 1.4375 0.678271
1000000 1.4375 0.666
1000000 1.4375 0.508203
1000000 1.4375 0.677232
1000000 1.4375 0.611949
1000000 1.4375 0.521721
1000000 1.4375 0.645248
1000000 1.4375 0.522021
1000000 1.4375 0.589698
1000000 1.4375 0.619442
1000000 1.4375 0.602224
1000000 1.4375 0.669169
1000000 1.4375 0.306393
1000000 1.4375 0.6455
1000000 1.4375 0.695691
1000000 1.4375 0.426005
1000000 1.4375 0.591116
1000000 1.4375 0.67717
1000000 1.4375 0.595834
1000000 1.4375 0.551978
1000000 1.4375 0.593545
1000000 1.4375 0.570077
1000000 1.4375 0.651364
1000000 1.4375 0.607213
1000000 1.4375 0.705888
1000000 1.4375 0.584459
1000000 1.4375 0.655913
1000000 1.4375 0.435069
1000000 1.4375 0.641261
1000000 1.4375 0.67887
1000000 1.4375 0.665438
1000000 1.4375 0.510066
1000000 1.4375 0.619623
1000000 1.4375 0.550908
1000000 1.4375 0.65407
1000000 1.4375 0.618927
1000000 1.4375 0.663765
1000000 1.4375 0.525947
1000000 1.4375 0.632812
1000000 1.4375 0.564137
1000000 1.4375 0.543548
1000000 1.4375 0.606012
1000000 1.4375 0.626113
1000000 1.4375 0.599941
1000000 1.4375 0.600914
1000000 1.4375 0.437191
1000000 1.4375 0.615606
1000000 1.4375 0.439575
1000000 1.4375 0.630662
1000000 1.4375 0.646268
1000000 1.4375 0.619931
1000000 1.4375 0.574012
1000000 1.4375 0.544595
1000000 1.4375 0.689449
1000000 1.4375 0.630466
1000000 1.4375 0.620484
1000000 1.4375 0.563076
1000000 1.4375 0.273967
1000000 1.4375 0.525046
1000000 1.4375 0.606242
1000000 1.4375 0.318625
1000000 1.4375 0.374615
1000000 1.4375 0.513367
1000000 1.4375 0.447625
1000000 1.4375 0.661609
1000000 1.4375 0.478571
1000000 1.4375 0.636373
