1000000000 1.4375 0.51551
1000000000 1.4375 0.542752
1000000000 1.4375 0.499612
1000000000 1.4375 0.520188
1000000000 1.4375 0.518264
1000000000 1.4375 0.51433
1000000000 1.4375 0.526287
1000000000 1.4375 0.433672
1000000000 1.4375 0.495996
1000000000 1.4375 0.526777
1000000000 1.4375 0.492888
1000000000 1.4375 0.512512
1000000000 1.4375 0.514269
1000000000 1.4375 0.485097
1000000000 1.4375 0.520204
1000000000 1.4375 0.493347
1000000000 1.4375 0.516093
1000000000 1.4375 0.502695
1000000000 1.4375 0.49453
1000000000 1.4375 0.496598
