100000000 1.4375 0.492086
100000000 1.4375 0.534965
100000000 1.4375 0.502529
100000000 1.4375 0.5505
100000000 1.4375 0.337046
100000000 1.4375 0.534689
100000000 1.4375 0.540136
100000000 1.4375 0.362822
100000000 1.4375 0.406932
100000000 1.4375 0.558831
100000000 1.4375 0.49951
100000000 1.4375 0.503349
100000000 1.4375 0.551689
100000000 1.4375 0.50091
100000000 1.4375 0.540294
100000000 1.4375 0.486729
100000000 1.4375 0.525699
100000000 1.4375 0.521981
100000000 1.4375 0.526599
100000000 1.4375 0.491258
100000000 1.4375 0.502875
100000000 1.4375 0.519604
100000000 1.4375 0.546268
100000000 1.4375 0.531975
100000000 1.4375 0.535465
100000000 1.4375 0.558371
100000000 1.4375 0.492066
100000000 1.4375 0.54642
100000000 1.4375 0.468141
100000000 1.4375 0.499242
100000000 1.4375 0.45533
100000000 1.4375 0.559538
100000000 1.4375 0.560846
100000000 1.4375 0.538335
100000000 1.4375 0.578033
100000000 1.4375 0.538198
100000000 1.4375 0.461448
100000000 1.4375 0.51306
100000000 1.4375 0.463493
100000000 1.4375 0.542821
100000000 1.4375 0.510766
100000000 1.4375 0.494282
100000000 1.4375 0.50261
100000000 1.4375 0.540792
100000000 1.4375 0.510045
100000000 1.4375 0.49157
100000000 1.4375 0.521596
100000000 1.4375 0.500404
100000000 1.4375 0.491342
100000000 1.4375 0.489818
100000000 1.4375 0.547266
100000000 1.4375 0.424432
100000000 1.4375 0.529932
100000000 1.4375 0.532321
100000000 1.4375 0.521409
100000000 1.4375 0.438821
100000000 1.4375 0.582405
100000000 1.4375 0.566902
100000000 1.4375 0.493581
100000000 1.4375 0.479992
100000000 1.4375 0.448681
100000000 1.4375 0.486323
100000000 1.4375 0.510018
100000000 1.4375 0.487222
100000000 1.4375 0.479465
100000000 1.4375 0.544155
100000000 1.4375 0.489253
100000000 1.4375 0.426319
100000000 1.4375 0.536714
100000000 1.4375 0.549802
100000000 1.4375 0.564948
100000000 1.4375 0.381831
100000000 1.4375 0.506642
100000000 1.4375 0.529936
100000000 1.4375 0.413741
100000000 1.4375 0.520909
100000000 1.4375 0.557336
100000000 1.4375 0.523792
100000000 1.4375 0.539303
100000000 1.4375 0.536318
100000000 1.4375 0.546847
100000000 1.4375 0.524495
100000000 1.4375 0.465905
100000000 1.4375 0.516568
100000000 1.4375 0.508767
100000000 1.4375 0.52647
100000000 1.4375 0.566119
100000000 1.4375 0.491763
100000000 1.4375 0.537108
100000000 1.4375 0.5435
100000000 1.4375 0.485656
100000000 1.4375 0.547405
100000000 1.4375 0.494419
100000000 1.4375 0.500933
100000000 1.4375 0.502476
100000000 1.4375 0.462182
100000000 1.4375 0.532774
100000000 1.4375 0.559543
100000000 1.4375 0.552117
100000000 1.4375 0.373012
100000000 1.4375 0.479394
100000000 1.4375 0.411978
100000000 1.4375 0.535261
100000000 1.4375 0.299617
100000000 1.4375 0.425339
100000000 1.4375 0.565101
100000000 1.4375 0.481038
100000000 1.4375 0.560737
100000000 1.4375 0.336469
100000000 1.4375 0.535144
100000000 1.4375 0.493301
100000000 1.4375 0.523655
100000000 1.4375 0.502831
100000000 1.4375 0.544604
100000000 1.4375 0.52357
100000000 1.4375 0.512372
100000000 1.4375 0.491373
100000000 1.4375 0.510688
100000000 1.4375 0.531198
100000000 1.4375 0.526087
100000000 1.4375 0.513757
100000000 1.4375 0.556086
100000000 1.4375 0.520307
100000000 1.4375 0.548208
100000000 1.4375 0.537151
100000000 1.4375 0.544252
100000000 1.4375 0.378513
100000000 1.4375 0.482345
100000000 1.4375 0.556665
100000000 1.4375 0.503326
100000000 1.4375 0.406379
100000000 1.4375 0.544118
100000000 1.4375 0.502464
100000000 1.4375 0.513419
100000000 1.4375 0.458174
100000000 1.4375 0.505129
100000000 1.4375 0.54013
100000000 1.4375 0.518407
100000000 1.4375 0.549815
100000000 1.4375 0.571595
100000000 1.4375 0.467315
100000000 1.4375 0.555029
100000000 1.4375 0.527717
100000000 1.4375 0.520906
100000000 1.4375 0.40636
100000000 1.4375 0.426498
100000000 1.4375 0.496163
100000000 1.4375 0.537086
100000000 1.4375 0.531471
100000000 1.4375 0.541919
100000000 1.4375 0.512919
100000000 1.4375 0.508347
100000000 1.4375 0.545518
100000000 1.4375 0.543473
100000000 1.4375 0.559309
100000000 1.4375 0.456416
100000000 1.4375 0.51489
100000000 1.4375 0.485138
100000000 1.4375 0.550547
100000000 1.4375 0.538828
100000000 1.4375 0.466223
100000000 1.4375 0.530775
100000000 1.4375 0.514161
100000000 1.4375 0.451829
100000000 1.4375 0.49088
100000000 1.4375 0.533656
100000000 1.4375 0.553743
100000000 1.4375 0.553939
100000000 1.4375 0.528423
100000000 1.4375 0.498904
100000000 1.4375 0.274242
100000000 1.4375 0.530196
100000000 1.4375 0.512282
100000000 1.4375 0.493617
100000000 1.4375 0.487674
100000000 1.4375 0.563653
100000000 1.4375 0.526035
100000000 1.4375 0.546701
100000000 1.4375 0.497423
100000000 1.4375 0.546876
100000000 1.4375 0.521247
100000000 1.4375 0.411743
100000000 1.4375 0.571286
100000000 1.4375 0.524419
100000000 1.4375 0.559073
100000000 1.4375 0.483605
100000000 1.4375 0.532601
100000000 1.4375 0.517271
100000000 1.4375 0.500493
100000000 1.4375 0.50815
100000000 1.4375 0.545583
100000000 1.4375 0.508927
100000000 1.4375 0.567318
100000000 1.4375 0.548083
100000000 1.4375 0.513461
100000000 1.4375 0.552881
100000000 1.4375 0.523316
100000000 1.4375 0.411803
100000000 1.4375 0.563999
100000000 1.4375 0.525794
