100000 1.4375 0.70577
100000 1.4375 0.55284
100000 1.4375 0.71904
100000 1.4375 0.51068
100000 1.4375 0.78859
100000 1.4375 0.67965
100000 1.4375 0.6963
100000 1.4375 0.4215
100000 1.4375 0.66197
100000 1.4375 0.66737
100000 1.4375 0.70279
100000 1.4375 0.61454
100000 1.4375 0.58314
100000 1.4375 0.62663
100000 1.4375 0.70982
100000 1.4375 0.53421
100000 1.4375 0.64322
100000 1.4375 0.72519
100000 1.4375 0.54226
100000 1.4375 0.42676
100000 1.4375 0.6645
100000 1.4375 0.25371
100000 1.4375 0.66421
100000 1.4375 0.65064
100000 1.4375 0.7424
100000 1.4375 0.73102
100000 1.4375 0.66932
100000 1.4375 0.68937
100000 1.4375 0.72193
100000 1.4375 0.70763
100000 1.4375 0.74107
100000 1.4375 0.56387
100000 1.4375 0.73297
100000 1.4375 0.63515
100000 1.4375 0.65547
100000 1.4375 0.44136
100000 1.4375 0.70682
100000 1.4375 0.71803
100000 1.4375 0.73077
100000 1.4375 0.64942
100000 1.4375 0.60051
100000 1.4375 0.63704
100000 1.4375 0.568
100000 1.4375 0.76418
100000 1.4375 0.38928
100000 1.4375 0.39174
100000 1.4375 0.67107
100000 1.4375 0.66386
100000 1.4375 0.75536
100000 1.4375 0.72615
100000 1.4375 0.76555
100000 1.4375 0.725
100000 1.4375 0.69335
100000 1.4375 0.46053
100000 1.4375 0.69634
100000 1.4375 0.44703
100000 1.4375 0.71138
100000 1.4375 0.7161
100000 1.4375 0.67538
100000 1.4375 0.71734
100000 1.4375 0.71933
100000 1.4375 0.61817
100000 1.4375 0.4643
100000 1.4375 0.77479
100000 1.4375 0.55947
100000 1.4375 0.46374
100000 1.4375 0.56027
100000 1.4375 0.56612
100000 1.4375 0.55635
100000 1.4375 0.61484
100000 1.4375 0.67926
100000 1.4375 0.67074
100000 1.4375 0.26256
100000 1.4375 0.60813
100000 1.4375 0.72893
100000 1.4375 0.62791
100000 1.4375 0.47114
100000 1.4375 0.73379
100000 1.4375 0.7358
100000 1.4375 0.76115
100000 1.4375 0.44053
100000 1.4375 0.70284
100000 1.4375 0.66238
100000 1.4375 0.75086
100000 1.4375 0.68918
100000 1.4375 0.54081
100000 1.4375 0.67149
100000 1.4375 0.69538
100000 1.4375 0.59347
100000 1.4375 0.72243
100000 1.4375 0.72263
100000 1.4375 0.70756
100000 1.4375 0.63186
100000 1.4375 0.71716
100000 1.4375 0.43829
100000 1.4375 0.6751
100000 1.4375 0.46413
100000 1.4375 0.67062
100000 1.4375 0.57801
100000 1.4375 0.65517
100000 1.4375 0.69593
100000 1.4375 0.69187
100000 1.4375 0.66166
100000 1.4375 0.68737
100000 1.4375 0.33546
100000 1.4375 0.71073
100000 1.4375 0.69248
100000 1.4375 0.48637
100000 1.4375 0.64688
100000 1.4375 0.40198
100000 1.4375 0.66614
100000 1.4375 0.64963
100000 1.4375 0.70901
100000 1.4375 0.57859
100000 1.4375 0.75082
100000 1.4375 0.53369
100000 1.4375 0.71666
100000 1.4375 0.53915
100000 1.4375 0.6663
100000 1.4375 0.5178
100000 1.4375 0.72679
100000 1.4375 0.60599
100000 1.4375 0.54167
100000 1.4375 0.73643
100000 1.4375 0.71841
100000 1.4375 0.66032
100000 1.4375 0.73634
100000 1.4375 0.59152
100000 1.4375 0.63088
100000 1.4375 0.68161
100000 1.4375 0.48987
100000 1.4375 0.63247
100000 1.4375 0.77437
100000 1.4375 0.61531
100000 1.4375 0.51856
100000 1.4375 0.36227
100000 1.4375 0.70136
100000 1.4375 0.64206
100000 1.4375 0.46246
100000 1.4375 0.41606
100000 1.4375 0.36034
100000 1.4375 0.75338
100000 1.4375 0.70773
100000 1.4375 0.52322
100000 1.4375 0.52935
100000 1.4375 0.74472
100000 1.4375 0.72537
100000 1.4375 0.5645
100000 1.4375 0.62064
100000 1.4375 0.66669
100000 1.4375 0.74168
100000 1.4375 0.72551
100000 1.4375 0.3955
100000 1.4375 0.59475
100000 1.4375 0.72693
100000 1.4375 0.59136
100000 1.4375 0.71718
100000 1.4375 0.7052
100000 1.4375 0.38524
100000 1.4375 0.68176
100000 1.4375 0.56183
100000 1.4375 0.35502
100000 1.4375 0.60269
100000 1.4375 0.73312
100000 1.4375 0.22137
100000 1.4375 0.72003
100000 1.4375 0.74232
100000 1.4375 0.61035
100000 1.4375 0.74551
100000 1.4375 0.63175
100000 1.4375 0.72172
100000 1.4375 0.70777
100000 1.4375 0.6774
100000 1.4375 0.65996
100000 1.4375 0.65055
100000 1.4375 0.52794
100000 1.4375 0.56975
100000 1.4375 0.7506
100000 1.4375 0.61669
100000 1.4375 0.59839
100000 1.4375 0.72896
100000 1.4375 0.50461
100000 1.4375 0.68033
100000 1.4375 0.665
100000 1.4375 0.62502
100000 1.4375 0.62122
100000 1.4375 0.74695
100000 1.4375 0.50649
100000 1.4375 0.63953
100000 1.4375 0.70076
100000 1.4375 0.67892
100000 1.4375 0.72795
100000 1.4375 0.34148
100000 1.4375 0.34764
100000 1.4375 0.6651
100000 1.4375 0.44484
100000 1.4375 0.64196
100000 1.4375 0.59471
100000 1.4375 0.67628
100000 1.4375 0.62415
100000 1.4375 0.29163
100000 1.4375 0.73778
100000 1.4375 0.7072
100000 1.4375 0.48084
100000 1.4375 0.59361
100000 1.4375 0.67556
100000 1.4375 0.64809
100000 1.4375 0.67076
100000 1.4375 0.61495
100000 1.4375 0.56797
100000 1.4375 0.72302
100000 1.4375 0.65813
100000 1.4375 0.66349
100000 1.4375 0.65265
100000 1.4375 0.5119
100000 1.4375 0.56766
100000 1.4375 0.62206
100000 1.4375 0.74141
100000 1.4375 0.7374
100000 1.4375 0.66642
100000 1.4375 0.33598
100000 1.4375 0.60027
100000 1.4375 0.61552
100000 1.4375 0.48769
100000 1.4375 0.74111
100000 1.4375 0.70976
100000 1.4375 0.56135
100000 1.4375 0.73294
100000 1.4375 0.63822
100000 1.4375 0.68817
100000 1.4375 0.7475
100000 1.4375 0.49222
100000 1.4375 0.78475
100000 1.4375 0.72206
100000 1.4375 0.59097
100000 1.4375 0.71657
100000 1.4375 0.66058
100000 1.4375 0.72344
100000 1.4375 0.54844
100000 1.4375 0.56081
100000 1.4375 0.70067
100000 1.4375 0.52316
100000 1.4375 0.74802
100000 1.4375 0.65862
100000 1.4375 0.7115
100000 1.4375 0.65351
100000 1.4375 0.72516
100000 1.4375 0.65342
100000 1.4375 0.7042
100000 1.4375 0.72969
100000 1.4375 0.49589
100000 1.4375 0.76224
100000 1.4375 0.58406
100000 1.4375 0.55926
100000 1.4375 0.72011
100000 1.4375 0.4791
100000 1.4375 0.57215
100000 1.4375 0.46087
100000 1.4375 0.64387
100000 1.4375 0.54673
100000 1.4375 0.74023
100000 1.4375 0.52682
100000 1.4375 0.5399
100000 1.4375 0.33953
100000 1.4375 0.49329
100000 1.4375 0.7414
100000 1.4375 0.71289
100000 1.4375 0.74325
100000 1.4375 0.66808
100000 1.4375 0.76599
100000 1.4375 0.69647
100000 1.4375 0.74467
100000 1.4375 0.43731
100000 1.4375 0.68041
100000 1.4375 0.47629
100000 1.4375 0.66075
100000 1.4375 0.6883
100000 1.4375 0.63831
100000 1.4375 0.58617
100000 1.4375 0.57353
100000 1.4375 0.43787
100000 1.4375 0.76128
100000 1.4375 0.51913
100000 1.4375 0.75786
100000 1.4375 0.3775
100000 1.4375 0.7046
100000 1.4375 0.55449
100000 1.4375 0.56363
100000 1.4375 0.79268
100000 1.4375 0.37281
100000 1.4375 0.72242
100000 1.4375 0.61107
100000 1.4375 0.71935
100000 1.4375 0.64772
100000 1.4375 0.71961
100000 1.4375 0.71649
100000 1.4375 0.57682
100000 1.4375 0.64335
100000 1.4375 0.6121
100000 1.4375 0.50279
100000 1.4375 0.65882
100000 1.4375 0.7034
100000 1.4375 0.7303
100000 1.4375 0.47459
100000 1.4375 0.56604
100000 1.4375 0.73047
100000 1.4375 0.71756
100000 1.4375 0.71167
100000 1.4375 0.72226
100000 1.4375 0.74474
100000 1.4375 0.74696
100000 1.4375 0.74894
100000 1.4375 0.56188
100000 1.4375 0.39966
100000 1.4375 0.64988
100000 1.4375 0.71554
100000 1.4375 0.52839
100000 1.4375 0.70201
100000 1.4375 0.68199
100000 1.4375 0.40235
100000 1.4375 0.61319
100000 1.4375 0.69961
100000 1.4375 0.70178
100000 1.4375 0.73642
100000 1.4375 0.74349
100000 1.4375 0.61711
100000 1.4375 0.76254
100000 1.4375 0.59873
100000 1.4375 0.70236
100000 1.4375 0.5495
100000 1.4375 0.7136
100000 1.4375 0.47378
100000 1.4375 0.57832
100000 1.4375 0.62874
100000 1.4375 0.33056
100000 1.4375 0.68298
100000 1.4375 0.77683
100000 1.4375 0.67058
100000 1.4375 0.56268
100000 1.4375 0.66345
100000 1.4375 0.41844
100000 1.4375 0.47772
100000 1.4375 0.69063
100000 1.4375 0.67491
100000 1.4375 0.5913
100000 1.4375 0.59292
100000 1.4375 0.77044
100000 1.4375 0.76143
100000 1.4375 0.7347
100000 1.4375 0.75006
100000 1.4375 0.50284
100000 1.4375 0.5451
100000 1.4375 0.68385
100000 1.4375 0.78824
100000 1.4375 0.47359
100000 1.4375 0.6234
100000 1.4375 0.48967
100000 1.4375 0.65501
100000 1.4375 0.58152
100000 1.4375 0.59853
100000 1.4375 0.55354
100000 1.4375 0.75159
100000 1.4375 0.70927
100000 1.4375 0.40652
100000 1.4375 0.75784
100000 1.4375 0.7446
100000 1.4375 0.73267
100000 1.4375 0.60897
100000 1.4375 0.52901
100000 1.4375 0.64111
100000 1.4375 0.27765
100000 1.4375 0.45905
100000 1.4375 0.74437
100000 1.4375 0.68741
100000 1.4375 0.79188
100000 1.4375 0.64982
100000 1.4375 0.68711
100000 1.4375 0.61358
100000 1.4375 0.56155
100000 1.4375 0.66407
100000 1.4375 0.51312
100000 1.4375 0.66704
100000 1.4375 0.4594
100000 1.4375 0.68457
100000 1.4375 0.38187
100000 1.4375 0.24926
100000 1.4375 0.60565
100000 1.4375 0.44142
100000 1.4375 0.36876
100000 1.4375 0.7575
100000 1.4375 0.71253
100000 1.4375 0.32667
100000 1.4375 0.66024
100000 1.4375 0.53763
100000 1.4375 0.45681
100000 1.4375 0.63457
100000 1.4375 0.53312
100000 1.4375 0.72475
100000 1.4375 0.61143
100000 1.4375 0.68692
100000 1.4375 0.72566
100000 1.4375 0.65932
100000 1.4375 0.56932
100000 1.4375 0.63145
100000 1.4375 0.68661
100000 1.4375 0.75797
100000 1.4375 0.57668
100000 1.4375 0.6706
100000 1.4375 0.6398
100000 1.4375 0.70035
100000 1.4375 0.26959
100000 1.4375 0.54925
100000 1.4375 0.60931
100000 1.4375 0.71881
100000 1.4375 0.43831
100000 1.4375 0.7123
100000 1.4375 0.72222
100000 1.4375 0.68315
100000 1.4375 0.6782
100000 1.4375 0.30925
100000 1.4375 0.62736
100000 1.4375 0.67324
100000 1.4375 0.53311
100000 1.4375 0.38434
100000 1.4375 0.74324
100000 1.4375 0.75068
100000 1.4375 0.71158
100000 1.4375 0.67896
100000 1.4375 0.33432
100000 1.4375 0.58182
100000 1.4375 0.70532
100000 1.4375 0.65536
100000 1.4375 0.66531
100000 1.4375 0.66928
100000 1.4375 0.64761
100000 1.4375 0.67836
100000 1.4375 0.5958
100000 1.4375 0.77472
100000 1.4375 0.43725
100000 1.4375 0.57172
100000 1.4375 0.66817
100000 1.4375 0.67093
100000 1.4375 0.56936
100000 1.4375 0.7112
100000 1.4375 0.80062
100000 1.4375 0.58324
100000 1.4375 0.31572
100000 1.4375 0.56892
100000 1.4375 0.6478
100000 1.4375 0.62774
100000 1.4375 0.67806
100000 1.4375 0.66037
100000 1.4375 0.57386
100000 1.4375 0.57258
100000 1.4375 0.66407
100000 1.4375 0.68599
100000 1.4375 0.61768
100000 1.4375 0.69279
100000 1.4375 0.72136
100000 1.4375 0.74156
100000 1.4375 0.75243
100000 1.4375 0.59256
100000 1.4375 0.72368
100000 1.4375 0.75594
100000 1.4375 0.78114
100000 1.4375 0.63263
100000 1.4375 0.66825
100000 1.4375 0.67833
100000 1.4375 0.73811
100000 1.4375 0.72144
100000 1.4375 0.54162
100000 1.4375 0.70923
100000 1.4375 0.69679
100000 1.4375 0.71934
100000 1.4375 0.67881
100000 1.4375 0.68451
100000 1.4375 0.70152
100000 1.4375 0.67495
100000 1.4375 0.59127
100000 1.4375 0.66181
100000 1.4375 0.60632
100000 1.4375 0.58523
100000 1.4375 0.42319
100000 1.4375 0.70885
100000 1.4375 0.71758
100000 1.4375 0.78097
100000 1.4375 0.69084
100000 1.4375 0.72411
100000 1.4375 0.69511
100000 1.4375 0.56125
100000 1.4375 0.7758
100000 1.4375 0.68477
100000 1.4375 0.6198
100000 1.4375 0.45188
100000 1.4375 0.774
100000 1.4375 0.69399
100000 1.4375 0.64175
100000 1.4375 0.63869
100000 1.4375 0.56215
100000 1.4375 0.7368
100000 1.4375 0.66507
100000 1.4375 0.66358
100000 1.4375 0.59449
100000 1.4375 0.72708
100000 1.4375 0.6834
100000 1.4375 0.72481
100000 1.4375 0.70873
100000 1.4375 0.49033
100000 1.4375 0.6731
100000 1.4375 0.65331
100000 1.4375 0.75012
100000 1.4375 0.67637
100000 1.4375 0.69815
100000 1.4375 0.65962
100000 1.4375 0.73257
100000 1.4375 0.65431
100000 1.4375 0.35417
100000 1.4375 0.70667
100000 1.4375 0.73095
100000 1.4375 0.70226
100000 1.4375 0.54126
100000 1.4375 0.63748
100000 1.4375 0.57965
100000 1.4375 0.46974
100000 1.4375 0.66519
100000 1.4375 0.6677
100000 1.4375 0.61385
100000 1.4375 0.54272
100000 1.4375 0.61338
100000 1.4375 0.69326
100000 1.4375 0.63848
100000 1.4375 0.74139
100000 1.4375 0.70587
100000 1.4375 0.63885
100000 1.4375 0.78974
100000 1.4375 0.71888
100000 1.4375 0.68119
100000 1.4375 0.40199
100000 1.4375 0.69729
100000 1.4375 0.53634
100000 1.4375 0.50444
100000 1.4375 0.68496
100000 1.4375 0.59063
100000 1.4375 0.74911
100000 1.4375 0.62427
100000 1.4375 0.6922
100000 1.4375 0.56983
100000 1.4375 0.65459
100000 1.4375 0.78884
100000 1.4375 0.72088
100000 1.4375 0.59081
100000 1.4375 0.66372
100000 1.4375 0.72729
100000 1.4375 0.74408
100000 1.4375 0.60901
100000 1.4375 0.59158
100000 1.4375 0.6933
100000 1.4375 0.69513
100000 1.4375 0.55356
100000 1.4375 0.66216
100000 1.4375 0.65291
100000 1.4375 0.76022
100000 1.4375 0.7193
100000 1.4375 0.73017
100000 1.4375 0.65837
100000 1.4375 0.6077
100000 1.4375 0.74863
100000 1.4375 0.69587
100000 1.4375 0.49885
100000 1.4375 0.65931
100000 1.4375 0.59195
100000 1.4375 0.30737
100000 1.4375 0.64333
100000 1.4375 0.68748
100000 1.4375 0.71583
100000 1.4375 0.54693
100000 1.4375 0.479
100000 1.4375 0.74203
100000 1.4375 0.7403
100000 1.4375 0.61563
100000 1.4375 0.673
100000 1.4375 0.72485
100000 1.4375 0.64537
100000 1.4375 0.65226
100000 1.4375 0.38699
100000 1.4375 0.40292
100000 1.4375 0.69989
100000 1.4375 0.33557
100000 1.4375 0.60804
100000 1.4375 0.78012
100000 1.4375 0.59366
100000 1.4375 0.59884
100000 1.4375 0.75831
100000 1.4375 0.68617
100000 1.4375 0.56982
100000 1.4375 0.73592
100000 1.4375 0.43411
100000 1.4375 0.68301
100000 1.4375 0.69219
100000 1.4375 0.67517
100000 1.4375 0.65798
100000 1.4375 0.71674
100000 1.4375 0.59483
100000 1.4375 0.6967
100000 1.4375 0.7241
100000 1.4375 0.57447
100000 1.4375 0.72586
100000 1.4375 0.75457
100000 1.4375 0.67967
100000 1.4375 0.60268
100000 1.4375 0.66705
100000 1.4375 0.67764
100000 1.4375 0.6912
100000 1.4375 0.66024
100000 1.4375 0.72042
100000 1.4375 0.7477
100000 1.4375 0.69294
100000 1.4375 0.70681
100000 1.4375 0.6821
100000 1.4375 0.7365
100000 1.4375 0.39323
100000 1.4375 0.65896
100000 1.4375 0.63866
100000 1.4375 0.58402
100000 1.4375 0.69166
100000 1.4375 0.72235
100000 1.4375 0.72976
100000 1.4375 0.6445
100000 1.4375 0.70092
100000 1.4375 0.71809
100000 1.4375 0.54203
100000 1.4375 0.66032
100000 1.4375 0.67697
100000 1.4375 0.71468
100000 1.4375 0.74757
100000 1.4375 0.72232
100000 1.4375 0.3523
100000 1.4375 0.59344
100000 1.4375 0.38376
100000 1.4375 0.59893
100000 1.4375 0.59959
100000 1.4375 0.79116
100000 1.4375 0.7077
100000 1.4375 0.78386
100000 1.4375 0.73604
100000 1.4375 0.53793
100000 1.4375 0.72624
100000 1.4375 0.69793
100000 1.4375 0.76701
100000 1.4375 0.59579
100000 1.4375 0.74364
100000 1.4375 0.52885
100000 1.4375 0.45098
100000 1.4375 0.72994
100000 1.4375 0.66322
100000 1.4375 0.63009
100000 1.4375 0.48589
100000 1.4375 0.7043
100000 1.4375 0.68787
100000 1.4375 0.65625
100000 1.4375 0.62854
100000 1.4375 0.68261
100000 1.4375 0.52839
100000 1.4375 0.66575
100000 1.4375 0.39095
100000 1.4375 0.73326
100000 1.4375 0.70279
100000 1.4375 0.52145
100000 1.4375 0.69871
100000 1.4375 0.48931
100000 1.4375 0.65668
100000 1.4375 0.78442
100000 1.4375 0.69884
100000 1.4375 0.75343
100000 1.4375 0.76358
100000 1.4375 0.63385
100000 1.4375 0.41555
100000 1.4375 0.35575
100000 1.4375 0.66884
100000 1.4375 0.65794
100000 1.4375 0.70145
100000 1.4375 0.48261
100000 1.4375 0.25183
100000 1.4375 0.64638
100000 1.4375 0.55309
100000 1.4375 0.6922
100000 1.4375 0.71135
100000 1.4375 0.57832
100000 1.4375 0.68651
100000 1.4375 0.6066
100000 1.4375 0.74332
100000 1.4375 0.70246
100000 1.4375 0.74254
100000 1.4375 0.56455
100000 1.4375 0.63752
100000 1.4375 0.71978
100000 1.4375 0.7321
100000 1.4375 0.37388
100000 1.4375 0.46597
100000 1.4375 0.64772
100000 1.4375 0.62234
100000 1.4375 0.75727
100000 1.4375 0.71059
100000 1.4375 0.54896
100000 1.4375 0.56193
100000 1.4375 0.66633
100000 1.4375 0.71975
100000 1.4375 0.67413
100000 1.4375 0.66159
100000 1.4375 0.76294
100000 1.4375 0.77745
100000 1.4375 0.65101
100000 1.4375 0.41924
100000 1.4375 0.68133
100000 1.4375 0.60287
100000 1.4375 0.54114
100000 1.4375 0.61592
100000 1.4375 0.67455
100000 1.4375 0.7143
100000 1.4375 0.66545
100000 1.4375 0.6418
100000 1.4375 0.65089
100000 1.4375 0.32542
100000 1.4375 0.48113
100000 1.4375 0.45389
100000 1.4375 0.64837
100000 1.4375 0.58558
100000 1.4375 0.55094
100000 1.4375 0.45911
100000 1.4375 0.71623
100000 1.4375 0.69306
100000 1.4375 0.70419
100000 1.4375 0.74747
100000 1.4375 0.69519
100000 1.4375 0.44328
100000 1.4375 0.62742
100000 1.4375 0.65894
100000 1.4375 0.55761
100000 1.4375 0.55689
100000 1.4375 0.68791
100000 1.4375 0.58366
100000 1.4375 0.76169
100000 1.4375 0.75118
100000 1.4375 0.75447
100000 1.4375 0.74552
100000 1.4375 0.53198
100000 1.4375 0.65372
100000 1.4375 0.66421
100000 1.4375 0.6888
100000 1.4375 0.67113
100000 1.4375 0.64744
100000 1.4375 0.69463
100000 1.4375 0.67877
100000 1.4375 0.75457
100000 1.4375 0.39262
100000 1.4375 0.68803
100000 1.4375 0.47698
100000 1.4375 0.63534
100000 1.4375 0.62924
100000 1.4375 0.7277
100000 1.4375 0.29086
100000 1.4375 0.47622
100000 1.4375 0.4836
100000 1.4375 0.56922
100000 1.4375 0.65651
100000 1.4375 0.71842
100000 1.4375 0.72175
100000 1.4375 0.58652
100000 1.4375 0.69338
100000 1.4375 0.6735
100000 1.4375 0.64893
100000 1.4375 0.74778
100000 1.4375 0.59112
100000 1.4375 0.31446
100000 1.4375 0.64478
100000 1.4375 0.36274
100000 1.4375 0.57845
100000 1.4375 0.65866
100000 1.4375 0.71569
100000 1.4375 0.77609
100000 1.4375 0.63123
100000 1.4375 0.66918
100000 1.4375 0.77969
100000 1.4375 0.41326
100000 1.4375 0.36003
100000 1.4375 0.64695
100000 1.4375 0.72206
100000 1.4375 0.61667
100000 1.4375 0.64478
100000 1.4375 0.70748
100000 1.4375 0.68885
100000 1.4375 0.62676
100000 1.4375 0.34839
100000 1.4375 0.46115
100000 1.4375 0.72079
100000 1.4375 0.71302
100000 1.4375 0.64533
100000 1.4375 0.69608
100000 1.4375 0.76753
100000 1.4375 0.62651
100000 1.4375 0.66326
100000 1.4375 0.65467
100000 1.4375 0.49919
100000 1.4375 0.66118
100000 1.4375 0.64382
100000 1.4375 0.67864
100000 1.4375 0.74969
100000 1.4375 0.67273
100000 1.4375 0.55182
100000 1.4375 0.48353
100000 1.4375 0.69171
100000 1.4375 0.75238
100000 1.4375 0.66456
100000 1.4375 0.56681
100000 1.4375 0.48136
100000 1.4375 0.19477
100000 1.4375 0.72922
100000 1.4375 0.66003
100000 1.4375 0.71786
100000 1.4375 0.74461
100000 1.4375 0.64487
100000 1.4375 0.6432
100000 1.4375 0.74094
100000 1.4375 0.55486
100000 1.4375 0.47399
100000 1.4375 0.77042
100000 1.4375 0.7002
100000 1.4375 0.67745
100000 1.4375 0.65401
100000 1.4375 0.70495
100000 1.4375 0.52579
100000 1.4375 0.6223
100000 1.4375 0.61638
100000 1.4375 0.72109
100000 1.4375 0.67655
100000 1.4375 0.71779
100000 1.4375 0.77335
100000 1.4375 0.72499
100000 1.4375 0.60708
100000 1.4375 0.73888
100000 1.4375 0.4869
100000 1.4375 0.56297
100000 1.4375 0.7321
100000 1.4375 0.65323
100000 1.4375 0.30134
100000 1.4375 0.68627
100000 1.4375 0.78334
100000 1.4375 0.73785
100000 1.4375 0.73866
100000 1.4375 0.65618
100000 1.4375 0.68028
100000 1.4375 0.65598
100000 1.4375 0.52066
100000 1.4375 0.62004
100000 1.4375 0.40868
100000 1.4375 0.56626
100000 1.4375 0.68881
100000 1.4375 0.49917
100000 1.4375 0.43845
100000 1.4375 0.72514
100000 1.4375 0.20508
100000 1.4375 0.65967
100000 1.4375 0.3996
100000 1.4375 0.71329
100000 1.4375 0.7394
100000 1.4375 0.66884
100000 1.4375 0.60542
100000 1.4375 0.4685
100000 1.4375 0.72823
100000 1.4375 0.66683
100000 1.4375 0.71821
100000 1.4375 0.55616
100000 1.4375 0.56532
100000 1.4375 0.34334
100000 1.4375 0.71122
100000 1.4375 0.72656
100000 1.4375 0.69707
100000 1.4375 0.63755
100000 1.4375 0.57003
100000 1.4375 0.68955
100000 1.4375 0.49842
100000 1.4375 0.72918
100000 1.4375 0.69111
100000 1.4375 0.69592
100000 1.4375 0.70428
100000 1.4375 0.6606
100000 1.4375 0.66885
100000 1.4375 0.68403
100000 1.4375 0.69887
100000 1.4375 0.68418
100000 1.4375 0.78129
100000 1.4375 0.73573
100000 1.4375 0.60999
100000 1.4375 0.55191
100000 1.4375 0.68686
100000 1.4375 0.68252
100000 1.4375 0.45431
100000 1.4375 0.63202
100000 1.4375 0.68412
100000 1.4375 0.70646
100000 1.4375 0.69535
100000 1.4375 0.61514
100000 1.4375 0.65134
100000 1.4375 0.65486
100000 1.4375 0.70369
100000 1.4375 0.59711
100000 1.4375 0.66656
100000 1.4375 0.66247
100000 1.4375 0.60587
100000 1.4375 0.38879
100000 1.4375 0.55625
100000 1.4375 0.77905
100000 1.4375 0.72419
100000 1.4375 0.65914
100000 1.4375 0.63452
100000 1.4375 0.65323
100000 1.4375 0.62826
100000 1.4375 0.58409
100000 1.4375 0.65562
100000 1.4375 0.69996
100000 1.4375 0.59465
100000 1.4375 0.60283
100000 1.4375 0.58397
100000 1.4375 0.67661
100000 1.4375 0.58288
100000 1.4375 0.27308
100000 1.4375 0.6699
100000 1.4375 0.48582
100000 1.4375 0.60474
100000 1.4375 0.6883
100000 1.4375 0.71411
100000 1.4375 0.72346
100000 1.4375 0.65354
100000 1.4375 0.74615
100000 1.4375 0.74037
100000 1.4375 0.61542
100000 1.4375 0.43585
100000 1.4375 0.71994
100000 1.4375 0.66099
100000 1.4375 0.72344
100000 1.4375 0.60748
100000 1.4375 0.49766
100000 1.4375 0.67787
100000 1.4375 0.50275
100000 1.4375 0.50745
100000 1.4375 0.71533
100000 1.4375 0.63968
100000 1.4375 0.61712
100000 1.4375 0.56699
100000 1.4375 0.62922
100000 1.4375 0.7035
100000 1.4375 0.63034
100000 1.4375 0.60634
100000 1.4375 0.40579
100000 1.4375 0.58743
100000 1.4375 0.72447
100000 1.4375 0.37651
100000 1.4375 0.34659
100000 1.4375 0.6931
100000 1.4375 0.73027
100000 1.4375 0.62111
100000 1.4375 0.72575
100000 1.4375 0.61482
100000 1.4375 0.55149
100000 1.4375 0.70124
100000 1.4375 0.67357
100000 1.4375 0.6195
100000 1.4375 0.65385
100000 1.4375 0.70071
100000 1.4375 0.71027
100000 1.4375 0.74849
100000 1.4375 0.43095
100000 1.4375 0.63555
100000 1.4375 0.67242
100000 1.4375 0.33336
100000 1.4375 0.60842
100000 1.4375 0.74029
100000 1.4375 0.70466
100000 1.4375 0.54527
100000 1.4375 0.73794
100000 1.4375 0.51247
100000 1.4375 0.39079
100000 1.4375 0.3033
100000 1.4375 0.67959
100000 1.4375 0.69354
100000 1.4375 0.71003
100000 1.4375 0.73681
100000 1.4375 0.59177
100000 1.4375 0.67587
100000 1.4375 0.64571
100000 1.4375 0.44194
100000 1.4375 0.66821
100000 1.4375 0.34986
100000 1.4375 0.71054
100000 1.4375 0.73004
100000 1.4375 0.67904
100000 1.4375 0.56857
100000 1.4375 0.42212
100000 1.4375 0.65457
100000 1.4375 0.38519
