1000 1.4375 0.832
1000 1.4375 0.767
1000 1.4375 0.797
1000 1.4375 0.547
1000 1.4375 0.901
1000 1.4375 0.6
1000 1.4375 0.89
1000 1.4375 0.88
1000 1.4375 0.921
1000 1.4375 0.814
1000 1.4375 0.852
1000 1.4375 0.611
1000 1.4375 0.847
1000 1.4375 0.894
1000 1.4375 0.95
1000 1.4375 0.338
1000 1.4375 0.927
1000 1.4375 0.894
1000 1.4375 0.899
1000 1.4375 0.777
1000 1.4375 0.752
1000 1.4375 0.934
1000 1.4375 0.913
1000 1.4375 0.806
1000 1.4375 0.622
1000 1.4375 0.795
1000 1.4375 0.904
1000 1.4375 0.865
1000 1.4375 0.832
1000 1.4375 0.935
1000 1.4375 0.85
1000 1.4375 0.782
1000 1.4375 0.936
1000 1.4375 0.937
1000 1.4375 0.838
1000 1.4375 0.957
1000 1.4375 0.913
1000 1.4375 0.787
1000 1.4375 0.511
1000 1.4375 0.817
1000 1.4375 0.822
1000 1.4375 0.728
1000 1.4375 0.944
1000 1.4375 0.785
1000 1.4375 0.811
1000 1.4375 0.777
1000 1.4375 0.905
1000 1.4375 0.878
1000 1.4375 0.867
1000 1.4375 0.774
1000 1.4375 0.761
1000 1.4375 0.725
1000 1.4375 0.705
1000 1.4375 0.852
1000 1.4375 0.889
1000 1.4375 0.944
1000 1.4375 0.915
1000 1.4375 0.81
1000 1.4375 0.824
1000 1.4375 0.914
1000 1.4375 0.669
1000 1.4375 0.857
1000 1.4375 0.526
1000 1.4375 0.665
1000 1.4375 0.876
1000 1.4375 0.663
1000 1.4375 0.905
1000 1.4375 0.507
1000 1.4375 0.804
1000 1.4375 0.835
1000 1.4375 0.661
1000 1.4375 0.479
1000 1.4375 0.545
1000 1.4375 0.823
1000 1.4375 0.897
1000 1.4375 0.932
1000 1.4375 0.743
1000 1.4375 0.838
1000 1.4375 0.605
1000 1.4375 0.773
1000 1.4375 0.752
1000 1.4375 0.853
1000 1.4375 0.875
1000 1.4375 0.937
1000 1.4375 0.828
1000 1.4375 0.947
1000 1.4375 0.841
1000 1.4375 0.82
1000 1.4375 0.889
1000 1.4375 0.89
1000 1.4375 0.944
1000 1.4375 0.735
1000 1.4375 0.716
1000 1.4375 0.934
1000 1.4375 0.487
1000 1.4375 0.852
1000 1.4375 0.872
1000 1.4375 0.723
1000 1.4375 0.819
1000 1.4375 0.796
1000 1.4375 0.84
1000 1.4375 0.508
1000 1.4375 0.52
1000 1.4375 0.604
1000 1.4375 0.912
1000 1.4375 0.863
1000 1.4375 0.818
1000 1.4375 0.939
1000 1.4375 0.693
1000 1.4375 0.877
1000 1.4375 0.781
1000 1.4375 0.746
1000 1.4375 0.792
1000 1.4375 0.892
1000 1.4375 0.907
1000 1.4375 0.849
1000 1.4375 0.883
1000 1.4375 0.682
1000 1.4375 0.837
1000 1.4375 0.833
1000 1.4375 0.693
1000 1.4375 0.903
1000 1.4375 0.701
1000 1.4375 0.803
1000 1.4375 0.772
1000 1.4375 0.302
1000 1.4375 0.87
1000 1.4375 0.858
1000 1.4375 0.949
1000 1.4375 0.756
1000 1.4375 0.778
1000 1.4375 0.814
1000 1.4375 0.859
1000 1.4375 0.873
1000 1.4375 0.706
1000 1.4375 0.917
1000 1.4375 0.681
1000 1.4375 0.88
1000 1.4375 0.819
1000 1.4375 0.826
1000 1.4375 0.552
1000 1.4375 0.822
1000 1.4375 0.876
1000 1.4375 0.523
1000 1.4375 0.867
1000 1.4375 0.535
1000 1.4375 0.667
1000 1.4375 0.709
1000 1.4375 0.886
1000 1.4375 0.761
1000 1.4375 0.784
1000 1.4375 0.844
1000 1.4375 0.903
1000 1.4375 0.878
1000 1.4375 0.899
1000 1.4375 0.899
1000 1.4375 0.912
1000 1.4375 0.677
1000 1.4375 0.669
1000 1.4375 0.889
1000 1.4375 0.89
1000 1.4375 0.86
1000 1.4375 0.944
1000 1.4375 0.906
1000 1.4375 0.611
1000 1.4375 0.649
1000 1.4375 0.92
1000 1.4375 0.51
1000 1.4375 0.737
1000 1.4375 0.867
1000 1.4375 0.928
1000 1.4375 0.84
1000 1.4375 0.882
1000 1.4375 0.941
1000 1.4375 0.611
1000 1.4375 0.948
1000 1.4375 0.591
1000 1.4375 0.611
1000 1.4375 0.878
1000 1.4375 0.856
1000 1.4375 0.868
1000 1.4375 0.459
1000 1.4375 0.616
1000 1.4375 0.858
1000 1.4375 0.825
1000 1.4375 0.845
1000 1.4375 0.661
1000 1.4375 0.933
1000 1.4375 0.67
1000 1.4375 0.84
1000 1.4375 0.539
1000 1.4375 0.893
1000 1.4375 0.848
1000 1.4375 0.849
1000 1.4375 0.836
1000 1.4375 0.748
1000 1.4375 0.917
1000 1.4375 0.848
1000 1.4375 0.861
1000 1.4375 0.842
1000 1.4375 0.876
1000 1.4375 0.716
1000 1.4375 0.881
1000 1.4375 0.82
1000 1.4375 0.91
1000 1.4375 0.846
1000 1.4375 0.861
1000 1.4375 0.863
1000 1.4375 0.761
1000 1.4375 0.791
1000 1.4375 0.854
1000 1.4375 0.835
1000 1.4375 0.852
1000 1.4375 0.792
1000 1.4375 0.813
1000 1.4375 0.935
1000 1.4375 0.833
1000 1.4375 0.796
1000 1.4375 0.897
1000 1.4375 0.87
1000 1.4375 0.614
1000 1.4375 0.683
1000 1.4375 0.748
1000 1.4375 0.917
1000 1.4375 0.908
1000 1.4375 0.838
1000 1.4375 0.868
1000 1.4375 0.735
1000 1.4375 0.617
1000 1.4375 0.886
1000 1.4375 0.76
1000 1.4375 0.486
1000 1.4375 0.787
1000 1.4375 0.92
1000 1.4375 0.863
1000 1.4375 0.905
1000 1.4375 0.91
1000 1.4375 0.864
1000 1.4375 0.843
1000 1.4375 0.65
1000 1.4375 0.851
1000 1.4375 0.86
1000 1.4375 0.9
1000 1.4375 0.869
1000 1.4375 0.913
1000 1.4375 0.81
1000 1.4375 0.883
1000 1.4375 0.827
1000 1.4375 0.896
1000 1.4375 0.736
1000 1.4375 0.785
1000 1.4375 0.435
1000 1.4375 0.868
1000 1.4375 0.68
1000 1.4375 0.824
1000 1.4375 0.782
1000 1.4375 0.888
1000 1.4375 0.837
1000 1.4375 0.824
1000 1.4375 0.812
1000 1.4375 0.847
1000 1.4375 0.577
1000 1.4375 0.868
1000 1.4375 0.812
1000 1.4375 0.845
1000 1.4375 0.77
1000 1.4375 0.776
1000 1.4375 0.492
1000 1.4375 0.901
1000 1.4375 0.626
1000 1.4375 0.925
1000 1.4375 0.863
1000 1.4375 0.55
1000 1.4375 0.581
1000 1.4375 0.495
1000 1.4375 0.879
1000 1.4375 0.809
1000 1.4375 0.924
1000 1.4375 0.555
1000 1.4375 0.893
1000 1.4375 0.8
1000 1.4375 0.58
1000 1.4375 0.724
1000 1.4375 0.637
1000 1.4375 0.863
1000 1.4375 0.931
1000 1.4375 0.862
1000 1.4375 0.883
1000 1.4375 0.77
1000 1.4375 0.846
1000 1.4375 0.412
1000 1.4375 0.613
1000 1.4375 0.471
1000 1.4375 0.382
1000 1.4375 0.775
1000 1.4375 0.883
1000 1.4375 0.784
1000 1.4375 0.707
1000 1.4375 0.837
1000 1.4375 0.909
1000 1.4375 0.921
1000 1.4375 0.827
1000 1.4375 0.921
1000 1.4375 0.929
1000 1.4375 0.411
1000 1.4375 0.968
1000 1.4375 0.462
1000 1.4375 0.681
1000 1.4375 0.554
1000 1.4375 0.907
1000 1.4375 0.857
1000 1.4375 0.544
1000 1.4375 0.908
1000 1.4375 0.845
1000 1.4375 0.91
1000 1.4375 0.927
1000 1.4375 0.929
1000 1.4375 0.968
1000 1.4375 0.834
1000 1.4375 0.873
1000 1.4375 0.839
1000 1.4375 0.943
1000 1.4375 0.827
1000 1.4375 0.735
1000 1.4375 0.627
1000 1.4375 0.751
1000 1.4375 0.631
1000 1.4375 0.585
1000 1.4375 0.858
1000 1.4375 0.925
1000 1.4375 0.758
1000 1.4375 0.898
1000 1.4375 0.751
1000 1.4375 0.881
1000 1.4375 0.678
1000 1.4375 0.808
1000 1.4375 0.4
1000 1.4375 0.752
1000 1.4375 0.83
1000 1.4375 0.863
1000 1.4375 0.88
1000 1.4375 0.385
1000 1.4375 0.78
1000 1.4375 0.721
1000 1.4375 0.625
1000 1.4375 0.747
1000 1.4375 0.455
1000 1.4375 0.862
1000 1.4375 0.93
1000 1.4375 0.655
1000 1.4375 0.911
1000 1.4375 0.954
1000 1.4375 0.875
1000 1.4375 0.782
1000 1.4375 0.827
1000 1.4375 0.945
1000 1.4375 0.781
1000 1.4375 0.822
1000 1.4375 0.785
1000 1.4375 0.703
1000 1.4375 0.789
1000 1.4375 0.471
1000 1.4375 0.868
1000 1.4375 0.876
1000 1.4375 0.849
1000 1.4375 0.829
1000 1.4375 0.928
1000 1.4375 0.926
1000 1.4375 0.557
1000 1.4375 0.887
1000 1.4375 0.731
1000 1.4375 0.921
1000 1.4375 0.63
1000 1.4375 0.899
1000 1.4375 0.854
1000 1.4375 0.934
1000 1.4375 0.941
1000 1.4375 0.789
1000 1.4375 0.871
1000 1.4375 0.375
1000 1.4375 0.745
1000 1.4375 0.535
1000 1.4375 0.836
1000 1.4375 0.307
1000 1.4375 0.907
1000 1.4375 0.787
1000 1.4375 0.813
1000 1.4375 0.638
1000 1.4375 0.89
1000 1.4375 0.906
1000 1.4375 0.889
1000 1.4375 0.869
1000 1.4375 0.828
1000 1.4375 0.93
1000 1.4375 0.83
1000 1.4375 0.873
1000 1.4375 0.558
1000 1.4375 0.637
1000 1.4375 0.415
1000 1.4375 0.777
1000 1.4375 0.92
1000 1.4375 0.702
1000 1.4375 0.762
1000 1.4375 0.896
1000 1.4375 0.91
1000 1.4375 0.867
1000 1.4375 0.776
1000 1.4375 0.901
1000 1.4375 0.94
1000 1.4375 0.832
1000 1.4375 0.904
1000 1.4375 0.926
1000 1.4375 0.911
1000 1.4375 0.9
1000 1.4375 0.905
1000 1.4375 0.908
1000 1.4375 0.868
1000 1.4375 0.943
1000 1.4375 0.831
1000 1.4375 0.897
1000 1.4375 0.786
1000 1.4375 0.823
1000 1.4375 0.941
1000 1.4375 0.929
1000 1.4375 0.937
1000 1.4375 0.821
1000 1.4375 0.824
1000 1.4375 0.762
1000 1.4375 0.8
1000 1.4375 0.91
1000 1.4375 0.801
1000 1.4375 0.735
1000 1.4375 0.696
1000 1.4375 0.821
1000 1.4375 0.854
1000 1.4375 0.868
1000 1.4375 0.755
1000 1.4375 0.434
1000 1.4375 0.872
1000 1.4375 0.823
1000 1.4375 0.88
1000 1.4375 0.57
1000 1.4375 0.864
1000 1.4375 0.893
1000 1.4375 0.779
1000 1.4375 0.804
1000 1.4375 0.859
1000 1.4375 0.924
1000 1.4375 0.47
1000 1.4375 0.817
1000 1.4375 0.889
1000 1.4375 0.915
1000 1.4375 0.842
1000 1.4375 0.86
1000 1.4375 0.916
1000 1.4375 0.805
1000 1.4375 0.655
1000 1.4375 0.492
1000 1.4375 0.827
1000 1.4375 0.923
1000 1.4375 0.811
1000 1.4375 0.752
1000 1.4375 0.827
1000 1.4375 0.501
1000 1.4375 0.772
1000 1.4375 0.77
1000 1.4375 0.828
1000 1.4375 0.639
1000 1.4375 0.957
1000 1.4375 0.753
1000 1.4375 0.866
1000 1.4375 0.73
1000 1.4375 0.933
1000 1.4375 0.879
1000 1.4375 0.632
1000 1.4375 0.912
1000 1.4375 0.887
1000 1.4375 0.803
1000 1.4375 0.891
1000 1.4375 0.785
1000 1.4375 0.836
1000 1.4375 0.899
1000 1.4375 0.878
1000 1.4375 0.729
1000 1.4375 0.912
1000 1.4375 0.916
1000 1.4375 0.888
1000 1.4375 0.723
1000 1.4375 0.844
1000 1.4375 0.824
1000 1.4375 0.813
1000 1.4375 0.629
1000 1.4375 0.683
1000 1.4375 0.864
1000 1.4375 0.32
1000 1.4375 0.89
1000 1.4375 0.719
1000 1.4375 0.94
1000 1.4375 0.658
1000 1.4375 0.699
1000 1.4375 0.698
1000 1.4375 0.865
1000 1.4375 0.884
1000 1.4375 0.741
1000 1.4375 0.921
1000 1.4375 0.86
1000 1.4375 0.915
1000 1.4375 0.849
1000 1.4375 0.814
1000 1.4375 0.881
1000 1.4375 0.486
1000 1.4375 0.897
1000 1.4375 0.822
1000 1.4375 0.833
1000 1.4375 0.861
1000 1.4375 0.742
1000 1.4375 0.909
1000 1.4375 0.911
1000 1.4375 0.845
1000 1.4375 0.883
1000 1.4375 0.874
1000 1.4375 0.651
1000 1.4375 0.802
1000 1.4375 0.906
1000 1.4375 0.799
1000 1.4375 0.888
1000 1.4375 0.534
1000 1.4375 0.85
1000 1.4375 0.837
1000 1.4375 0.514
1000 1.4375 0.909
1000 1.4375 0.59
1000 1.4375 0.872
1000 1.4375 0.911
1000 1.4375 0.752
1000 1.4375 0.887
1000 1.4375 0.825
1000 1.4375 0.793
1000 1.4375 0.886
1000 1.4375 0.858
1000 1.4375 0.671
1000 1.4375 0.744
1000 1.4375 0.859
1000 1.4375 0.75
1000 1.4375 0.847
1000 1.4375 0.852
1000 1.4375 0.771
1000 1.4375 0.65
1000 1.4375 0.682
1000 1.4375 0.877
1000 1.4375 0.747
1000 1.4375 0.555
1000 1.4375 0.739
1000 1.4375 0.855
1000 1.4375 0.765
1000 1.4375 0.93
1000 1.4375 0.509
1000 1.4375 0.491
1000 1.4375 0.761
1000 1.4375 0.893
1000 1.4375 0.79
1000 1.4375 0.849
1000 1.4375 0.833
1000 1.4375 0.817
1000 1.4375 0.729
1000 1.4375 0.796
1000 1.4375 0.894
1000 1.4375 0.899
1000 1.4375 0.841
1000 1.4375 0.836
1000 1.4375 0.719
1000 1.4375 0.93
1000 1.4375 0.765
1000 1.4375 0.639
1000 1.4375 0.914
1000 1.4375 0.406
1000 1.4375 0.803
1000 1.4375 0.805
1000 1.4375 0.673
1000 1.4375 0.392
1000 1.4375 0.58
1000 1.4375 0.781
1000 1.4375 0.945
1000 1.4375 0.756
1000 1.4375 0.746
1000 1.4375 0.866
1000 1.4375 0.588
1000 1.4375 0.659
1000 1.4375 0.738
1000 1.4375 0.488
1000 1.4375 0.897
1000 1.4375 0.918
1000 1.4375 0.915
1000 1.4375 0.867
1000 1.4375 0.931
1000 1.4375 0.913
1000 1.4375 0.864
1000 1.4375 0.909
1000 1.4375 0.958
1000 1.4375 0.818
1000 1.4375 0.92
1000 1.4375 0.809
1000 1.4375 0.778
1000 1.4375 0.825
1000 1.4375 0.797
1000 1.4375 0.945
1000 1.4375 0.842
1000 1.4375 0.664
1000 1.4375 0.731
1000 1.4375 0.834
1000 1.4375 0.806
1000 1.4375 0.917
1000 1.4375 0.94
1000 1.4375 0.867
1000 1.4375 0.833
1000 1.4375 0.921
1000 1.4375 0.868
1000 1.4375 0.843
1000 1.4375 0.904
1000 1.4375 0.511
1000 1.4375 0.913
1000 1.4375 0.856
1000 1.4375 0.845
1000 1.4375 0.735
1000 1.4375 0.595
1000 1.4375 0.816
1000 1.4375 0.586
1000 1.4375 0.882
1000 1.4375 0.661
1000 1.4375 0.907
1000 1.4375 0.85
1000 1.4375 0.881
1000 1.4375 0.838
1000 1.4375 0.866
1000 1.4375 0.301
1000 1.4375 0.928
1000 1.4375 0.823
1000 1.4375 0.604
1000 1.4375 0.9
1000 1.4375 0.82
1000 1.4375 0.878
1000 1.4375 0.482
1000 1.4375 0.846
1000 1.4375 0.908
1000 1.4375 0.863
1000 1.4375 0.875
1000 1.4375 0.535
1000 1.4375 0.831
1000 1.4375 0.923
1000 1.4375 0.849
1000 1.4375 0.816
1000 1.4375 0.494
1000 1.4375 0.801
1000 1.4375 0.827
1000 1.4375 0.907
1000 1.4375 0.875
1000 1.4375 0.776
1000 1.4375 0.898
1000 1.4375 0.906
1000 1.4375 0.846
1000 1.4375 0.537
1000 1.4375 0.808
1000 1.4375 0.858
1000 1.4375 0.805
1000 1.4375 0.804
1000 1.4375 0.638
1000 1.4375 0.9
1000 1.4375 0.804
1000 1.4375 0.806
1000 1.4375 0.808
1000 1.4375 0.891
1000 1.4375 0.84
1000 1.4375 0.948
1000 1.4375 0.937
1000 1.4375 0.355
1000 1.4375 0.885
1000 1.4375 0.95
1000 1.4375 0.778
1000 1.4375 0.907
1000 1.4375 0.809
1000 1.4375 0.826
1000 1.4375 0.736
1000 1.4375 0.715
1000 1.4375 0.83
1000 1.4375 0.914
1000 1.4375 0.919
1000 1.4375 0.863
1000 1.4375 0.416
1000 1.4375 0.779
1000 1.4375 0.817
1000 1.4375 0.83
1000 1.4375 0.814
1000 1.4375 0.797
1000 1.4375 0.812
1000 1.4375 0.873
1000 1.4375 0.846
1000 1.4375 0.831
1000 1.4375 0.733
1000 1.4375 0.86
1000 1.4375 0.82
1000 1.4375 0.688
1000 1.4375 0.818
1000 1.4375 0.778
1000 1.4375 0.91
1000 1.4375 0.794
1000 1.4375 0.898
1000 1.4375 0.852
1000 1.4375 0.542
1000 1.4375 0.78
1000 1.4375 0.803
1000 1.4375 0.355
1000 1.4375 0.902
1000 1.4375 0.824
1000 1.4375 0.497
1000 1.4375 0.362
1000 1.4375 0.57
1000 1.4375 0.855
1000 1.4375 0.687
1000 1.4375 0.806
1000 1.4375 0.704
1000 1.4375 0.862
1000 1.4375 0.869
1000 1.4375 0.74
1000 1.4375 0.812
1000 1.4375 0.556
1000 1.4375 0.803
1000 1.4375 0.669
1000 1.4375 0.848
1000 1.4375 0.633
1000 1.4375 0.77
1000 1.4375 0.833
1000 1.4375 0.791
1000 1.4375 0.839
1000 1.4375 0.564
1000 1.4375 0.91
1000 1.4375 0.845
1000 1.4375 0.848
1000 1.4375 0.937
1000 1.4375 0.589
1000 1.4375 0.842
1000 1.4375 0.763
1000 1.4375 0.833
1000 1.4375 0.882
1000 1.4375 0.85
1000 1.4375 0.919
1000 1.4375 0.892
1000 1.4375 0.813
1000 1.4375 0.881
1000 1.4375 0.922
1000 1.4375 0.884
1000 1.4375 0.856
1000 1.4375 0.722
1000 1.4375 0.781
1000 1.4375 0.91
1000 1.4375 0.88
1000 1.4375 0.893
1000 1.4375 0.824
1000 1.4375 0.888
1000 1.4375 0.854
1000 1.4375 0.836
1000 1.4375 0.59
1000 1.4375 0.732
1000 1.4375 0.471
1000 1.4375 0.76
1000 1.4375 0.592
1000 1.4375 0.865
1000 1.4375 0.514
1000 1.4375 0.64
1000 1.4375 0.883
1000 1.4375 0.828
1000 1.4375 0.733
1000 1.4375 0.924
1000 1.4375 0.944
1000 1.4375 0.823
1000 1.4375 0.772
1000 1.4375 0.616
1000 1.4375 0.881
1000 1.4375 0.874
1000 1.4375 0.699
1000 1.4375 0.558
1000 1.4375 0.482
1000 1.4375 0.443
1000 1.4375 0.752
1000 1.4375 0.865
1000 1.4375 0.877
1000 1.4375 0.82
1000 1.4375 0.866
1000 1.4375 0.35
1000 1.4375 0.867
1000 1.4375 0.91
1000 1.4375 0.741
1000 1.4375 0.792
1000 1.4375 0.732
1000 1.4375 0.93
1000 1.4375 0.888
1000 1.4375 0.552
1000 1.4375 0.744
1000 1.4375 0.686
1000 1.4375 0.847
1000 1.4375 0.884
1000 1.4375 0.785
1000 1.4375 0.377
1000 1.4375 0.772
1000 1.4375 0.856
1000 1.4375 0.849
1000 1.4375 0.751
1000 1.4375 0.772
1000 1.4375 0.794
1000 1.4375 0.729
1000 1.4375 0.833
1000 1.4375 0.78
1000 1.4375 0.775
1000 1.4375 0.834
1000 1.4375 0.91
1000 1.4375 0.69
1000 1.4375 0.861
1000 1.4375 0.949
1000 1.4375 0.403
1000 1.4375 0.882
1000 1.4375 0.901
1000 1.4375 0.786
1000 1.4375 0.953
1000 1.4375 0.83
1000 1.4375 0.87
1000 1.4375 0.356
1000 1.4375 0.9
1000 1.4375 0.91
1000 1.4375 0.814
1000 1.4375 0.908
1000 1.4375 0.893
1000 1.4375 0.845
1000 1.4375 0.903
1000 1.4375 0.878
1000 1.4375 0.79
1000 1.4375 0.864
1000 1.4375 0.406
1000 1.4375 0.911
1000 1.4375 0.804
1000 1.4375 0.424
1000 1.4375 0.859
1000 1.4375 0.898
1000 1.4375 0.735
1000 1.4375 0.894
1000 1.4375 0.867
1000 1.4375 0.421
1000 1.4375 0.819
1000 1.4375 0.817
1000 1.4375 0.398
1000 1.4375 0.857
1000 1.4375 0.815
1000 1.4375 0.851
1000 1.4375 0.827
1000 1.4375 0.84
1000 1.4375 0.904
1000 1.4375 0.912
1000 1.4375 0.677
1000 1.4375 0.818
1000 1.4375 0.725
1000 1.4375 0.792
1000 1.4375 0.652
1000 1.4375 0.889
1000 1.4375 0.708
1000 1.4375 0.907
1000 1.4375 0.863
1000 1.4375 0.392
1000 1.4375 0.937
1000 1.4375 0.875
1000 1.4375 0.832
1000 1.4375 0.863
1000 1.4375 0.885
1000 1.4375 0.88
1000 1.4375 0.679
1000 1.4375 0.664
1000 1.4375 0.861
1000 1.4375 0.809
1000 1.4375 0.887
1000 1.4375 0.795
1000 1.4375 0.854
1000 1.4375 0.624
1000 1.4375 0.772
1000 1.4375 0.684
1000 1.4375 0.786
1000 1.4375 0.784
1000 1.4375 0.852
1000 1.4375 0.776
1000 1.4375 0.91
1000 1.4375 0.291
1000 1.4375 0.86
1000 1.4375 0.92
1000 1.4375 0.964
1000 1.4375 0.849
1000 1.4375 0.816
1000 1.4375 0.839
1000 1.4375 0.514
1000 1.4375 0.9
1000 1.4375 0.729
1000 1.4375 0.863
1000 1.4375 0.733
1000 1.4375 0.684
1000 1.4375 0.91
1000 1.4375 0.63
1000 1.4375 0.855
1000 1.4375 0.832
1000 1.4375 0.927
1000 1.4375 0.867
1000 1.4375 0.728
1000 1.4375 0.569
1000 1.4375 0.794
1000 1.4375 0.868
1000 1.4375 0.814
1000 1.4375 0.718
1000 1.4375 0.533
1000 1.4375 0.593
1000 1.4375 0.848
1000 1.4375 0.897
1000 1.4375 0.83
1000 1.4375 0.841
1000 1.4375 0.918
1000 1.4375 0.563
1000 1.4375 0.889
1000 1.4375 0.806
1000 1.4375 0.887
1000 1.4375 0.816
1000 1.4375 0.75
1000 1.4375 0.691
1000 1.4375 0.83
1000 1.4375 0.972
1000 1.4375 0.85
1000 1.4375 0.83
1000 1.4375 0.88
1000 1.4375 0.941
1000 1.4375 0.666
1000 1.4375 0.77
1000 1.4375 0.864
1000 1.4375 0.881
1000 1.4375 0.603
1000 1.4375 0.91
1000 1.4375 0.791
1000 1.4375 0.77
1000 1.4375 0.803
1000 1.4375 0.886
1000 1.4375 0.917
1000 1.4375 0.817
1000 1.4375 0.82
1000 1.4375 0.792
1000 1.4375 0.858
1000 1.4375 0.729
1000 1.4375 0.964
1000 1.4375 0.834
1000 1.4375 0.683
1000 1.4375 0.892
1000 1.4375 0.479
1000 1.4375 0.883
1000 1.4375 0.833
1000 1.4375 0.824
1000 1.4375 0.587
1000 1.4375 0.932
1000 1.4375 0.743
1000 1.4375 0.891
1000 1.4375 0.595
1000 1.4375 0.869
1000 1.4375 0.508
1000 1.4375 0.908
1000 1.4375 0.767
1000 1.4375 0.781
1000 1.4375 0.927
1000 1.4375 0.897
1000 1.4375 0.856
1000 1.4375 0.876
1000 1.4375 0.915
1000 1.4375 0.644
1000 1.4375 0.618
1000 1.4375 0.712
1000 1.4375 0.753
1000 1.4375 0.839
1000 1.4375 0.913
1000 1.4375 0.89
1000 1.4375 0.439
1000 1.4375 0.713
1000 1.4375 0.898
1000 1.4375 0.622
1000 1.4375 0.833
1000 1.4375 0.831
1000 1.4375 0.808
1000 1.4375 0.624
1000 1.4375 0.854
1000 1.4375 0.825
1000 1.4375 0.936
1000 1.4375 0.898
1000 1.4375 0.914
1000 1.4375 0.91
1000 1.4375 0.731
1000 1.4375 0.79
1000 1.4375 0.893
1000 1.4375 0.856
1000 1.4375 0.721
1000 1.4375 0.885
1000 1.4375 0.673
1000 1.4375 0.873
1000 1.4375 0.943
