10000000 1.4375 0.529941
10000000 1.4375 0.574566
10000000 1.4375 0.51804
10000000 1.4375 0.623582
10000000 1.4375 0.510384
10000000 1.4375 0.548083
10000000 1.4375 0.480621
10000000 1.4375 0.540487
10000000 1.4375 0.401972
10000000 1.4375 0.509479
10000000 1.4375 0.47551
10000000 1.4375 0.47838
10000000 1.4375 0.51056
10000000 1.4375 0.607325
10000000 1.4375 0.473186
10000000 1.4375 0.419622
10000000 1.4375 0.604159
10000000 1.4375 0.520542
10000000 1.4375 0.577056
10000000 1.4375 0.585288
10000000 1.4375 0.579945
10000000 1.4375 0.585714
10000000 1.4375 0.548927
10000000 1.4375 0.574452
10000000 1.4375 0.508514
10000000 1.4375 0.591655
10000000 1.4375 0.586308
10000000 1.4375 0.533158
10000000 1.4375 0.387722
10000000 1.4375 0.475707
10000000 1.4375 0.598001
10000000 1.4375 0.517111
10000000 1.4375 0.559369
10000000 1.4375 0.520723
10000000 1.4375 0.47358
10000000 1.4375 0.584617
10000000 1.4375 0.602896
10000000 1.4375 0.588667
10000000 1.4375 0.59714
10000000 1.4375 0.624323
10000000 1.4375 0.623787
10000000 1.4375 0.599177
10000000 1.4375 0.582407
10000000 1.4375 0.455258
10000000 1.4375 0.58217
10000000 1.4375 0.460234
10000000 1.4375 0.604503
10000000 1.4375 0.514906
10000000 1.4375 0.404235
10000000 1.4375 0.533087
10000000 1.4375 0.456807
10000000 1.4375 0.635538
10000000 1.4375 0.369503
10000000 1.4375 0.624989
10000000 1.4375 0.48366
10000000 1.4375 0.593874
10000000 1.4375 0.444256
10000000 1.4375 0.542019
10000000 1.4375 0.557332
10000000 1.4375 0.433004
10000000 1.4375 0.5284
10000000 1.4375 0.52128
10000000 1.4375 0.591116
10000000 1.4375 0.556635
10000000 1.4375 0.576392
10000000 1.4375 0.475407
10000000 1.4375 0.62576
10000000 1.4375 0.57524
10000000 1.4375 0.530127
10000000 1.4375 0.494125
10000000 1.4375 0.550212
10000000 1.4375 0.548054
10000000 1.4375 0.562588
10000000 1.4375 0.539905
10000000 1.4375 0.56258
10000000 1.4375 0.575878
10000000 1.4375 0.539901
10000000 1.4375 0.530266
10000000 1.4375 0.404205
10000000 1.4375 0.492485
10000000 1.4375 0.42849
10000000 1.4375 0.620503
10000000 1.4375 0.468252
10000000 1.4375 0.597778
10000000 1.4375 0.542209
10000000 1.4375 0.489658
10000000 1.4375 0.595931
10000000 1.4375 0.612427
10000000 1.4375 0.542219
10000000 1.4375 0.580667
10000000 1.4375 0.465007
10000000 1.4375 0.555017
10000000 1.4375 0.18894
10000000 1.4375 0.533507
10000000 1.4375 0.385246
10000000 1.4375 0.561991
10000000 1.4375 0.535295
10000000 1.4375 0.56695
10000000 1.4375 0.536208
10000000 1.4375 0.571561
10000000 1.4375 0.528225
10000000 1.4375 0.453145
10000000 1.4375 0.544143
10000000 1.4375 0.43742
10000000 1.4375 0.501472
10000000 1.4375 0.493077
10000000 1.4375 0.501066
10000000 1.4375 0.572614
10000000 1.4375 0.5737
10000000 1.4375 0.411816
10000000 1.4375 0.533715
10000000 1.4375 0.595069
10000000 1.4375 0.597598
10000000 1.4375 0.349737
10000000 1.4375 0.519756
10000000 1.4375 0.559615
10000000 1.4375 0.550274
10000000 1.4375 0.548703
10000000 1.4375 0.539049
10000000 1.4375 0.556348
10000000 1.4375 0.330197
10000000 1.4375 0.607825
10000000 1.4375 0.541977
10000000 1.4375 0.606393
10000000 1.4375 0.608185
10000000 1.4375 0.52512
10000000 1.4375 0.58581
10000000 1.4375 0.559791
10000000 1.4375 0.534596
10000000 1.4375 0.566297
10000000 1.4375 0.567317
10000000 1.4375 0.543931
10000000 1.4375 0.61567
10000000 1.4375 0.391086
10000000 1.4375 0.487104
10000000 1.4375 0.55269
10000000 1.4375 0.585777
10000000 1.4375 0.621896
10000000 1.4375 0.427
10000000 1.4375 0.546207
10000000 1.4375 0.618009
10000000 1.4375 0.464986
10000000 1.4375 0.517819
10000000 1.4375 0.581855
10000000 1.4375 0.59605
10000000 1.4375 0.607983
10000000 1.4375 0.487165
10000000 1.4375 0.467112
10000000 1.4375 0.552152
10000000 1.4375 0.576307
10000000 1.4375 0.547815
10000000 1.4375 0.570526
10000000 1.4375 0.498917
10000000 1.4375 0.559733
10000000 1.4375 0.329455
10000000 1.4375 0.597636
10000000 1.4375 0.375989
10000000 1.4375 0.558005
10000000 1.4375 0.469723
10000000 1.4375 0.530567
10000000 1.4375 0.419979
10000000 1.4375 0.582708
10000000 1.4375 0.604579
10000000 1.4375 0.538559
10000000 1.4375 0.303504
10000000 1.4375 0.606772
10000000 1.4375 0.520823
10000000 1.4375 0.58636
10000000 1.4375 0.610197
10000000 1.4375 0.532896
10000000 1.4375 0.523633
10000000 1.4375 0.427271
10000000 1.4375 0.556098
10000000 1.4375 0.536582
10000000 1.4375 0.566085
10000000 1.4375 0.578589
10000000 1.4375 0.474614
10000000 1.4375 0.598968
10000000 1.4375 0.509378
10000000 1.4375 0.567325
10000000 1.4375 0.227894
10000000 1.4375 0.518808
10000000 1.4375 0.496814
10000000 1.4375 0.60807
10000000 1.4375 0.537152
10000000 1.4375 0.58043
10000000 1.4375 0.526395
10000000 1.4375 0.622161
10000000 1.4375 0.543204
10000000 1.4375 0.607587
10000000 1.4375 0.32439
10000000 1.4375 0.589038
10000000 1.4375 0.588421
10000000 1.4375 0.484219
10000000 1.4375 0.596725
10000000 1.4375 0.392742
10000000 1.4375 0.528367
10000000 1.4375 0.317093
10000000 1.4375 0.566314
10000000 1.4375 0.624566
