100000 1.437 0.36636
100000 1.437 0.66728
100000 1.437 0.7157
100000 1.437 0.65295
100000 1.437 0.57852
100000 1.437 0.64084
100000 1.437 0.68732
100000 1.437 0.74207
100000 1.437 0.66038
100000 1.437 0.57805
100000 1.437 0.63504
100000 1.437 0.57425
100000 1.437 0.62598
100000 1.437 0.69734
100000 1.437 0.58829
100000 1.437 0.71596
100000 1.437 0.36746
100000 1.437 0.76511
100000 1.437 0.72503
100000 1.437 0.57448
100000 1.437 0.76666
100000 1.437 0.62809
100000 1.437 0.56975
100000 1.437 0.70939
100000 1.437 0.62396
100000 1.437 0.60115
100000 1.437 0.74263
100000 1.437 0.71354
100000 1.437 0.72749
100000 1.437 0.75605
100000 1.437 0.74757
100000 1.437 0.68937
100000 1.437 0.68623
100000 1.437 0.71861
100000 1.437 0.69503
100000 1.437 0.6639
100000 1.437 0.34516
100000 1.437 0.46481
100000 1.437 0.66072
100000 1.437 0.63785
100000 1.437 0.63764
100000 1.437 0.63147
100000 1.437 0.73524
100000 1.437 0.65114
100000 1.437 0.71231
100000 1.437 0.68844
100000 1.437 0.32737
100000 1.437 0.60755
100000 1.437 0.74074
100000 1.437 0.75782
100000 1.437 0.29609
100000 1.437 0.57847
100000 1.437 0.76005
100000 1.437 0.67778
100000 1.437 0.54813
100000 1.437 0.60664
100000 1.437 0.6502
100000 1.437 0.53905
100000 1.437 0.60311
100000 1.437 0.27531
100000 1.437 0.74464
100000 1.437 0.75437
100000 1.437 0.71468
100000 1.437 0.69792
100000 1.437 0.62144
100000 1.437 0.61694
100000 1.437 0.64521
100000 1.437 0.41446
100000 1.437 0.67754
100000 1.437 0.50343
100000 1.437 0.65486
100000 1.437 0.7223
100000 1.437 0.55853
100000 1.437 0.68447
100000 1.437 0.78543
100000 1.437 0.69745
100000 1.437 0.74426
100000 1.437 0.70384
100000 1.437 0.64939
100000 1.437 0.69306
100000 1.437 0.71242
100000 1.437 0.78118
100000 1.437 0.7088
100000 1.437 0.49781
100000 1.437 0.50731
100000 1.437 0.56041
100000 1.437 0.5891
100000 1.437 0.434
100000 1.437 0.43954
100000 1.437 0.6953
100000 1.437 0.69674
100000 1.437 0.61736
100000 1.437 0.68174
100000 1.437 0.61125
100000 1.437 0.7108
100000 1.437 0.71026
100000 1.437 0.75713
100000 1.437 0.77976
100000 1.437 0.67594
100000 1.437 0.55927
100000 1.437 0.70499
100000 1.437 0.66977
100000 1.437 0.42066
100000 1.437 0.74966
100000 1.437 0.71402
100000 1.437 0.73918
100000 1.437 0.72774
100000 1.437 0.60977
100000 1.437 0.63752
100000 1.437 0.76915
100000 1.437 0.62129
100000 1.437 0.59033
100000 1.437 0.65693
100000 1.437 0.37871
100000 1.437 0.66685
100000 1.437 0.4085
100000 1.437 0.6568
100000 1.437 0.6879
100000 1.437 0.67022
100000 1.437 0.66299
100000 1.437 0.63783
100000 1.437 0.5636
100000 1.437 0.74923
100000 1.437 0.70117
100000 1.437 0.72507
100000 1.437 0.39023
100000 1.437 0.57527
100000 1.437 0.70425
100000 1.437 0.66607
100000 1.437 0.65374
100000 1.437 0.72097
100000 1.437 0.65748
100000 1.437 0.59707
100000 1.437 0.74207
100000 1.437 0.51843
100000 1.437 0.75095
100000 1.437 0.49594
100000 1.437 0.72394
100000 1.437 0.66643
100000 1.437 0.75438
100000 1.437 0.72198
100000 1.437 0.57462
100000 1.437 0.74329
100000 1.437 0.59907
100000 1.437 0.43054
100000 1.437 0.73402
100000 1.437 0.44797
100000 1.437 0.73209
100000 1.437 0.65187
100000 1.437 0.62414
100000 1.437 0.64113
100000 1.437 0.67802
100000 1.437 0.72589
100000 1.437 0.68705
100000 1.437 0.7623
100000 1.437 0.72021
100000 1.437 0.62207
100000 1.437 0.69756
100000 1.437 0.71617
100000 1.437 0.51046
100000 1.437 0.70591
100000 1.437 0.57175
100000 1.437 0.58634
100000 1.437 0.45571
100000 1.437 0.75321
100000 1.437 0.62876
100000 1.437 0.67134
100000 1.437 0.29859
100000 1.437 0.72585
100000 1.437 0.3412
100000 1.437 0.7052
100000 1.437 0.65624
100000 1.437 0.63365
100000 1.437 0.6882
100000 1.437 0.67528
100000 1.437 0.68021
100000 1.437 0.44978
100000 1.437 0.74425
100000 1.437 0.36335
100000 1.437 0.6801
100000 1.437 0.74169
100000 1.437 0.72438
100000 1.437 0.6564
100000 1.437 0.67547
100000 1.437 0.70012
100000 1.437 0.6573
100000 1.437 0.50946
100000 1.437 0.75115
100000 1.437 0.25729
100000 1.437 0.72831
100000 1.437 0.59478
100000 1.437 0.48921
100000 1.437 0.62999
100000 1.437 0.4401
100000 1.437 0.57923
100000 1.437 0.3416
100000 1.437 0.19266
100000 1.437 0.77313
100000 1.437 0.65229
100000 1.437 0.66761
100000 1.437 0.74736
100000 1.437 0.53392
100000 1.437 0.67462
100000 1.437 0.64425
100000 1.437 0.66669
100000 1.437 0.75582
100000 1.437 0.71083
100000 1.437 0.74347
100000 1.437 0.71817
100000 1.437 0.67248
100000 1.437 0.68562
100000 1.437 0.62156
100000 1.437 0.60515
100000 1.437 0.49414
100000 1.437 0.73856
100000 1.437 0.23004
100000 1.437 0.63361
100000 1.437 0.33445
100000 1.437 0.71755
100000 1.437 0.57702
100000 1.437 0.53564
100000 1.437 0.69378
100000 1.437 0.74462
100000 1.437 0.68974
100000 1.437 0.3281
100000 1.437 0.656
100000 1.437 0.3053
100000 1.437 0.60187
100000 1.437 0.72079
100000 1.437 0.75139
100000 1.437 0.73196
100000 1.437 0.46036
100000 1.437 0.67119
100000 1.437 0.52955
100000 1.437 0.67894
100000 1.437 0.73655
100000 1.437 0.76488
100000 1.437 0.28037
100000 1.437 0.73406
100000 1.437 0.71853
100000 1.437 0.77454
100000 1.437 0.37578
100000 1.437 0.5067
100000 1.437 0.73201
100000 1.437 0.74479
100000 1.437 0.67474
100000 1.437 0.72291
100000 1.437 0.64466
100000 1.437 0.65709
100000 1.437 0.65904
100000 1.437 0.63244
100000 1.437 0.64553
100000 1.437 0.50694
100000 1.437 0.65038
100000 1.437 0.73869
100000 1.437 0.61491
100000 1.437 0.7514
100000 1.437 0.76071
100000 1.437 0.71289
100000 1.437 0.69312
100000 1.437 0.74588
100000 1.437 0.69894
100000 1.437 0.42675
100000 1.437 0.6134
100000 1.437 0.73859
100000 1.437 0.59926
100000 1.437 0.66324
100000 1.437 0.53438
100000 1.437 0.4075
100000 1.437 0.58551
100000 1.437 0.59498
100000 1.437 0.7213
100000 1.437 0.60641
100000 1.437 0.61864
100000 1.437 0.20624
100000 1.437 0.68559
100000 1.437 0.76236
100000 1.437 0.6848
100000 1.437 0.36813
100000 1.437 0.58796
100000 1.437 0.69307
100000 1.437 0.69804
100000 1.437 0.61914
100000 1.437 0.70909
100000 1.437 0.46261
100000 1.437 0.61136
100000 1.437 0.77349
100000 1.437 0.73994
100000 1.437 0.60252
100000 1.437 0.69266
100000 1.437 0.53116
100000 1.437 0.69659
100000 1.437 0.30519
100000 1.437 0.72293
100000 1.437 0.65444
100000 1.437 0.65448
100000 1.437 0.70328
100000 1.437 0.57041
100000 1.437 0.7301
100000 1.437 0.67788
100000 1.437 0.67188
100000 1.437 0.43824
100000 1.437 0.76083
100000 1.437 0.65782
100000 1.437 0.71876
100000 1.437 0.73761
100000 1.437 0.68908
100000 1.437 0.72077
100000 1.437 0.70472
100000 1.437 0.64739
100000 1.437 0.54237
100000 1.437 0.70553
100000 1.437 0.71793
100000 1.437 0.66096
100000 1.437 0.42741
100000 1.437 0.64199
100000 1.437 0.61775
100000 1.437 0.28973
100000 1.437 0.69414
100000 1.437 0.64918
100000 1.437 0.4795
100000 1.437 0.62877
100000 1.437 0.71876
100000 1.437 0.51384
100000 1.437 0.29362
100000 1.437 0.69616
100000 1.437 0.65425
100000 1.437 0.64219
100000 1.437 0.74504
100000 1.437 0.37429
100000 1.437 0.54988
100000 1.437 0.7677
100000 1.437 0.66622
100000 1.437 0.49452
100000 1.437 0.71069
100000 1.437 0.67253
100000 1.437 0.65898
100000 1.437 0.63641
100000 1.437 0.68496
100000 1.437 0.73033
100000 1.437 0.7532
100000 1.437 0.76183
100000 1.437 0.62746
100000 1.437 0.54173
100000 1.437 0.69219
100000 1.437 0.44561
100000 1.437 0.3359
100000 1.437 0.6912
100000 1.437 0.70098
100000 1.437 0.6211
100000 1.437 0.71766
100000 1.437 0.52478
100000 1.437 0.73299
100000 1.437 0.70293
100000 1.437 0.34477
100000 1.437 0.60322
100000 1.437 0.16986
100000 1.437 0.59689
100000 1.437 0.69492
100000 1.437 0.64895
100000 1.437 0.73905
100000 1.437 0.59039
100000 1.437 0.63148
100000 1.437 0.57759
100000 1.437 0.59858
100000 1.437 0.62274
100000 1.437 0.61538
100000 1.437 0.72969
100000 1.437 0.75647
100000 1.437 0.73636
100000 1.437 0.55241
100000 1.437 0.72543
100000 1.437 0.80786
100000 1.437 0.54154
100000 1.437 0.60804
100000 1.437 0.73297
100000 1.437 0.55116
100000 1.437 0.79354
100000 1.437 0.75156
100000 1.437 0.74062
100000 1.437 0.67733
100000 1.437 0.71403
100000 1.437 0.71532
100000 1.437 0.62788
100000 1.437 0.52696
100000 1.437 0.62838
100000 1.437 0.6771
100000 1.437 0.70578
100000 1.437 0.68023
100000 1.437 0.44332
100000 1.437 0.70223
100000 1.437 0.69766
100000 1.437 0.48966
100000 1.437 0.46219
100000 1.437 0.62536
100000 1.437 0.62987
100000 1.437 0.69828
100000 1.437 0.61265
100000 1.437 0.73451
100000 1.437 0.68911
100000 1.437 0.62988
100000 1.437 0.65955
100000 1.437 0.71856
100000 1.437 0.713
100000 1.437 0.5989
100000 1.437 0.66922
100000 1.437 0.74867
100000 1.437 0.74131
100000 1.437 0.6627
100000 1.437 0.57647
100000 1.437 0.48376
100000 1.437 0.342
100000 1.437 0.7405
100000 1.437 0.62062
100000 1.437 0.77143
100000 1.437 0.76654
100000 1.437 0.76504
100000 1.437 0.69677
100000 1.437 0.65855
100000 1.437 0.64428
100000 1.437 0.70482
100000 1.437 0.68877
100000 1.437 0.6395
100000 1.437 0.77655
100000 1.437 0.68003
100000 1.437 0.75355
100000 1.437 0.65395
100000 1.437 0.50827
100000 1.437 0.72461
100000 1.437 0.66325
100000 1.437 0.72619
100000 1.437 0.6437
100000 1.437 0.72735
100000 1.437 0.54217
100000 1.437 0.75987
100000 1.437 0.53598
100000 1.437 0.4556
100000 1.437 0.74467
100000 1.437 0.57873
100000 1.437 0.65497
100000 1.437 0.63992
100000 1.437 0.59736
100000 1.437 0.68725
100000 1.437 0.59881
100000 1.437 0.70709
100000 1.437 0.59186
100000 1.437 0.72761
100000 1.437 0.7162
100000 1.437 0.71648
100000 1.437 0.6412
100000 1.437 0.68879
100000 1.437 0.53628
100000 1.437 0.64661
100000 1.437 0.7156
100000 1.437 0.70488
100000 1.437 0.71841
100000 1.437 0.35344
100000 1.437 0.70585
100000 1.437 0.72965
100000 1.437 0.5759
100000 1.437 0.6914
100000 1.437 0.47116
100000 1.437 0.61071
100000 1.437 0.41584
100000 1.437 0.57197
100000 1.437 0.50983
100000 1.437 0.60579
100000 1.437 0.67575
100000 1.437 0.68481
100000 1.437 0.67922
100000 1.437 0.78144
100000 1.437 0.34507
100000 1.437 0.55349
100000 1.437 0.53005
100000 1.437 0.65348
100000 1.437 0.74126
100000 1.437 0.52962
100000 1.437 0.66878
100000 1.437 0.48163
100000 1.437 0.73355
100000 1.437 0.58845
100000 1.437 0.42172
100000 1.437 0.66941
100000 1.437 0.72142
100000 1.437 0.5986
100000 1.437 0.28507
100000 1.437 0.67196
100000 1.437 0.41613
100000 1.437 0.62785
100000 1.437 0.77941
100000 1.437 0.67705
100000 1.437 0.67622
100000 1.437 0.36761
100000 1.437 0.67863
100000 1.437 0.71336
100000 1.437 0.69999
100000 1.437 0.73583
100000 1.437 0.71188
100000 1.437 0.56148
100000 1.437 0.71739
100000 1.437 0.58387
100000 1.437 0.68009
100000 1.437 0.31605
100000 1.437 0.68797
100000 1.437 0.6799
100000 1.437 0.72679
100000 1.437 0.60037
100000 1.437 0.54767
100000 1.437 0.72907
100000 1.437 0.62025
100000 1.437 0.27545
100000 1.437 0.30796
100000 1.437 0.41259
100000 1.437 0.7165
100000 1.437 0.64227
100000 1.437 0.66675
100000 1.437 0.73812
100000 1.437 0.30941
100000 1.437 0.74557
100000 1.437 0.71834
100000 1.437 0.53171
100000 1.437 0.42784
100000 1.437 0.68072
100000 1.437 0.51351
100000 1.437 0.67577
100000 1.437 0.51508
100000 1.437 0.27605
100000 1.437 0.67272
100000 1.437 0.66817
100000 1.437 0.63148
100000 1.437 0.36889
100000 1.437 0.68398
100000 1.437 0.65171
100000 1.437 0.67591
100000 1.437 0.68377
100000 1.437 0.75482
100000 1.437 0.68511
100000 1.437 0.65573
100000 1.437 0.71628
100000 1.437 0.73632
100000 1.437 0.50141
100000 1.437 0.52826
100000 1.437 0.69116
100000 1.437 0.69223
100000 1.437 0.74921
100000 1.437 0.4518
100000 1.437 0.53005
100000 1.437 0.64168
100000 1.437 0.60746
100000 1.437 0.76614
100000 1.437 0.34565
100000 1.437 0.34418
100000 1.437 0.5295
100000 1.437 0.61568
100000 1.437 0.58936
100000 1.437 0.38039
100000 1.437 0.68742
100000 1.437 0.5339
100000 1.437 0.73418
100000 1.437 0.59692
100000 1.437 0.62176
100000 1.437 0.64445
100000 1.437 0.59453
100000 1.437 0.68828
100000 1.437 0.68412
100000 1.437 0.65343
100000 1.437 0.68059
100000 1.437 0.69509
100000 1.437 0.68547
100000 1.437 0.43381
100000 1.437 0.62687
100000 1.437 0.73801
100000 1.437 0.58933
100000 1.437 0.59928
100000 1.437 0.58518
100000 1.437 0.7333
100000 1.437 0.34937
100000 1.437 0.43871
100000 1.437 0.64803
100000 1.437 0.75125
100000 1.437 0.73037
100000 1.437 0.70511
100000 1.437 0.70165
100000 1.437 0.45052
100000 1.437 0.53212
100000 1.437 0.775
100000 1.437 0.5254
100000 1.437 0.39862
100000 1.437 0.65798
100000 1.437 0.68557
100000 1.437 0.69431
100000 1.437 0.72427
100000 1.437 0.64898
100000 1.437 0.69016
100000 1.437 0.72347
100000 1.437 0.71122
100000 1.437 0.42065
100000 1.437 0.36707
100000 1.437 0.60484
100000 1.437 0.72709
100000 1.437 0.61752
100000 1.437 0.73382
100000 1.437 0.5774
100000 1.437 0.7419
100000 1.437 0.66322
100000 1.437 0.69807
100000 1.437 0.76064
100000 1.437 0.37571
100000 1.437 0.67322
100000 1.437 0.75955
100000 1.437 0.74893
100000 1.437 0.73599
100000 1.437 0.66163
100000 1.437 0.57784
100000 1.437 0.60616
100000 1.437 0.66078
100000 1.437 0.71428
100000 1.437 0.63032
100000 1.437 0.62906
100000 1.437 0.57976
100000 1.437 0.351
100000 1.437 0.75466
100000 1.437 0.54984
100000 1.437 0.40189
100000 1.437 0.73193
100000 1.437 0.67624
100000 1.437 0.63963
100000 1.437 0.67973
100000 1.437 0.69203
100000 1.437 0.60431
100000 1.437 0.72814
100000 1.437 0.54327
100000 1.437 0.52958
100000 1.437 0.72423
100000 1.437 0.48835
100000 1.437 0.61614
100000 1.437 0.6581
100000 1.437 0.69158
100000 1.437 0.72627
100000 1.437 0.66339
100000 1.437 0.58928
100000 1.437 0.6587
100000 1.437 0.51525
100000 1.437 0.52269
100000 1.437 0.69588
100000 1.437 0.65814
100000 1.437 0.67409
100000 1.437 0.57079
100000 1.437 0.5565
100000 1.437 0.57124
100000 1.437 0.63083
100000 1.437 0.56106
100000 1.437 0.36899
100000 1.437 0.66105
100000 1.437 0.57745
100000 1.437 0.7228
100000 1.437 0.66608
100000 1.437 0.62393
100000 1.437 0.63029
100000 1.437 0.66913
100000 1.437 0.58635
100000 1.437 0.621
100000 1.437 0.72116
100000 1.437 0.63583
100000 1.437 0.55746
100000 1.437 0.7386
100000 1.437 0.6989
100000 1.437 0.59651
100000 1.437 0.64431
100000 1.437 0.67313
100000 1.437 0.67391
100000 1.437 0.70592
100000 1.437 0.68356
100000 1.437 0.50484
100000 1.437 0.29048
100000 1.437 0.55325
100000 1.437 0.61212
100000 1.437 0.71728
100000 1.437 0.6882
100000 1.437 0.71313
100000 1.437 0.7441
100000 1.437 0.69606
100000 1.437 0.64132
100000 1.437 0.46879
100000 1.437 0.77635
100000 1.437 0.68131
100000 1.437 0.64867
100000 1.437 0.72757
100000 1.437 0.75318
100000 1.437 0.702
100000 1.437 0.25949
100000 1.437 0.63181
100000 1.437 0.65871
100000 1.437 0.69579
100000 1.437 0.46177
100000 1.437 0.6721
100000 1.437 0.67232
100000 1.437 0.67459
100000 1.437 0.68618
100000 1.437 0.60584
100000 1.437 0.73917
100000 1.437 0.64703
100000 1.437 0.68172
100000 1.437 0.48606
100000 1.437 0.66891
100000 1.437 0.64935
100000 1.437 0.50405
100000 1.437 0.70142
100000 1.437 0.72188
100000 1.437 0.70721
100000 1.437 0.63758
100000 1.437 0.75986
100000 1.437 0.71785
100000 1.437 0.43559
100000 1.437 0.55145
100000 1.437 0.64946
100000 1.437 0.58245
100000 1.437 0.68057
100000 1.437 0.64228
100000 1.437 0.70816
100000 1.437 0.72868
100000 1.437 0.63232
100000 1.437 0.52648
100000 1.437 0.33142
100000 1.437 0.64747
100000 1.437 0.74824
100000 1.437 0.65341
100000 1.437 0.38677
100000 1.437 0.65234
100000 1.437 0.7407
100000 1.437 0.72932
100000 1.437 0.33145
100000 1.437 0.73024
100000 1.437 0.68287
100000 1.437 0.54771
100000 1.437 0.68352
100000 1.437 0.27294
100000 1.437 0.63879
100000 1.437 0.73309
100000 1.437 0.5049
100000 1.437 0.72487
100000 1.437 0.4488
100000 1.437 0.73689
100000 1.437 0.69725
100000 1.437 0.69912
100000 1.437 0.43497
100000 1.437 0.58071
100000 1.437 0.66255
100000 1.437 0.64318
100000 1.437 0.51347
100000 1.437 0.63227
100000 1.437 0.69635
100000 1.437 0.67417
100000 1.437 0.64198
100000 1.437 0.76397
100000 1.437 0.68962
100000 1.437 0.69609
100000 1.437 0.55332
100000 1.437 0.59339
100000 1.437 0.34678
100000 1.437 0.34513
100000 1.437 0.68022
100000 1.437 0.49798
100000 1.437 0.45043
100000 1.437 0.60142
100000 1.437 0.72223
100000 1.437 0.67295
100000 1.437 0.66466
100000 1.437 0.52059
100000 1.437 0.62108
100000 1.437 0.57767
100000 1.437 0.72703
100000 1.437 0.60721
100000 1.437 0.62559
100000 1.437 0.71264
100000 1.437 0.46562
100000 1.437 0.66727
100000 1.437 0.57417
100000 1.437 0.40009
100000 1.437 0.71179
100000 1.437 0.67474
100000 1.437 0.72123
100000 1.437 0.7122
100000 1.437 0.74521
100000 1.437 0.75877
100000 1.437 0.45722
100000 1.437 0.62281
100000 1.437 0.60633
100000 1.437 0.64352
100000 1.437 0.69647
100000 1.437 0.70957
100000 1.437 0.67639
100000 1.437 0.35844
100000 1.437 0.75292
100000 1.437 0.71222
100000 1.437 0.64796
100000 1.437 0.64231
100000 1.437 0.56367
100000 1.437 0.5967
100000 1.437 0.61553
100000 1.437 0.67577
100000 1.437 0.6563
100000 1.437 0.64478
100000 1.437 0.67648
100000 1.437 0.55337
100000 1.437 0.57575
100000 1.437 0.41547
100000 1.437 0.5966
100000 1.437 0.73138
100000 1.437 0.73416
100000 1.437 0.67765
100000 1.437 0.67669
100000 1.437 0.71567
100000 1.437 0.40397
100000 1.437 0.58654
100000 1.437 0.67113
100000 1.437 0.69678
100000 1.437 0.62221
100000 1.437 0.6871
100000 1.437 0.72687
100000 1.437 0.63067
100000 1.437 0.70596
100000 1.437 0.45247
100000 1.437 0.30708
100000 1.437 0.39132
100000 1.437 0.51505
100000 1.437 0.69644
100000 1.437 0.72862
100000 1.437 0.6843
100000 1.437 0.32976
100000 1.437 0.73272
100000 1.437 0.7653
100000 1.437 0.51093
100000 1.437 0.79942
100000 1.437 0.48752
100000 1.437 0.68745
100000 1.437 0.6774
100000 1.437 0.75407
100000 1.437 0.64133
100000 1.437 0.58354
100000 1.437 0.65845
100000 1.437 0.68536
100000 1.437 0.47328
100000 1.437 0.5013
100000 1.437 0.29121
100000 1.437 0.51432
100000 1.437 0.65201
100000 1.437 0.64816
100000 1.437 0.70379
100000 1.437 0.65836
100000 1.437 0.51556
100000 1.437 0.75374
100000 1.437 0.74462
100000 1.437 0.32104
100000 1.437 0.73501
100000 1.437 0.62004
100000 1.437 0.7213
100000 1.437 0.74338
100000 1.437 0.27093
100000 1.437 0.49043
100000 1.437 0.58802
100000 1.437 0.56723
100000 1.437 0.63258
100000 1.437 0.57192
100000 1.437 0.70524
100000 1.437 0.48799
100000 1.437 0.61358
100000 1.437 0.65614
100000 1.437 0.63504
100000 1.437 0.74517
100000 1.437 0.71763
100000 1.437 0.72571
100000 1.437 0.6722
100000 1.437 0.68268
100000 1.437 0.52914
100000 1.437 0.76948
100000 1.437 0.67949
100000 1.437 0.59253
100000 1.437 0.68684
100000 1.437 0.56697
100000 1.437 0.63138
100000 1.437 0.58987
100000 1.437 0.71569
100000 1.437 0.50405
100000 1.437 0.69557
100000 1.437 0.66455
100000 1.437 0.74841
100000 1.437 0.60159
100000 1.437 0.71221
100000 1.437 0.58337
100000 1.437 0.65704
100000 1.437 0.36847
100000 1.437 0.72635
100000 1.437 0.56247
100000 1.437 0.51521
100000 1.437 0.73638
100000 1.437 0.32053
100000 1.437 0.50335
100000 1.437 0.62183
100000 1.437 0.71702
100000 1.437 0.61872
100000 1.437 0.42975
100000 1.437 0.67528
100000 1.437 0.69321
100000 1.437 0.72802
100000 1.437 0.61347
100000 1.437 0.7065
100000 1.437 0.71439
100000 1.437 0.64922
100000 1.437 0.3711
100000 1.437 0.74611
100000 1.437 0.74543
100000 1.437 0.65391
100000 1.437 0.73362
100000 1.437 0.46152
100000 1.437 0.38153
100000 1.437 0.71597
100000 1.437 0.32899
100000 1.437 0.6323
100000 1.437 0.75337
100000 1.437 0.69157
100000 1.437 0.71803
100000 1.437 0.72257
100000 1.437 0.68686
100000 1.437 0.64131
100000 1.437 0.67811
100000 1.437 0.76628
100000 1.437 0.55959
100000 1.437 0.43761
100000 1.437 0.71195
100000 1.437 0.71051
100000 1.437 0.39776
100000 1.437 0.6008
100000 1.437 0.5727
100000 1.437 0.41786
100000 1.437 0.71368
100000 1.437 0.5458
100000 1.437 0.75109
100000 1.437 0.5592
100000 1.437 0.71947
100000 1.437 0.70877
100000 1.437 0.73632
100000 1.437 0.61682
100000 1.437 0.41451
100000 1.437 0.60333
100000 1.437 0.5019
100000 1.437 0.69445
100000 1.437 0.60115
100000 1.437 0.63856
100000 1.437 0.56283
100000 1.437 0.67265
100000 1.437 0.63866
100000 1.437 0.68349
100000 1.437 0.7017
100000 1.437 0.67227
100000 1.437 0.64615
100000 1.437 0.74393
100000 1.437 0.47444
100000 1.437 0.49517
100000 1.437 0.54196
100000 1.437 0.67909
100000 1.437 0.41114
100000 1.437 0.56686
100000 1.437 0.56897
100000 1.437 0.60289
100000 1.437 0.68321
100000 1.437 0.71854
100000 1.437 0.65723
100000 1.437 0.41982
100000 1.437 0.67297
100000 1.437 0.60075
100000 1.437 0.50971
100000 1.437 0.63937
100000 1.437 0.65111
100000 1.437 0.58997
100000 1.437 0.72981
100000 1.437 0.65385
100000 1.437 0.69526
100000 1.437 0.56561
100000 1.437 0.68332
100000 1.437 0.68366
100000 1.437 0.71055
100000 1.437 0.67896
100000 1.437 0.45445
100000 1.437 0.61212
100000 1.437 0.55715
100000 1.437 0.67766
100000 1.437 0.37135
100000 1.437 0.69239
100000 1.437 0.61773
100000 1.437 0.40194
100000 1.437 0.60071
100000 1.437 0.24145
100000 1.437 0.66436
100000 1.437 0.60577
100000 1.437 0.38295
100000 1.437 0.72436
100000 1.437 0.65842
100000 1.437 0.66704
100000 1.437 0.70571
