1000000000 1.437 0.424076
1000000000 1.437 0.480204
1000000000 1.437 0.506358
1000000000 1.437 0.402925
1000000000 1.437 0.469874
1000000000 1.437 0.462241
1000000000 1.437 0.447472
1000000000 1.437 0.419192
1000000000 1.437 0.468484
1000000000 1.437 0.461698
1000000000 1.437 0.484501
1000000000 1.437 0.462305
1000000000 1.437 0.444304
1000000000 1.437 0.389826
1000000000 1.437 0.431682
1000000000 1.437 0.495198
1000000000 1.437 0.47963
1000000000 1.437 0.492014
1000000000 1.437 0.467653
1000000000 1.437 0.477702
