100000000 1.437 0.40502
100000000 1.437 0.523766
100000000 1.437 0.496324
100000000 1.437 0.502374
100000000 1.437 0.506499
100000000 1.437 0.488222
100000000 1.437 0.498148
100000000 1.437 0.320407
100000000 1.437 0.541878
100000000 1.437 0.512132
100000000 1.437 0.50463
100000000 1.437 0.554094
100000000 1.437 0.51971
100000000 1.437 0.50068
100000000 1.437 0.494836
100000000 1.437 0.522062
100000000 1.437 0.499686
100000000 1.437 0.540278
100000000 1.437 0.486443
100000000 1.437 0.538501
100000000 1.437 0.527889
100000000 1.437 0.437728
100000000 1.437 0.52929
100000000 1.437 0.438221
100000000 1.437 0.371218
100000000 1.437 0.550762
100000000 1.437 0.50677
100000000 1.437 0.52919
100000000 1.437 0.43734
100000000 1.437 0.460884
100000000 1.437 0.478832
100000000 1.437 0.471076
100000000 1.437 0.236179
100000000 1.437 0.45618
100000000 1.437 0.356102
100000000 1.437 0.480781
100000000 1.437 0.418769
100000000 1.437 0.521753
100000000 1.437 0.521211
100000000 1.437 0.542608
100000000 1.437 0.484855
100000000 1.437 0.412754
100000000 1.437 0.5095
100000000 1.437 0.424892
100000000 1.437 0.536408
100000000 1.437 0.53852
100000000 1.437 0.554477
100000000 1.437 0.499589
100000000 1.437 0.278712
100000000 1.437 0.500467
100000000 1.437 0.513773
100000000 1.437 0.501332
100000000 1.437 0.527468
100000000 1.437 0.541859
100000000 1.437 0.533932
100000000 1.437 0.528004
100000000 1.437 0.540419
100000000 1.437 0.502546
100000000 1.437 0.455011
100000000 1.437 0.471531
100000000 1.437 0.46725
100000000 1.437 0.552287
100000000 1.437 0.441171
100000000 1.437 0.313773
100000000 1.437 0.504487
100000000 1.437 0.519441
100000000 1.437 0.5339
100000000 1.437 0.507535
100000000 1.437 0.449104
100000000 1.437 0.520203
100000000 1.437 0.461201
100000000 1.437 0.500523
100000000 1.437 0.542438
100000000 1.437 0.405796
100000000 1.437 0.460982
100000000 1.437 0.554603
100000000 1.437 0.53946
100000000 1.437 0.549122
100000000 1.437 0.53622
100000000 1.437 0.437369
100000000 1.437 0.507358
100000000 1.437 0.51791
100000000 1.437 0.499944
100000000 1.437 0.508124
100000000 1.437 0.528075
100000000 1.437 0.461024
100000000 1.437 0.398737
100000000 1.437 0.53667
100000000 1.437 0.528854
100000000 1.437 0.470822
100000000 1.437 0.524874
100000000 1.437 0.427415
100000000 1.437 0.415976
100000000 1.437 0.503795
100000000 1.437 0.225417
100000000 1.437 0.478461
100000000 1.437 0.538838
100000000 1.437 0.446303
100000000 1.437 0.480934
100000000 1.437 0.49876
100000000 1.437 0.48853
100000000 1.437 0.423201
100000000 1.437 0.554268
100000000 1.437 0.558314
100000000 1.437 0.551827
100000000 1.437 0.49126
100000000 1.437 0.518399
100000000 1.437 0.533988
100000000 1.437 0.465381
100000000 1.437 0.513607
100000000 1.437 0.462094
100000000 1.437 0.567654
100000000 1.437 0.559052
100000000 1.437 0.464079
100000000 1.437 0.481418
100000000 1.437 0.546003
100000000 1.437 0.529944
100000000 1.437 0.516383
100000000 1.437 0.302197
100000000 1.437 0.451705
100000000 1.437 0.459846
100000000 1.437 0.524067
100000000 1.437 0.477073
100000000 1.437 0.53747
100000000 1.437 0.560269
100000000 1.437 0.269081
100000000 1.437 0.458826
100000000 1.437 0.444715
100000000 1.437 0.274799
100000000 1.437 0.511236
100000000 1.437 0.521371
100000000 1.437 0.569463
100000000 1.437 0.515366
100000000 1.437 0.345796
100000000 1.437 0.543408
100000000 1.437 0.537588
100000000 1.437 0.553812
100000000 1.437 0.407873
100000000 1.437 0.563806
100000000 1.437 0.512569
100000000 1.437 0.47713
100000000 1.437 0.44603
100000000 1.437 0.517235
100000000 1.437 0.416597
100000000 1.437 0.544392
100000000 1.437 0.512235
100000000 1.437 0.510571
100000000 1.437 0.547006
100000000 1.437 0.357753
100000000 1.437 0.457732
100000000 1.437 0.52092
100000000 1.437 0.547261
100000000 1.437 0.570035
100000000 1.437 0.499819
100000000 1.437 0.547061
100000000 1.437 0.536973
100000000 1.437 0.474068
100000000 1.437 0.528122
100000000 1.437 0.469153
100000000 1.437 0.302682
100000000 1.437 0.487376
100000000 1.437 0.417496
100000000 1.437 0.370579
100000000 1.437 0.419342
100000000 1.437 0.486414
100000000 1.437 0.500853
100000000 1.437 0.477015
100000000 1.437 0.497616
100000000 1.437 0.510731
100000000 1.437 0.49472
100000000 1.437 0.56067
100000000 1.437 0.522768
100000000 1.437 0.49112
100000000 1.437 0.471773
100000000 1.437 0.496659
100000000 1.437 0.477696
100000000 1.437 0.369133
100000000 1.437 0.434936
100000000 1.437 0.53899
100000000 1.437 0.523945
100000000 1.437 0.522943
100000000 1.437 0.522441
100000000 1.437 0.39413
100000000 1.437 0.518852
100000000 1.437 0.532563
100000000 1.437 0.551163
100000000 1.437 0.495456
100000000 1.437 0.343914
100000000 1.437 0.540533
100000000 1.437 0.487111
100000000 1.437 0.54321
100000000 1.437 0.357616
100000000 1.437 0.567684
100000000 1.437 0.516888
100000000 1.437 0.367997
100000000 1.437 0.561459
100000000 1.437 0.580882
100000000 1.437 0.514276
100000000 1.437 0.392797
100000000 1.437 0.498283
