1000000 1.437 0.363534
1000000 1.437 0.641161
1000000 1.437 0.657849
1000000 1.437 0.493403
1000000 1.437 0.575332
1000000 1.437 0.365444
1000000 1.437 0.560207
1000000 1.437 0.614703
1000000 1.437 0.517858
1000000 1.437 0.586923
1000000 1.437 0.571938
1000000 1.437 0.617301
1000000 1.437 0.555843
1000000 1.437 0.570966
1000000 1.437 0.164241
1000000 1.437 0.669744
1000000 1.437 0.514225
1000000 1.437 0.560527
1000000 1.437 0.546763
1000000 1.437 0.645314
1000000 1.437 0.574233
1000000 1.437 0.506999
1000000 1.437 0.607051
1000000 1.437 0.593504
1000000 1.437 0.411873
1000000 1.437 0.659959
1000000 1.437 0.362706
1000000 1.437 0.617806
1000000 1.437 0.565625
1000000 1.437 0.650718
1000000 1.437 0.581065
1000000 1.437 0.695757
1000000 1.437 0.636045
1000000 1.437 0.463769
1000000 1.437 0.5582
1000000 1.437 0.344761
1000000 1.437 0.568506
1000000 1.437 0.538754
1000000 1.437 0.615411
1000000 1.437 0.524078
1000000 1.437 0.474046
1000000 1.437 0.534605
1000000 1.437 0.445155
1000000 1.437 0.680586
1000000 1.437 0.635414
1000000 1.437 0.659766
1000000 1.437 0.574049
1000000 1.437 0.700708
1000000 1.437 0.590576
1000000 1.437 0.51661
1000000 1.437 0.682835
1000000 1.437 0.582585
1000000 1.437 0.595874
1000000 1.437 0.194222
1000000 1.437 0.553575
1000000 1.437 0.389228
1000000 1.437 0.671186
1000000 1.437 0.586121
1000000 1.437 0.583384
1000000 1.437 0.598967
1000000 1.437 0.669771
1000000 1.437 0.6093
1000000 1.437 0.653179
1000000 1.437 0.432572
1000000 1.437 0.623241
1000000 1.437 0.609691
1000000 1.437 0.639006
1000000 1.437 0.650075
1000000 1.437 0.633727
1000000 1.437 0.615451
1000000 1.437 0.617453
1000000 1.437 0.415193
1000000 1.437 0.556017
1000000 1.437 0.521466
1000000 1.437 0.246443
1000000 1.437 0.452488
1000000 1.437 0.592909
1000000 1.437 0.610932
1000000 1.437 0.674099
1000000 1.437 0.551316
1000000 1.437 0.658468
1000000 1.437 0.541613
1000000 1.437 0.431281
1000000 1.437 0.661288
1000000 1.437 0.659368
1000000 1.437 0.64003
1000000 1.437 0.594134
1000000 1.437 0.265625
1000000 1.437 0.575421
1000000 1.437 0.567292
1000000 1.437 0.630317
1000000 1.437 0.398677
1000000 1.437 0.633567
1000000 1.437 0.444208
1000000 1.437 0.542459
1000000 1.437 0.6657
1000000 1.437 0.379849
1000000 1.437 0.590602
1000000 1.437 0.451463
1000000 1.437 0.576852
1000000 1.437 0.470738
1000000 1.437 0.560498
1000000 1.437 0.555052
1000000 1.437 0.558014
1000000 1.437 0.648552
1000000 1.437 0.358335
1000000 1.437 0.270009
1000000 1.437 0.483694
1000000 1.437 0.511264
1000000 1.437 0.610795
1000000 1.437 0.58969
1000000 1.437 0.619215
1000000 1.437 0.642233
1000000 1.437 0.622359
1000000 1.437 0.585285
1000000 1.437 0.652677
1000000 1.437 0.549029
1000000 1.437 0.648753
1000000 1.437 0.61398
1000000 1.437 0.24485
1000000 1.437 0.603379
1000000 1.437 0.652613
1000000 1.437 0.340707
1000000 1.437 0.418066
1000000 1.437 0.57389
1000000 1.437 0.566633
1000000 1.437 0.67537
1000000 1.437 0.570325
1000000 1.437 0.588737
1000000 1.437 0.407203
1000000 1.437 0.59563
1000000 1.437 0.578428
1000000 1.437 0.573893
1000000 1.437 0.562803
1000000 1.437 0.681739
1000000 1.437 0.582051
1000000 1.437 0.651035
1000000 1.437 0.688916
1000000 1.437 0.643294
1000000 1.437 0.63452
1000000 1.437 0.546823
1000000 1.437 0.533796
1000000 1.437 0.660739
1000000 1.437 0.555323
1000000 1.437 0.478447
1000000 1.437 0.614572
1000000 1.437 0.652189
1000000 1.437 0.579892
1000000 1.437 0.580367
1000000 1.437 0.318787
1000000 1.437 0.640178
1000000 1.437 0.594062
1000000 1.437 0.431822
1000000 1.437 0.629848
1000000 1.437 0.563311
1000000 1.437 0.501927
1000000 1.437 0.469149
1000000 1.437 0.670519
1000000 1.437 0.569962
1000000 1.437 0.303515
1000000 1.437 0.545745
1000000 1.437 0.669751
1000000 1.437 0.601858
1000000 1.437 0.58008
1000000 1.437 0.53711
1000000 1.437 0.549987
1000000 1.437 0.654077
1000000 1.437 0.608071
1000000 1.437 0.662967
1000000 1.437 0.62247
1000000 1.437 0.61486
1000000 1.437 0.282611
1000000 1.437 0.576107
1000000 1.437 0.586472
1000000 1.437 0.292925
1000000 1.437 0.528511
1000000 1.437 0.658343
1000000 1.437 0.678274
1000000 1.437 0.438721
1000000 1.437 0.632825
1000000 1.437 0.524107
1000000 1.437 0.592812
1000000 1.437 0.516236
1000000 1.437 0.510162
1000000 1.437 0.548899
1000000 1.437 0.661482
1000000 1.437 0.529556
1000000 1.437 0.329391
1000000 1.437 0.616964
1000000 1.437 0.457871
1000000 1.437 0.412424
1000000 1.437 0.482758
1000000 1.437 0.655004
1000000 1.437 0.655806
1000000 1.437 0.652845
1000000 1.437 0.701891
1000000 1.437 0.664241
1000000 1.437 0.421853
1000000 1.437 0.595273
1000000 1.437 0.632514
1000000 1.437 0.547726
1000000 1.437 0.63551
1000000 1.437 0.592104
1000000 1.437 0.605099
1000000 1.437 0.593032
1000000 1.437 0.588542
1000000 1.437 0.535759
1000000 1.437 0.636427
1000000 1.437 0.598758
1000000 1.437 0.641778
1000000 1.437 0.582491
1000000 1.437 0.529768
1000000 1.437 0.643547
1000000 1.437 0.480705
1000000 1.437 0.660909
1000000 1.437 0.629814
1000000 1.437 0.433164
1000000 1.437 0.553826
1000000 1.437 0.389755
1000000 1.437 0.322412
1000000 1.437 0.672839
1000000 1.437 0.520809
1000000 1.437 0.605317
1000000 1.437 0.338538
1000000 1.437 0.55601
1000000 1.437 0.273642
1000000 1.437 0.559052
1000000 1.437 0.660183
1000000 1.437 0.45374
1000000 1.437 0.634409
1000000 1.437 0.643465
1000000 1.437 0.450691
1000000 1.437 0.517451
1000000 1.437 0.622511
1000000 1.437 0.393288
1000000 1.437 0.465833
1000000 1.437 0.554225
1000000 1.437 0.682712
1000000 1.437 0.452779
1000000 1.437 0.416385
1000000 1.437 0.350539
1000000 1.437 0.65838
1000000 1.437 0.687353
1000000 1.437 0.642997
1000000 1.437 0.704883
1000000 1.437 0.567435
1000000 1.437 0.548762
1000000 1.437 0.432662
1000000 1.437 0.559115
1000000 1.437 0.676212
1000000 1.437 0.472729
1000000 1.437 0.324625
1000000 1.437 0.473574
1000000 1.437 0.657736
1000000 1.437 0.634993
1000000 1.437 0.618803
1000000 1.437 0.34306
1000000 1.437 0.551
1000000 1.437 0.346452
1000000 1.437 0.537643
1000000 1.437 0.677038
1000000 1.437 0.438228
1000000 1.437 0.631902
1000000 1.437 0.502506
1000000 1.437 0.653949
1000000 1.437 0.207156
1000000 1.437 0.592003
1000000 1.437 0.657959
1000000 1.437 0.496476
1000000 1.437 0.523802
1000000 1.437 0.623523
1000000 1.437 0.426086
1000000 1.437 0.681376
1000000 1.437 0.631091
1000000 1.437 0.574344
1000000 1.437 0.616961
1000000 1.437 0.241616
1000000 1.437 0.659217
1000000 1.437 0.52582
1000000 1.437 0.392605
1000000 1.437 0.636686
1000000 1.437 0.447791
1000000 1.437 0.60975
1000000 1.437 0.636707
1000000 1.437 0.600752
1000000 1.437 0.465922
1000000 1.437 0.658563
1000000 1.437 0.645556
1000000 1.437 0.554102
1000000 1.437 0.639731
1000000 1.437 0.578702
1000000 1.437 0.563305
1000000 1.437 0.627621
1000000 1.437 0.533596
1000000 1.437 0.344104
1000000 1.437 0.684216
1000000 1.437 0.647446
1000000 1.437 0.65989
1000000 1.437 0.57389
1000000 1.437 0.664084
1000000 1.437 0.569768
1000000 1.437 0.597134
1000000 1.437 0.539804
1000000 1.437 0.618416
1000000 1.437 0.619396
1000000 1.437 0.673807
1000000 1.437 0.41967
1000000 1.437 0.660577
1000000 1.437 0.634749
1000000 1.437 0.63151
1000000 1.437 0.691682
1000000 1.437 0.528144
1000000 1.437 0.627194
1000000 1.437 0.647748
1000000 1.437 0.650242
1000000 1.437 0.638906
1000000 1.437 0.632083
1000000 1.437 0.643199
1000000 1.437 0.686885
1000000 1.437 0.516943
1000000 1.437 0.593293
1000000 1.437 0.641261
1000000 1.437 0.611371
1000000 1.437 0.38484
1000000 1.437 0.673081
1000000 1.437 0.59614
1000000 1.437 0.432642
1000000 1.437 0.591096
1000000 1.437 0.462458
1000000 1.437 0.639407
1000000 1.437 0.645098
1000000 1.437 0.636765
1000000 1.437 0.245986
1000000 1.437 0.640405
1000000 1.437 0.705196
1000000 1.437 0.468334
1000000 1.437 0.417951
1000000 1.437 0.308265
1000000 1.437 0.434023
1000000 1.437 0.600524
1000000 1.437 0.432845
1000000 1.437 0.668759
1000000 1.437 0.590102
1000000 1.437 0.248563
1000000 1.437 0.632946
1000000 1.437 0.636112
1000000 1.437 0.615816
1000000 1.437 0.342593
1000000 1.437 0.674919
1000000 1.437 0.500942
1000000 1.437 0.488482
1000000 1.437 0.478656
1000000 1.437 0.263717
1000000 1.437 0.618703
1000000 1.437 0.620627
1000000 1.437 0.691656
1000000 1.437 0.591091
1000000 1.437 0.606827
1000000 1.437 0.688986
1000000 1.437 0.589367
1000000 1.437 0.52368
1000000 1.437 0.667889
1000000 1.437 0.640212
1000000 1.437 0.664969
1000000 1.437 0.58744
1000000 1.437 0.68725
1000000 1.437 0.46284
1000000 1.437 0.629464
1000000 1.437 0.670814
1000000 1.437 0.453107
1000000 1.437 0.486589
1000000 1.437 0.571298
1000000 1.437 0.648017
1000000 1.437 0.650736
1000000 1.437 0.665086
1000000 1.437 0.541761
1000000 1.437 0.655446
1000000 1.437 0.521118
1000000 1.437 0.539102
1000000 1.437 0.528329
1000000 1.437 0.620529
1000000 1.437 0.552691
1000000 1.437 0.692215
1000000 1.437 0.671657
1000000 1.437 0.292874
1000000 1.437 0.676843
1000000 1.437 0.474382
1000000 1.437 0.369923
1000000 1.437 0.563931
1000000 1.437 0.660819
1000000 1.437 0.519027
1000000 1.437 0.658504
1000000 1.437 0.237054
1000000 1.437 0.613102
1000000 1.437 0.459821
1000000 1.437 0.544277
1000000 1.437 0.591404
1000000 1.437 0.585978
1000000 1.437 0.531868
1000000 1.437 0.711032
1000000 1.437 0.644234
1000000 1.437 0.503384
1000000 1.437 0.687932
1000000 1.437 0.653305
1000000 1.437 0.678245
1000000 1.437 0.604303
1000000 1.437 0.513716
1000000 1.437 0.667798
1000000 1.437 0.596492
1000000 1.437 0.59959
1000000 1.437 0.588882
1000000 1.437 0.364569
1000000 1.437 0.589935
1000000 1.437 0.594799
1000000 1.437 0.676763
1000000 1.437 0.60627
1000000 1.437 0.635825
1000000 1.437 0.535601
1000000 1.437 0.597817
1000000 1.437 0.661413
1000000 1.437 0.654261
1000000 1.437 0.562399
1000000 1.437 0.643284
1000000 1.437 0.368892
1000000 1.437 0.437055
1000000 1.437 0.641802
1000000 1.437 0.657036
1000000 1.437 0.544947
1000000 1.437 0.423952
1000000 1.437 0.667777
1000000 1.437 0.621914
1000000 1.437 0.539135
1000000 1.437 0.585966
1000000 1.437 0.607514
1000000 1.437 0.47249
1000000 1.437 0.43169
1000000 1.437 0.441707
1000000 1.437 0.645793
1000000 1.437 0.395332
1000000 1.437 0.614366
1000000 1.437 0.483894
1000000 1.437 0.613509
1000000 1.437 0.646635
1000000 1.437 0.576157
1000000 1.437 0.639378
1000000 1.437 0.587808
1000000 1.437 0.64549
1000000 1.437 0.561697
1000000 1.437 0.61901
1000000 1.437 0.530365
1000000 1.437 0.512483
1000000 1.437 0.590329
1000000 1.437 0.656874
1000000 1.437 0.66351
1000000 1.437 0.588965
1000000 1.437 0.589381
1000000 1.437 0.552856
1000000 1.437 0.3684
1000000 1.437 0.632731
1000000 1.437 0.570174
1000000 1.437 0.641901
1000000 1.437 0.598553
1000000 1.437 0.561911
1000000 1.437 0.666061
1000000 1.437 0.581852
1000000 1.437 0.627588
1000000 1.437 0.49336
1000000 1.437 0.642482
1000000 1.437 0.616962
1000000 1.437 0.570605
1000000 1.437 0.51227
1000000 1.437 0.592277
1000000 1.437 0.652103
1000000 1.437 0.666297
1000000 1.437 0.634075
1000000 1.437 0.306818
1000000 1.437 0.621294
1000000 1.437 0.447889
1000000 1.437 0.653394
1000000 1.437 0.457717
1000000 1.437 0.567355
1000000 1.437 0.475011
1000000 1.437 0.304912
1000000 1.437 0.564217
1000000 1.437 0.623916
1000000 1.437 0.485008
1000000 1.437 0.571381
1000000 1.437 0.344234
1000000 1.437 0.368586
1000000 1.437 0.594663
1000000 1.437 0.469321
1000000 1.437 0.526545
1000000 1.437 0.608854
1000000 1.437 0.616622
1000000 1.437 0.522452
1000000 1.437 0.576601
1000000 1.437 0.564183
1000000 1.437 0.639109
1000000 1.437 0.657735
1000000 1.437 0.300939
1000000 1.437 0.628702
1000000 1.437 0.66405
1000000 1.437 0.393583
1000000 1.437 0.576206
1000000 1.437 0.465384
1000000 1.437 0.676034
1000000 1.437 0.63342
1000000 1.437 0.493172
1000000 1.437 0.650358
1000000 1.437 0.594277
1000000 1.437 0.578119
1000000 1.437 0.646188
1000000 1.437 0.554494
1000000 1.437 0.475245
1000000 1.437 0.563007
1000000 1.437 0.526484
1000000 1.437 0.655135
1000000 1.437 0.639002
1000000 1.437 0.468545
1000000 1.437 0.625716
1000000 1.437 0.6109
1000000 1.437 0.586715
1000000 1.437 0.639803
1000000 1.437 0.628884
1000000 1.437 0.612496
1000000 1.437 0.576025
1000000 1.437 0.654687
1000000 1.437 0.64978
1000000 1.437 0.645147
1000000 1.437 0.647371
1000000 1.437 0.49097
1000000 1.437 0.505313
1000000 1.437 0.639608
1000000 1.437 0.645092
1000000 1.437 0.514717
1000000 1.437 0.621623
1000000 1.437 0.646697
1000000 1.437 0.671138
1000000 1.437 0.394334
1000000 1.437 0.635089
1000000 1.437 0.579275
1000000 1.437 0.623331
1000000 1.437 0.607112
1000000 1.437 0.454704
1000000 1.437 0.48618
1000000 1.437 0.593523
1000000 1.437 0.61853
1000000 1.437 0.597039
1000000 1.437 0.428561
1000000 1.437 0.418514
1000000 1.437 0.353393
1000000 1.437 0.554563
1000000 1.437 0.47459
1000000 1.437 0.59393
1000000 1.437 0.649064
1000000 1.437 0.670449
1000000 1.437 0.498544
1000000 1.437 0.529422
1000000 1.437 0.659452
1000000 1.437 0.599414
1000000 1.437 0.382862
1000000 1.437 0.488699
1000000 1.437 0.656082
1000000 1.437 0.422272
1000000 1.437 0.692019
1000000 1.437 0.711006
1000000 1.437 0.576512
1000000 1.437 0.279866
1000000 1.437 0.496948
1000000 1.437 0.630823
1000000 1.437 0.703817
1000000 1.437 0.546588
1000000 1.437 0.577039
1000000 1.437 0.454668
1000000 1.437 0.6537
1000000 1.437 0.608102
1000000 1.437 0.681008
1000000 1.437 0.595794
1000000 1.437 0.601657
1000000 1.437 0.656396
1000000 1.437 0.507175
1000000 1.437 0.6789
1000000 1.437 0.577139
1000000 1.437 0.588063
1000000 1.437 0.340666
1000000 1.437 0.409547
1000000 1.437 0.51881
1000000 1.437 0.638975
1000000 1.437 0.570262
1000000 1.437 0.568775
1000000 1.437 0.452546
1000000 1.437 0.566194
1000000 1.437 0.37113
1000000 1.437 0.52711
1000000 1.437 0.656489
1000000 1.437 0.564693
1000000 1.437 0.586084
1000000 1.437 0.579965
1000000 1.437 0.435315
1000000 1.437 0.446493
1000000 1.437 0.529184
1000000 1.437 0.61288
1000000 1.437 0.525007
1000000 1.437 0.65212
1000000 1.437 0.623693
1000000 1.437 0.635816
1000000 1.437 0.602245
1000000 1.437 0.604407
1000000 1.437 0.285628
1000000 1.437 0.671881
1000000 1.437 0.462423
1000000 1.437 0.668055
1000000 1.437 0.674777
1000000 1.437 0.31731
1000000 1.437 0.643984
1000000 1.437 0.635236
1000000 1.437 0.554168
1000000 1.437 0.553332
1000000 1.437 0.506597
1000000 1.437 0.664035
1000000 1.437 0.593593
1000000 1.437 0.640962
1000000 1.437 0.365975
1000000 1.437 0.594685
1000000 1.437 0.302365
1000000 1.437 0.669668
1000000 1.437 0.292605
1000000 1.437 0.628291
1000000 1.437 0.553297
1000000 1.437 0.347446
1000000 1.437 0.638624
1000000 1.437 0.64058
1000000 1.437 0.59553
1000000 1.437 0.435342
1000000 1.437 0.660279
1000000 1.437 0.649612
1000000 1.437 0.691768
1000000 1.437 0.513879
1000000 1.437 0.659224
1000000 1.437 0.690192
1000000 1.437 0.487901
1000000 1.437 0.607019
1000000 1.437 0.618512
1000000 1.437 0.551056
1000000 1.437 0.61311
1000000 1.437 0.64572
1000000 1.437 0.61249
1000000 1.437 0.597183
1000000 1.437 0.654447
1000000 1.437 0.664859
1000000 1.437 0.682273
1000000 1.437 0.55543
1000000 1.437 0.320683
1000000 1.437 0.558453
1000000 1.437 0.550169
1000000 1.437 0.554451
1000000 1.437 0.619661
1000000 1.437 0.394707
1000000 1.437 0.640019
1000000 1.437 0.593596
1000000 1.437 0.601419
1000000 1.437 0.650825
1000000 1.437 0.657859
1000000 1.437 0.627279
1000000 1.437 0.557046
1000000 1.437 0.498569
1000000 1.437 0.625814
1000000 1.437 0.46218
1000000 1.437 0.498174
1000000 1.437 0.493002
1000000 1.437 0.638312
1000000 1.437 0.541145
1000000 1.437 0.516219
1000000 1.437 0.476098
1000000 1.437 0.628478
1000000 1.437 0.532161
1000000 1.437 0.374098
1000000 1.437 0.614707
1000000 1.437 0.439364
1000000 1.437 0.594658
1000000 1.437 0.579851
1000000 1.437 0.606765
1000000 1.437 0.519999
1000000 1.437 0.462094
1000000 1.437 0.546393
1000000 1.437 0.68566
1000000 1.437 0.662735
1000000 1.437 0.582702
1000000 1.437 0.393243
1000000 1.437 0.620471
1000000 1.437 0.659359
1000000 1.437 0.57655
1000000 1.437 0.679297
1000000 1.437 0.568781
1000000 1.437 0.583036
1000000 1.437 0.674319
1000000 1.437 0.523579
1000000 1.437 0.587356
1000000 1.437 0.24732
1000000 1.437 0.609569
1000000 1.437 0.637785
1000000 1.437 0.25468
1000000 1.437 0.513752
1000000 1.437 0.665282
1000000 1.437 0.306128
1000000 1.437 0.553412
1000000 1.437 0.59693
1000000 1.437 0.57406
1000000 1.437 0.616715
1000000 1.437 0.457734
1000000 1.437 0.352343
1000000 1.437 0.581023
1000000 1.437 0.60928
1000000 1.437 0.649036
1000000 1.437 0.349521
1000000 1.437 0.596555
1000000 1.437 0.563108
1000000 1.437 0.637476
1000000 1.437 0.561991
1000000 1.437 0.504147
1000000 1.437 0.542038
1000000 1.437 0.485478
1000000 1.437 0.538446
1000000 1.437 0.65163
1000000 1.437 0.565333
1000000 1.437 0.663977
1000000 1.437 0.471285
1000000 1.437 0.667523
1000000 1.437 0.267683
1000000 1.437 0.608211
1000000 1.437 0.610682
1000000 1.437 0.389972
1000000 1.437 0.416546
1000000 1.437 0.630444
1000000 1.437 0.400789
1000000 1.437 0.530913
1000000 1.437 0.629702
1000000 1.437 0.64227
1000000 1.437 0.637586
1000000 1.437 0.557971
1000000 1.437 0.564507
1000000 1.437 0.318317
1000000 1.437 0.649991
1000000 1.437 0.647474
1000000 1.437 0.664126
1000000 1.437 0.671835
1000000 1.437 0.444309
1000000 1.437 0.598449
1000000 1.437 0.676614
1000000 1.437 0.485281
1000000 1.437 0.659057
1000000 1.437 0.605008
1000000 1.437 0.590096
1000000 1.437 0.463647
1000000 1.437 0.613206
1000000 1.437 0.616798
1000000 1.437 0.548635
1000000 1.437 0.594461
1000000 1.437 0.618679
1000000 1.437 0.623642
1000000 1.437 0.58065
1000000 1.437 0.361573
1000000 1.437 0.67292
1000000 1.437 0.478685
1000000 1.437 0.512886
1000000 1.437 0.488982
1000000 1.437 0.32312
1000000 1.437 0.421544
1000000 1.437 0.608361
1000000 1.437 0.52997
1000000 1.437 0.521276
1000000 1.437 0.609799
1000000 1.437 0.656478
1000000 1.437 0.565455
1000000 1.437 0.426279
1000000 1.437 0.435588
1000000 1.437 0.427115
1000000 1.437 0.56821
1000000 1.437 0.32844
1000000 1.437 0.56641
1000000 1.437 0.263214
1000000 1.437 0.472458
1000000 1.437 0.638297
1000000 1.437 0.4916
1000000 1.437 0.620002
1000000 1.437 0.603289
1000000 1.437 0.462031
1000000 1.437 0.588813
1000000 1.437 0.240929
1000000 1.437 0.525277
1000000 1.437 0.631416
1000000 1.437 0.224435
1000000 1.437 0.209044
1000000 1.437 0.509738
1000000 1.437 0.198887
1000000 1.437 0.559987
1000000 1.437 0.550137
1000000 1.437 0.550916
1000000 1.437 0.581827
1000000 1.437 0.554028
1000000 1.437 0.703029
1000000 1.437 0.615078
1000000 1.437 0.685651
1000000 1.437 0.397506
1000000 1.437 0.476713
1000000 1.437 0.59824
1000000 1.437 0.61679
1000000 1.437 0.633527
1000000 1.437 0.269575
1000000 1.437 0.598658
1000000 1.437 0.549729
1000000 1.437 0.661145
1000000 1.437 0.690107
1000000 1.437 0.623508
1000000 1.437 0.455811
1000000 1.437 0.682665
1000000 1.437 0.615063
1000000 1.437 0.655991
1000000 1.437 0.592662
1000000 1.437 0.603231
1000000 1.437 0.616711
1000000 1.437 0.220014
1000000 1.437 0.61371
1000000 1.437 0.610982
1000000 1.437 0.681375
1000000 1.437 0.637273
1000000 1.437 0.614159
1000000 1.437 0.516546
1000000 1.437 0.54125
1000000 1.437 0.431936
1000000 1.437 0.612064
1000000 1.437 0.532323
1000000 1.437 0.484359
1000000 1.437 0.566756
1000000 1.437 0.480796
1000000 1.437 0.688824
1000000 1.437 0.551611
1000000 1.437 0.667566
1000000 1.437 0.589873
1000000 1.437 0.547738
1000000 1.437 0.51638
1000000 1.437 0.706942
1000000 1.437 0.500128
1000000 1.437 0.512498
1000000 1.437 0.609039
1000000 1.437 0.658063
1000000 1.437 0.564636
1000000 1.437 0.247224
1000000 1.437 0.66048
1000000 1.437 0.619033
1000000 1.437 0.498638
1000000 1.437 0.424448
1000000 1.437 0.649643
1000000 1.437 0.349663
1000000 1.437 0.581684
1000000 1.437 0.594294
1000000 1.437 0.370224
1000000 1.437 0.571728
1000000 1.437 0.631514
1000000 1.437 0.620926
1000000 1.437 0.109883
1000000 1.437 0.404738
1000000 1.437 0.683117
1000000 1.437 0.69746
1000000 1.437 0.529071
1000000 1.437 0.518584
1000000 1.437 0.597133
1000000 1.437 0.36689
1000000 1.437 0.655509
1000000 1.437 0.652757
1000000 1.437 0.266002
1000000 1.437 0.653833
1000000 1.437 0.586678
1000000 1.437 0.394312
1000000 1.437 0.544301
1000000 1.437 0.578603
1000000 1.437 0.561339
1000000 1.437 0.681276
1000000 1.437 0.610629
1000000 1.437 0.435002
1000000 1.437 0.452181
1000000 1.437 0.535746
1000000 1.437 0.647631
1000000 1.437 0.53981
1000000 1.437 0.475585
1000000 1.437 0.550886
1000000 1.437 0.632258
1000000 1.437 0.58693
1000000 1.437 0.621544
1000000 1.437 0.159679
1000000 1.437 0.620953
1000000 1.437 0.435805
1000000 1.437 0.699146
1000000 1.437 0.513043
1000000 1.437 0.560173
1000000 1.437 0.595338
1000000 1.437 0.462033
1000000 1.437 0.593214
1000000 1.437 0.664973
1000000 1.437 0.652377
1000000 1.437 0.587857
1000000 1.437 0.638549
1000000 1.437 0.601659
1000000 1.437 0.532218
1000000 1.437 0.536577
1000000 1.437 0.588328
1000000 1.437 0.666971
1000000 1.437 0.417291
1000000 1.437 0.528936
1000000 1.437 0.569382
1000000 1.437 0.499328
1000000 1.437 0.563057
1000000 1.437 0.543635
1000000 1.437 0.527874
1000000 1.437 0.432409
1000000 1.437 0.284479
1000000 1.437 0.585208
1000000 1.437 0.596032
1000000 1.437 0.498543
1000000 1.437 0.616454
1000000 1.437 0.290534
1000000 1.437 0.595013
1000000 1.437 0.659135
1000000 1.437 0.638844
1000000 1.437 0.564718
1000000 1.437 0.560268
1000000 1.437 0.660004
1000000 1.437 0.492984
1000000 1.437 0.576484
1000000 1.437 0.627124
1000000 1.437 0.446434
1000000 1.437 0.615057
1000000 1.437 0.621286
1000000 1.437 0.66267
1000000 1.437 0.495108
1000000 1.437 0.496341
1000000 1.437 0.638788
1000000 1.437 0.683712
1000000 1.437 0.517894
1000000 1.437 0.676337
1000000 1.437 0.619585
1000000 1.437 0.642268
1000000 1.437 0.657244
1000000 1.437 0.571652
1000000 1.437 0.608456
1000000 1.437 0.619703
1000000 1.437 0.671703
1000000 1.437 0.606797
1000000 1.437 0.276051
1000000 1.437 0.427422
1000000 1.437 0.534636
1000000 1.437 0.667883
1000000 1.437 0.61447
1000000 1.437 0.676647
1000000 1.437 0.466626
1000000 1.437 0.664017
1000000 1.437 0.634156
1000000 1.437 0.61366
1000000 1.437 0.659081
1000000 1.437 0.363091
1000000 1.437 0.631192
1000000 1.437 0.514283
1000000 1.437 0.690201
1000000 1.437 0.601425
1000000 1.437 0.613928
1000000 1.437 0.666834
1000000 1.437 0.651473
1000000 1.437 0.671387
1000000 1.437 0.662451
1000000 1.437 0.697631
1000000 1.437 0.698766
1000000 1.437 0.641463
1000000 1.437 0.626537
1000000 1.437 0.566335
1000000 1.437 0.350998
1000000 1.437 0.304588
1000000 1.437 0.627784
1000000 1.437 0.595435
1000000 1.437 0.6002
1000000 1.437 0.393483
1000000 1.437 0.603181
1000000 1.437 0.558359
1000000 1.437 0.675903
1000000 1.437 0.647245
1000000 1.437 0.646897
1000000 1.437 0.654164
1000000 1.437 0.480998
1000000 1.437 0.532308
1000000 1.437 0.523588
1000000 1.437 0.383621
1000000 1.437 0.641454
1000000 1.437 0.445007
1000000 1.437 0.379417
1000000 1.437 0.421477
1000000 1.437 0.661442
1000000 1.437 0.591818
1000000 1.437 0.66388
1000000 1.437 0.62069
1000000 1.437 0.625107
1000000 1.437 0.685167
1000000 1.437 0.609052
1000000 1.437 0.652316
1000000 1.437 0.374016
1000000 1.437 0.623801
1000000 1.437 0.538238
1000000 1.437 0.635977
1000000 1.437 0.31278
1000000 1.437 0.596106
1000000 1.437 0.620025
1000000 1.437 0.654939
