10000000 1.437 0.364087
10000000 1.437 0.559694
10000000 1.437 0.605539
10000000 1.437 0.502076
10000000 1.437 0.605388
10000000 1.437 0.488678
10000000 1.437 0.455679
10000000 1.437 0.546086
10000000 1.437 0.51321
10000000 1.437 0.618291
10000000 1.437 0.517894
10000000 1.437 0.558295
10000000 1.437 0.627297
10000000 1.437 0.595645
10000000 1.437 0.47698
10000000 1.437 0.519571
10000000 1.437 0.607859
10000000 1.437 0.425071
10000000 1.437 0.350034
10000000 1.437 0.465873
10000000 1.437 0.528612
10000000 1.437 0.403
10000000 1.437 0.126435
10000000 1.437 0.287977
10000000 1.437 0.569284
10000000 1.437 0.605125
10000000 1.437 0.556692
10000000 1.437 0.353539
10000000 1.437 0.490838
10000000 1.437 0.38891
10000000 1.437 0.319792
10000000 1.437 0.501004
10000000 1.437 0.175045
10000000 1.437 0.605173
10000000 1.437 0.278341
10000000 1.437 0.376282
10000000 1.437 0.611756
10000000 1.437 0.372311
10000000 1.437 0.522332
10000000 1.437 0.455388
10000000 1.437 0.544293
10000000 1.437 0.317104
10000000 1.437 0.559723
10000000 1.437 0.600941
10000000 1.437 0.460401
10000000 1.437 0.598103
10000000 1.437 0.329893
10000000 1.437 0.392527
10000000 1.437 0.437688
10000000 1.437 0.442217
10000000 1.437 0.587403
10000000 1.437 0.527976
10000000 1.437 0.567255
10000000 1.437 0.304067
10000000 1.437 0.511742
10000000 1.437 0.552463
10000000 1.437 0.533172
10000000 1.437 0.601529
10000000 1.437 0.601391
10000000 1.437 0.52156
10000000 1.437 0.600959
10000000 1.437 0.56603
10000000 1.437 0.538567
10000000 1.437 0.526061
10000000 1.437 0.344723
10000000 1.437 0.465212
10000000 1.437 0.574387
10000000 1.437 0.543331
10000000 1.437 0.534956
10000000 1.437 0.5795
10000000 1.437 0.528349
10000000 1.437 0.407312
10000000 1.437 0.550177
10000000 1.437 0.521109
10000000 1.437 0.602294
10000000 1.437 0.602938
10000000 1.437 0.611813
10000000 1.437 0.524633
10000000 1.437 0.553476
10000000 1.437 0.45058
10000000 1.437 0.247436
10000000 1.437 0.48866
10000000 1.437 0.207465
10000000 1.437 0.591193
10000000 1.437 0.471878
10000000 1.437 0.554695
10000000 1.437 0.369714
10000000 1.437 0.558009
10000000 1.437 0.600146
10000000 1.437 0.620272
10000000 1.437 0.275659
10000000 1.437 0.336704
10000000 1.437 0.261745
10000000 1.437 0.540641
10000000 1.437 0.547227
10000000 1.437 0.496762
10000000 1.437 0.349106
10000000 1.437 0.52726
10000000 1.437 0.545699
10000000 1.437 0.316789
10000000 1.437 0.526393
10000000 1.437 0.612589
10000000 1.437 0.620203
10000000 1.437 0.566205
10000000 1.437 0.614138
10000000 1.437 0.533335
10000000 1.437 0.510528
10000000 1.437 0.573134
10000000 1.437 0.472453
10000000 1.437 0.527152
10000000 1.437 0.568999
10000000 1.437 0.50826
10000000 1.437 0.504693
10000000 1.437 0.550718
10000000 1.437 0.504452
10000000 1.437 0.476585
10000000 1.437 0.54367
10000000 1.437 0.308534
10000000 1.437 0.576688
10000000 1.437 0.381447
10000000 1.437 0.565407
10000000 1.437 0.611138
10000000 1.437 0.505479
10000000 1.437 0.509816
10000000 1.437 0.541935
10000000 1.437 0.569846
10000000 1.437 0.247371
10000000 1.437 0.494305
10000000 1.437 0.441778
10000000 1.437 0.551596
10000000 1.437 0.534162
10000000 1.437 0.570868
10000000 1.437 0.471495
10000000 1.437 0.409006
10000000 1.437 0.575522
10000000 1.437 0.531248
10000000 1.437 0.438006
10000000 1.437 0.387745
10000000 1.437 0.58569
10000000 1.437 0.292826
10000000 1.437 0.513235
10000000 1.437 0.562471
10000000 1.437 0.550504
10000000 1.437 0.252582
10000000 1.437 0.525576
10000000 1.437 0.576364
10000000 1.437 0.543952
10000000 1.437 0.573426
10000000 1.437 0.468312
10000000 1.437 0.540676
10000000 1.437 0.560565
10000000 1.437 0.586364
10000000 1.437 0.516397
10000000 1.437 0.583163
10000000 1.437 0.446952
10000000 1.437 0.393296
10000000 1.437 0.566018
10000000 1.437 0.456377
10000000 1.437 0.601588
10000000 1.437 0.503204
10000000 1.437 0.589004
10000000 1.437 0.561149
10000000 1.437 0.483134
10000000 1.437 0.594162
10000000 1.437 0.561678
10000000 1.437 0.556848
10000000 1.437 0.597827
10000000 1.437 0.508817
10000000 1.437 0.582399
10000000 1.437 0.505647
10000000 1.437 0.594232
10000000 1.437 0.445724
10000000 1.437 0.521204
10000000 1.437 0.610302
10000000 1.437 0.535145
10000000 1.437 0.415157
10000000 1.437 0.480725
10000000 1.437 0.377844
10000000 1.437 0.495914
10000000 1.437 0.594032
10000000 1.437 0.430609
10000000 1.437 0.414185
10000000 1.437 0.503976
10000000 1.437 0.545582
10000000 1.437 0.548633
10000000 1.437 0.505522
10000000 1.437 0.49098
10000000 1.437 0.579141
10000000 1.437 0.609137
10000000 1.437 0.525075
10000000 1.437 0.420152
10000000 1.437 0.448505
10000000 1.437 0.585035
10000000 1.437 0.423825
10000000 1.437 0.454952
10000000 1.437 0.489049
10000000 1.437 0.578867
10000000 1.437 0.572682
10000000 1.437 0.607577
10000000 1.437 0.52604
10000000 1.437 0.529791
10000000 1.437 0.484344
10000000 1.437 0.599882
10000000 1.437 0.476104
10000000 1.437 0.478546
10000000 1.437 0.613455
10000000 1.437 0.543416
10000000 1.437 0.624693
10000000 1.437 0.566992
10000000 1.437 0.401892
10000000 1.437 0.575032
10000000 1.437 0.527237
10000000 1.437 0.52616
10000000 1.437 0.520809
10000000 1.437 0.388286
10000000 1.437 0.482523
10000000 1.437 0.536569
10000000 1.437 0.547903
10000000 1.437 0.576671
10000000 1.437 0.550772
10000000 1.437 0.619754
10000000 1.437 0.586523
10000000 1.437 0.487106
10000000 1.437 0.553728
10000000 1.437 0.525635
10000000 1.437 0.581112
10000000 1.437 0.603314
10000000 1.437 0.615739
10000000 1.437 0.585402
10000000 1.437 0.557667
10000000 1.437 0.538435
10000000 1.437 0.585631
10000000 1.437 0.247892
10000000 1.437 0.5855
10000000 1.437 0.527338
10000000 1.437 0.45964
10000000 1.437 0.509545
10000000 1.437 0.564601
10000000 1.437 0.5853
10000000 1.437 0.500854
10000000 1.437 0.537422
10000000 1.437 0.558159
10000000 1.437 0.422742
10000000 1.437 0.58026
10000000 1.437 0.561981
10000000 1.437 0.571987
10000000 1.437 0.557084
10000000 1.437 0.533731
10000000 1.437 0.582501
10000000 1.437 0.536425
10000000 1.437 0.577435
10000000 1.437 0.596612
10000000 1.437 0.594943
10000000 1.437 0.573602
10000000 1.437 0.623825
10000000 1.437 0.573339
10000000 1.437 0.573188
10000000 1.437 0.421821
10000000 1.437 0.537947
10000000 1.437 0.394427
10000000 1.437 0.510571
10000000 1.437 0.500961
10000000 1.437 0.549899
10000000 1.437 0.588398
10000000 1.437 0.572433
10000000 1.437 0.552214
10000000 1.437 0.549837
10000000 1.437 0.576475
10000000 1.437 0.59058
10000000 1.437 0.60946
10000000 1.437 0.544523
10000000 1.437 0.496459
10000000 1.437 0.490004
10000000 1.437 0.542514
10000000 1.437 0.383966
10000000 1.437 0.576579
10000000 1.437 0.583482
10000000 1.437 0.537887
10000000 1.437 0.439306
10000000 1.437 0.599131
10000000 1.437 0.484384
10000000 1.437 0.590814
10000000 1.437 0.40805
10000000 1.437 0.373601
10000000 1.437 0.599047
10000000 1.437 0.412632
10000000 1.437 0.485075
10000000 1.437 0.566415
10000000 1.437 0.501134
10000000 1.437 0.516231
10000000 1.437 0.554956
10000000 1.437 0.629104
10000000 1.437 0.565488
10000000 1.437 0.533488
10000000 1.437 0.452387
10000000 1.437 0.362564
10000000 1.437 0.599006
10000000 1.437 0.57218
10000000 1.437 0.595886
10000000 1.437 0.546748
10000000 1.437 0.590489
10000000 1.437 0.396492
10000000 1.437 0.399908
10000000 1.437 0.558138
10000000 1.437 0.531539
10000000 1.437 0.548927
10000000 1.437 0.612655
10000000 1.437 0.534339
10000000 1.437 0.543588
10000000 1.437 0.534869
10000000 1.437 0.481725
10000000 1.437 0.579178
10000000 1.437 0.568487
10000000 1.437 0.518221
10000000 1.437 0.564099
10000000 1.437 0.536159
10000000 1.437 0.53187
10000000 1.437 0.520732
10000000 1.437 0.564672
10000000 1.437 0.522835
10000000 1.437 0.473125
10000000 1.437 0.474283
10000000 1.437 0.482491
10000000 1.437 0.483305
10000000 1.437 0.559374
10000000 1.437 0.556956
10000000 1.437 0.545179
10000000 1.437 0.431532
10000000 1.437 0.585962
10000000 1.437 0.497399
10000000 1.437 0.406503
10000000 1.437 0.539372
10000000 1.437 0.279537
10000000 1.437 0.5348
10000000 1.437 0.598369
10000000 1.437 0.534645
10000000 1.437 0.59176
10000000 1.437 0.477735
10000000 1.437 0.560956
10000000 1.437 0.59165
10000000 1.437 0.451027
10000000 1.437 0.603831
10000000 1.437 0.585594
10000000 1.437 0.501022
10000000 1.437 0.470331
10000000 1.437 0.191057
10000000 1.437 0.49379
10000000 1.437 0.45327
10000000 1.437 0.445984
10000000 1.437 0.492847
10000000 1.437 0.578725
10000000 1.437 0.585636
10000000 1.437 0.255006
10000000 1.437 0.443557
10000000 1.437 0.389176
10000000 1.437 0.486679
10000000 1.437 0.551594
10000000 1.437 0.60054
10000000 1.437 0.578054
10000000 1.437 0.598662
10000000 1.437 0.462577
10000000 1.437 0.537891
10000000 1.437 0.5742
10000000 1.437 0.595186
10000000 1.437 0.41468
10000000 1.437 0.515037
10000000 1.437 0.574674
10000000 1.437 0.581841
10000000 1.437 0.530717
10000000 1.437 0.492096
10000000 1.437 0.354758
10000000 1.437 0.476188
10000000 1.437 0.547988
10000000 1.437 0.598501
10000000 1.437 0.602567
10000000 1.437 0.544269
10000000 1.437 0.421839
10000000 1.437 0.525276
10000000 1.437 0.567197
10000000 1.437 0.558571
10000000 1.437 0.485637
10000000 1.437 0.555819
10000000 1.437 0.527309
10000000 1.437 0.521783
10000000 1.437 0.56906
10000000 1.437 0.420982
10000000 1.437 0.569882
10000000 1.437 0.512411
10000000 1.437 0.563551
10000000 1.437 0.509029
10000000 1.437 0.259963
10000000 1.437 0.562776
10000000 1.437 0.552352
10000000 1.437 0.309167
10000000 1.437 0.332503
10000000 1.437 0.329495
10000000 1.437 0.586214
10000000 1.437 0.567164
10000000 1.437 0.576827
10000000 1.437 0.55468
