10000000000 1.437 0.458894
10000000000 1.437 0.479698
10000000000 1.437 0.483656
10000000000 1.437 0.473445
10000000000 1.437 0.470228
10000000000 1.437 0.439414
10000000000 1.437 0.460195
10000000000 1.437 0.444674
10000000000 1.437 0.476914
10000000000 1.437 0.478927
10000000000 1.437 0.446727
10000000000 1.437 0.439556
10000000000 1.437 0.45846
10000000000 1.437 0.476506
10000000000 1.437 0.473189
10000000000 1.437 0.47213
10000000000 1.437 0.45282
10000000000 1.437 0.471662
10000000000 1.437 0.479087
10000000000 1.437 0.464881
10000000000 1.437 0.484828
10000000000 1.437 0.465229
10000000000 1.437 0.463255
10000000000 1.437 0.463203
10000000000 1.437 0.457694
10000000000 1.437 0.461306
10000000000 1.437 0.469865
10000000000 1.437 0.445333
10000000000 1.437 0.486295
10000000000 1.437 0.477394
10000000000 1.437 0.451925
10000000000 1.437 0.487619
10000000000 1.437 0.465401
10000000000 1.437 0.481174
10000000000 1.437 0.470094
10000000000 1.437 0.46582
10000000000 1.437 0.478893
10000000000 1.437 0.468086
10000000000 1.437 0.454994
10000000000 1.437 0.464104
10000000000 1.437 0.459894
10000000000 1.437 0.478376
10000000000 1.437 0.46766
10000000000 1.437 0.452561
10000000000 1.437 0.468072
10000000000 1.437 0.463
10000000000 1.437 0.474134
10000000000 1.437 0.452276
10000000000 1.437 0.465099
10000000000 1.437 0.464285
10000000000 1.437 0.458305
10000000000 1.437 0.476505
10000000000 1.437 0.463658
10000000000 1.437 0.475712
10000000000 1.437 0.459659
10000000000 1.437 0.469644
10000000000 1.437 0.478987
10000000000 1.437 0.444836
10000000000 1.437 0.470828
10000000000 1.437 0.486539
10000000000 1.437 0.474909
10000000000 1.437 0.466531
10000000000 1.437 0.481935
10000000000 1.437 0.470028
10000000000 1.437 0.481017
10000000000 1.437 0.465406
10000000000 1.437 0.47401
10000000000 1.437 0.479158
10000000000 1.437 0.476764
10000000000 1.437 0.473159
10000000000 1.437 0.487003
10000000000 1.437 0.443528
10000000000 1.437 0.456631
10000000000 1.437 0.459775
10000000000 1.437 0.458577
10000000000 1.437 0.464706
10000000000 1.437 0.477876
10000000000 1.437 0.447478
10000000000 1.437 0.449612
10000000000 1.437 0.470333
10000000000 1.437 0.462453
10000000000 1.437 0.476191
10000000000 1.437 0.487865
10000000000 1.437 0.455047
10000000000 1.437 0.443505
10000000000 1.437 0.46278
10000000000 1.437 0.462036
10000000000 1.437 0.462076
10000000000 1.437 0.467657
10000000000 1.437 0.466878
10000000000 1.437 0.475579
10000000000 1.437 0.466427
10000000000 1.437 0.442452
10000000000 1.437 0.460801
10000000000 1.437 0.465967
10000000000 1.437 0.464053
10000000000 1.437 0.468702
10000000000 1.437 0.461189
10000000000 1.437 0.45291
10000000000 1.437 0.479767
