1000 1.437 0.587
1000 1.437 0.894
1000 1.437 0.795
1000 1.437 0.819
1000 1.437 0.703
1000 1.437 0.861
1000 1.437 0.897
1000 1.437 0.686
1000 1.437 0.798
1000 1.437 0.851
1000 1.437 0.84
1000 1.437 0.93
1000 1.437 0.745
1000 1.437 0.862
1000 1.437 0.865
1000 1.437 0.796
1000 1.437 0.725
1000 1.437 0.836
1000 1.437 0.745
1000 1.437 0.632
1000 1.437 0.843
1000 1.437 0.609
1000 1.437 0.844
1000 1.437 0.702
1000 1.437 0.736
1000 1.437 0.743
1000 1.437 0.902
1000 1.437 0.924
1000 1.437 0.828
1000 1.437 0.912
1000 1.437 0.867
1000 1.437 0.859
1000 1.437 0.867
1000 1.437 0.918
1000 1.437 0.875
1000 1.437 0.793
1000 1.437 0.66
1000 1.437 0.486
1000 1.437 0.827
1000 1.437 0.577
1000 1.437 0.826
1000 1.437 0.87
1000 1.437 0.724
1000 1.437 0.912
1000 1.437 0.88
1000 1.437 0.899
1000 1.437 0.739
1000 1.437 0.869
1000 1.437 0.909
1000 1.437 0.791
1000 1.437 0.838
1000 1.437 0.79
1000 1.437 0.831
1000 1.437 0.742
1000 1.437 0.862
1000 1.437 0.907
1000 1.437 0.808
1000 1.437 0.755
1000 1.437 0.549
1000 1.437 0.878
1000 1.437 0.812
1000 1.437 0.831
1000 1.437 0.658
1000 1.437 0.763
1000 1.437 0.735
1000 1.437 0.873
1000 1.437 0.924
1000 1.437 0.446
1000 1.437 0.95
1000 1.437 0.921
1000 1.437 0.876
1000 1.437 0.939
1000 1.437 0.839
1000 1.437 0.473
1000 1.437 0.786
1000 1.437 0.318
1000 1.437 0.951
1000 1.437 0.859
1000 1.437 0.786
1000 1.437 0.834
1000 1.437 0.766
1000 1.437 0.759
1000 1.437 0.768
1000 1.437 0.805
1000 1.437 0.776
1000 1.437 0.792
1000 1.437 0.849
1000 1.437 0.717
1000 1.437 0.451
1000 1.437 0.624
1000 1.437 0.898
1000 1.437 0.752
1000 1.437 0.893
1000 1.437 0.802
1000 1.437 0.874
1000 1.437 0.788
1000 1.437 0.842
1000 1.437 0.834
1000 1.437 0.801
1000 1.437 0.912
1000 1.437 0.877
1000 1.437 0.723
1000 1.437 0.705
1000 1.437 0.756
1000 1.437 0.882
1000 1.437 0.802
1000 1.437 0.889
1000 1.437 0.798
1000 1.437 0.732
1000 1.437 0.81
1000 1.437 0.833
1000 1.437 0.516
1000 1.437 0.401
1000 1.437 0.412
1000 1.437 0.899
1000 1.437 0.896
1000 1.437 0.852
1000 1.437 0.879
1000 1.437 0.557
1000 1.437 0.813
1000 1.437 0.84
1000 1.437 0.564
1000 1.437 0.772
1000 1.437 0.861
1000 1.437 0.873
1000 1.437 0.69
1000 1.437 0.884
1000 1.437 0.836
1000 1.437 0.855
1000 1.437 0.727
1000 1.437 0.82
1000 1.437 0.859
1000 1.437 0.885
1000 1.437 0.709
1000 1.437 0.943
1000 1.437 0.7
1000 1.437 0.831
1000 1.437 0.408
1000 1.437 0.872
1000 1.437 0.869
1000 1.437 0.893
1000 1.437 0.803
1000 1.437 0.879
1000 1.437 0.866
1000 1.437 0.791
1000 1.437 0.561
1000 1.437 0.906
1000 1.437 0.903
1000 1.437 0.87
1000 1.437 0.746
1000 1.437 0.789
1000 1.437 0.34
1000 1.437 0.88
1000 1.437 0.927
1000 1.437 0.804
1000 1.437 0.932
1000 1.437 0.935
1000 1.437 0.903
1000 1.437 0.949
1000 1.437 0.702
1000 1.437 0.903
1000 1.437 0.818
1000 1.437 0.818
1000 1.437 0.742
1000 1.437 0.838
1000 1.437 0.804
1000 1.437 0.83
1000 1.437 0.57
1000 1.437 0.921
1000 1.437 0.928
1000 1.437 0.866
1000 1.437 0.906
1000 1.437 0.879
1000 1.437 0.881
1000 1.437 0.886
1000 1.437 0.778
1000 1.437 0.951
1000 1.437 0.753
1000 1.437 0.327
1000 1.437 0.472
1000 1.437 0.859
1000 1.437 0.712
1000 1.437 0.885
1000 1.437 0.849
1000 1.437 0.863
1000 1.437 0.888
1000 1.437 0.913
1000 1.437 0.904
1000 1.437 0.901
1000 1.437 0.85
1000 1.437 0.841
1000 1.437 0.904
1000 1.437 0.744
1000 1.437 0.712
1000 1.437 0.777
1000 1.437 0.831
1000 1.437 0.659
1000 1.437 0.94
1000 1.437 0.822
1000 1.437 0.583
1000 1.437 0.609
1000 1.437 0.854
1000 1.437 0.842
1000 1.437 0.777
1000 1.437 0.8
1000 1.437 0.913
1000 1.437 0.817
1000 1.437 0.948
1000 1.437 0.755
1000 1.437 0.798
1000 1.437 0.915
1000 1.437 0.923
1000 1.437 0.865
1000 1.437 0.905
1000 1.437 0.837
1000 1.437 0.85
1000 1.437 0.881
1000 1.437 0.942
1000 1.437 0.91
1000 1.437 0.746
1000 1.437 0.593
1000 1.437 0.712
1000 1.437 0.834
1000 1.437 0.89
1000 1.437 0.807
1000 1.437 0.91
1000 1.437 0.946
1000 1.437 0.912
1000 1.437 0.691
1000 1.437 0.933
1000 1.437 0.882
1000 1.437 0.897
1000 1.437 0.717
1000 1.437 0.585
1000 1.437 0.821
1000 1.437 0.854
1000 1.437 0.843
1000 1.437 0.893
1000 1.437 0.884
1000 1.437 0.902
1000 1.437 0.596
1000 1.437 0.92
1000 1.437 0.84
1000 1.437 0.88
1000 1.437 0.866
1000 1.437 0.726
1000 1.437 0.932
1000 1.437 0.811
1000 1.437 0.842
1000 1.437 0.449
1000 1.437 0.65
1000 1.437 0.845
1000 1.437 0.921
1000 1.437 0.861
1000 1.437 0.833
1000 1.437 0.91
1000 1.437 0.679
1000 1.437 0.839
1000 1.437 0.934
1000 1.437 0.792
1000 1.437 0.768
1000 1.437 0.938
1000 1.437 0.664
1000 1.437 0.781
1000 1.437 0.871
1000 1.437 0.896
1000 1.437 0.892
1000 1.437 0.794
1000 1.437 0.79
1000 1.437 0.797
1000 1.437 0.798
1000 1.437 0.855
1000 1.437 0.909
1000 1.437 0.798
1000 1.437 0.859
1000 1.437 0.814
1000 1.437 0.913
1000 1.437 0.852
1000 1.437 0.584
1000 1.437 0.871
1000 1.437 0.926
1000 1.437 0.864
1000 1.437 0.877
1000 1.437 0.576
1000 1.437 0.912
1000 1.437 0.849
1000 1.437 0.849
1000 1.437 0.833
1000 1.437 0.817
1000 1.437 0.699
1000 1.437 0.96
1000 1.437 0.915
1000 1.437 0.906
1000 1.437 0.914
1000 1.437 0.478
1000 1.437 0.756
1000 1.437 0.809
1000 1.437 0.874
1000 1.437 0.826
1000 1.437 0.304
1000 1.437 0.901
1000 1.437 0.787
1000 1.437 0.52
1000 1.437 0.913
1000 1.437 0.676
1000 1.437 0.851
1000 1.437 0.825
1000 1.437 0.938
1000 1.437 0.836
1000 1.437 0.823
1000 1.437 0.548
1000 1.437 0.275
1000 1.437 0.729
1000 1.437 0.746
1000 1.437 0.899
1000 1.437 0.928
1000 1.437 0.838
1000 1.437 0.913
1000 1.437 0.674
1000 1.437 0.831
1000 1.437 0.877
1000 1.437 0.733
1000 1.437 0.88
1000 1.437 0.891
1000 1.437 0.491
1000 1.437 0.874
1000 1.437 0.633
1000 1.437 0.749
1000 1.437 0.665
1000 1.437 0.815
1000 1.437 0.568
1000 1.437 0.777
1000 1.437 0.948
1000 1.437 0.787
1000 1.437 0.564
1000 1.437 0.794
1000 1.437 0.428
1000 1.437 0.856
1000 1.437 0.882
1000 1.437 0.785
1000 1.437 0.802
1000 1.437 0.812
1000 1.437 0.793
1000 1.437 0.76
1000 1.437 0.707
1000 1.437 0.882
1000 1.437 0.808
1000 1.437 0.816
1000 1.437 0.868
1000 1.437 0.829
1000 1.437 0.808
1000 1.437 0.565
1000 1.437 0.898
1000 1.437 0.886
1000 1.437 0.696
1000 1.437 0.424
1000 1.437 0.838
1000 1.437 0.752
1000 1.437 0.659
1000 1.437 0.884
1000 1.437 0.71
1000 1.437 0.751
1000 1.437 0.837
1000 1.437 0.895
1000 1.437 0.916
1000 1.437 0.722
1000 1.437 0.777
1000 1.437 0.831
1000 1.437 0.84
1000 1.437 0.536
1000 1.437 0.929
1000 1.437 0.861
1000 1.437 0.922
1000 1.437 0.867
1000 1.437 0.855
1000 1.437 0.932
1000 1.437 0.428
1000 1.437 0.916
1000 1.437 0.878
1000 1.437 0.826
1000 1.437 0.573
1000 1.437 0.935
1000 1.437 0.871
1000 1.437 0.841
1000 1.437 0.692
1000 1.437 0.872
1000 1.437 0.693
1000 1.437 0.717
1000 1.437 0.954
1000 1.437 0.726
1000 1.437 0.806
1000 1.437 0.897
1000 1.437 0.867
1000 1.437 0.902
1000 1.437 0.898
1000 1.437 0.835
1000 1.437 0.509
1000 1.437 0.882
1000 1.437 0.808
1000 1.437 0.849
1000 1.437 0.812
1000 1.437 0.707
1000 1.437 0.929
1000 1.437 0.85
1000 1.437 0.727
1000 1.437 0.897
1000 1.437 0.715
1000 1.437 0.659
1000 1.437 0.483
1000 1.437 0.781
1000 1.437 0.783
1000 1.437 0.816
1000 1.437 0.83
1000 1.437 0.895
1000 1.437 0.859
1000 1.437 0.888
1000 1.437 0.779
1000 1.437 0.923
1000 1.437 0.854
1000 1.437 0.867
1000 1.437 0.705
1000 1.437 0.789
1000 1.437 0.666
1000 1.437 0.484
1000 1.437 0.453
1000 1.437 0.895
1000 1.437 0.707
1000 1.437 0.839
1000 1.437 0.937
1000 1.437 0.899
1000 1.437 0.772
1000 1.437 0.857
1000 1.437 0.517
1000 1.437 0.828
1000 1.437 0.845
1000 1.437 0.825
1000 1.437 0.635
1000 1.437 0.872
1000 1.437 0.798
1000 1.437 0.822
1000 1.437 0.9
1000 1.437 0.533
1000 1.437 0.914
1000 1.437 0.879
1000 1.437 0.826
1000 1.437 0.92
1000 1.437 0.852
1000 1.437 0.657
1000 1.437 0.892
1000 1.437 0.807
1000 1.437 0.915
1000 1.437 0.824
1000 1.437 0.784
1000 1.437 0.787
1000 1.437 0.447
1000 1.437 0.873
1000 1.437 0.824
1000 1.437 0.896
1000 1.437 0.751
1000 1.437 0.691
1000 1.437 0.908
1000 1.437 0.844
1000 1.437 0.93
1000 1.437 0.844
1000 1.437 0.81
1000 1.437 0.814
1000 1.437 0.88
1000 1.437 0.864
1000 1.437 0.924
1000 1.437 0.93
1000 1.437 0.822
1000 1.437 0.648
1000 1.437 0.871
1000 1.437 0.875
1000 1.437 0.845
1000 1.437 0.638
1000 1.437 0.912
1000 1.437 0.787
1000 1.437 0.855
1000 1.437 0.776
1000 1.437 0.938
1000 1.437 0.825
1000 1.437 0.756
1000 1.437 0.821
1000 1.437 0.439
1000 1.437 0.663
1000 1.437 0.817
1000 1.437 0.955
1000 1.437 0.894
1000 1.437 0.957
1000 1.437 0.859
1000 1.437 0.829
1000 1.437 0.824
1000 1.437 0.712
1000 1.437 0.827
1000 1.437 0.858
1000 1.437 0.62
1000 1.437 0.579
1000 1.437 0.918
1000 1.437 0.883
1000 1.437 0.896
1000 1.437 0.802
1000 1.437 0.89
1000 1.437 0.817
1000 1.437 0.733
1000 1.437 0.883
1000 1.437 0.764
1000 1.437 0.784
1000 1.437 0.876
1000 1.437 0.796
1000 1.437 0.711
1000 1.437 0.803
1000 1.437 0.838
1000 1.437 0.794
1000 1.437 0.735
1000 1.437 0.722
1000 1.437 0.9
1000 1.437 0.863
1000 1.437 0.965
1000 1.437 0.478
1000 1.437 0.875
1000 1.437 0.94
1000 1.437 0.776
1000 1.437 0.82
1000 1.437 0.854
1000 1.437 0.656
1000 1.437 0.933
1000 1.437 0.967
1000 1.437 0.58
1000 1.437 0.93
1000 1.437 0.848
1000 1.437 0.855
1000 1.437 0.702
1000 1.437 0.905
1000 1.437 0.895
1000 1.437 0.617
1000 1.437 0.838
1000 1.437 0.929
1000 1.437 0.833
1000 1.437 0.924
1000 1.437 0.846
1000 1.437 0.895
1000 1.437 0.908
1000 1.437 0.631
1000 1.437 0.88
1000 1.437 0.744
1000 1.437 0.894
1000 1.437 0.835
1000 1.437 0.892
1000 1.437 0.825
1000 1.437 0.915
1000 1.437 0.793
1000 1.437 0.869
1000 1.437 0.908
1000 1.437 0.733
1000 1.437 0.817
1000 1.437 0.943
1000 1.437 0.826
1000 1.437 0.882
1000 1.437 0.91
1000 1.437 0.943
1000 1.437 0.728
1000 1.437 0.888
1000 1.437 0.326
1000 1.437 0.892
1000 1.437 0.953
1000 1.437 0.691
1000 1.437 0.914
1000 1.437 0.881
1000 1.437 0.894
1000 1.437 0.936
1000 1.437 0.547
1000 1.437 0.637
1000 1.437 0.756
1000 1.437 0.54
1000 1.437 0.78
1000 1.437 0.599
1000 1.437 0.895
1000 1.437 0.826
1000 1.437 0.957
1000 1.437 0.889
1000 1.437 0.803
1000 1.437 0.875
1000 1.437 0.905
1000 1.437 0.697
1000 1.437 0.89
1000 1.437 0.947
1000 1.437 0.874
1000 1.437 0.825
1000 1.437 0.834
1000 1.437 0.654
1000 1.437 0.845
1000 1.437 0.88
1000 1.437 0.501
1000 1.437 0.803
1000 1.437 0.375
1000 1.437 0.871
1000 1.437 0.829
1000 1.437 0.352
1000 1.437 0.796
1000 1.437 0.889
1000 1.437 0.844
1000 1.437 0.916
1000 1.437 0.513
1000 1.437 0.889
1000 1.437 0.55
1000 1.437 0.848
1000 1.437 0.737
1000 1.437 0.916
1000 1.437 0.744
1000 1.437 0.74
1000 1.437 0.37
1000 1.437 0.79
1000 1.437 0.466
1000 1.437 0.887
1000 1.437 0.929
1000 1.437 0.901
1000 1.437 0.864
1000 1.437 0.593
1000 1.437 0.725
1000 1.437 0.655
1000 1.437 0.462
1000 1.437 0.866
1000 1.437 0.826
1000 1.437 0.814
1000 1.437 0.862
1000 1.437 0.52
1000 1.437 0.865
1000 1.437 0.875
1000 1.437 0.829
1000 1.437 0.881
1000 1.437 0.549
1000 1.437 0.866
1000 1.437 0.889
1000 1.437 0.901
1000 1.437 0.922
1000 1.437 0.587
1000 1.437 0.898
1000 1.437 0.846
1000 1.437 0.902
1000 1.437 0.851
1000 1.437 0.843
1000 1.437 0.3
1000 1.437 0.636
1000 1.437 0.342
1000 1.437 0.928
1000 1.437 0.811
1000 1.437 0.874
1000 1.437 0.878
1000 1.437 0.796
1000 1.437 0.836
1000 1.437 0.823
1000 1.437 0.877
1000 1.437 0.865
1000 1.437 0.937
1000 1.437 0.584
1000 1.437 0.608
1000 1.437 0.929
1000 1.437 0.416
1000 1.437 0.845
1000 1.437 0.865
1000 1.437 0.788
1000 1.437 0.652
1000 1.437 0.855
1000 1.437 0.875
1000 1.437 0.618
1000 1.437 0.802
1000 1.437 0.748
1000 1.437 0.889
1000 1.437 0.839
1000 1.437 0.908
1000 1.437 0.89
1000 1.437 0.832
1000 1.437 0.884
1000 1.437 0.934
1000 1.437 0.848
1000 1.437 0.518
1000 1.437 0.655
1000 1.437 0.846
1000 1.437 0.819
1000 1.437 0.848
1000 1.437 0.908
1000 1.437 0.797
1000 1.437 0.938
1000 1.437 0.814
1000 1.437 0.844
1000 1.437 0.891
1000 1.437 0.767
1000 1.437 0.562
1000 1.437 0.692
1000 1.437 0.9
1000 1.437 0.825
1000 1.437 0.876
1000 1.437 0.836
1000 1.437 0.866
1000 1.437 0.891
1000 1.437 0.697
1000 1.437 0.92
1000 1.437 0.849
1000 1.437 0.883
1000 1.437 0.743
1000 1.437 0.932
1000 1.437 0.911
1000 1.437 0.837
1000 1.437 0.878
1000 1.437 0.817
1000 1.437 0.416
1000 1.437 0.645
1000 1.437 0.511
1000 1.437 0.877
1000 1.437 0.868
1000 1.437 0.701
1000 1.437 0.901
1000 1.437 0.596
1000 1.437 0.777
1000 1.437 0.857
1000 1.437 0.474
1000 1.437 0.757
1000 1.437 0.876
1000 1.437 0.791
1000 1.437 0.927
1000 1.437 0.888
1000 1.437 0.783
1000 1.437 0.898
1000 1.437 0.843
1000 1.437 0.749
1000 1.437 0.878
1000 1.437 0.864
1000 1.437 0.875
1000 1.437 0.903
1000 1.437 0.826
1000 1.437 0.778
1000 1.437 0.907
1000 1.437 0.889
1000 1.437 0.525
1000 1.437 0.873
1000 1.437 0.776
1000 1.437 0.929
1000 1.437 0.905
1000 1.437 0.914
1000 1.437 0.909
1000 1.437 0.721
1000 1.437 0.407
1000 1.437 0.835
1000 1.437 0.836
1000 1.437 0.726
1000 1.437 0.823
1000 1.437 0.873
1000 1.437 0.729
1000 1.437 0.797
1000 1.437 0.88
1000 1.437 0.845
1000 1.437 0.861
1000 1.437 0.906
1000 1.437 0.876
1000 1.437 0.757
1000 1.437 0.718
1000 1.437 0.881
1000 1.437 0.922
1000 1.437 0.854
1000 1.437 0.828
1000 1.437 0.751
1000 1.437 0.813
1000 1.437 0.829
1000 1.437 0.888
1000 1.437 0.849
1000 1.437 0.82
1000 1.437 0.911
1000 1.437 0.915
1000 1.437 0.836
1000 1.437 0.674
1000 1.437 0.763
1000 1.437 0.629
1000 1.437 0.643
1000 1.437 0.332
1000 1.437 0.861
1000 1.437 0.887
1000 1.437 0.539
1000 1.437 0.863
1000 1.437 0.638
1000 1.437 0.537
1000 1.437 0.864
1000 1.437 0.865
1000 1.437 0.7
1000 1.437 0.904
1000 1.437 0.378
1000 1.437 0.601
1000 1.437 0.856
1000 1.437 0.842
1000 1.437 0.765
1000 1.437 0.866
1000 1.437 0.807
1000 1.437 0.937
1000 1.437 0.908
1000 1.437 0.817
1000 1.437 0.862
1000 1.437 0.839
1000 1.437 0.801
1000 1.437 0.752
1000 1.437 0.965
1000 1.437 0.915
1000 1.437 0.925
1000 1.437 0.9
1000 1.437 0.603
1000 1.437 0.474
1000 1.437 0.9
1000 1.437 0.855
1000 1.437 0.637
1000 1.437 0.807
1000 1.437 0.872
1000 1.437 0.849
1000 1.437 0.906
1000 1.437 0.593
1000 1.437 0.803
1000 1.437 0.703
1000 1.437 0.338
1000 1.437 0.765
1000 1.437 0.634
1000 1.437 0.875
1000 1.437 0.78
1000 1.437 0.797
1000 1.437 0.715
1000 1.437 0.783
1000 1.437 0.789
1000 1.437 0.912
1000 1.437 0.935
1000 1.437 0.643
1000 1.437 0.841
1000 1.437 0.792
1000 1.437 0.908
1000 1.437 0.876
1000 1.437 0.894
1000 1.437 0.9
1000 1.437 0.768
1000 1.437 0.875
1000 1.437 0.923
1000 1.437 0.76
1000 1.437 0.507
1000 1.437 0.859
1000 1.437 0.85
1000 1.437 0.875
1000 1.437 0.917
1000 1.437 0.844
1000 1.437 0.837
1000 1.437 0.913
1000 1.437 0.827
1000 1.437 0.879
1000 1.437 0.648
1000 1.437 0.95
1000 1.437 0.42
1000 1.437 0.706
1000 1.437 0.292
1000 1.437 0.907
1000 1.437 0.921
1000 1.437 0.894
1000 1.437 0.87
1000 1.437 0.912
1000 1.437 0.582
1000 1.437 0.509
1000 1.437 0.838
1000 1.437 0.904
1000 1.437 0.859
1000 1.437 0.656
1000 1.437 0.867
1000 1.437 0.638
1000 1.437 0.893
1000 1.437 0.864
1000 1.437 0.531
1000 1.437 0.621
1000 1.437 0.708
1000 1.437 0.883
1000 1.437 0.665
1000 1.437 0.794
1000 1.437 0.706
1000 1.437 0.899
1000 1.437 0.904
1000 1.437 0.621
1000 1.437 0.887
1000 1.437 0.871
1000 1.437 0.377
1000 1.437 0.831
1000 1.437 0.8
1000 1.437 0.583
1000 1.437 0.779
1000 1.437 0.927
1000 1.437 0.943
1000 1.437 0.908
1000 1.437 0.673
1000 1.437 0.877
1000 1.437 0.485
1000 1.437 0.685
1000 1.437 0.831
1000 1.437 0.842
1000 1.437 0.736
1000 1.437 0.701
1000 1.437 0.557
1000 1.437 0.867
1000 1.437 0.916
1000 1.437 0.863
1000 1.437 0.853
1000 1.437 0.907
1000 1.437 0.792
1000 1.437 0.814
1000 1.437 0.855
1000 1.437 0.883
1000 1.437 0.883
1000 1.437 0.668
1000 1.437 0.736
1000 1.437 0.655
1000 1.437 0.829
1000 1.437 0.754
1000 1.437 0.701
1000 1.437 0.888
1000 1.437 0.823
1000 1.437 0.712
1000 1.437 0.829
1000 1.437 0.934
1000 1.437 0.779
1000 1.437 0.842
1000 1.437 0.915
1000 1.437 0.801
1000 1.437 0.817
1000 1.437 0.815
1000 1.437 0.782
1000 1.437 0.696
1000 1.437 0.761
1000 1.437 0.877
1000 1.437 0.865
1000 1.437 0.833
1000 1.437 0.81
1000 1.437 0.923
1000 1.437 0.771
1000 1.437 0.759
1000 1.437 0.499
1000 1.437 0.85
1000 1.437 0.823
1000 1.437 0.591
1000 1.437 0.922
1000 1.437 0.865
1000 1.437 0.834
1000 1.437 0.958
1000 1.437 0.857
1000 1.437 0.563
1000 1.437 0.649
1000 1.437 0.454
1000 1.437 0.935
1000 1.437 0.938
1000 1.437 0.881
1000 1.437 0.817
1000 1.437 0.873
1000 1.437 0.447
1000 1.437 0.825
1000 1.437 0.821
1000 1.437 0.848
1000 1.437 0.926
1000 1.437 0.837
1000 1.437 0.917
1000 1.437 0.793
1000 1.437 0.856
1000 1.437 0.909
1000 1.437 0.736
1000 1.437 0.622
1000 1.437 0.776
1000 1.437 0.834
1000 1.437 0.85
1000 1.437 0.935
1000 1.437 0.834
1000 1.437 0.856
1000 1.437 0.917
1000 1.437 0.794
1000 1.437 0.524
1000 1.437 0.594
1000 1.437 0.682
1000 1.437 0.77
1000 1.437 0.567
1000 1.437 0.887
1000 1.437 0.733
1000 1.437 0.518
1000 1.437 0.846
1000 1.437 0.411
1000 1.437 0.469
1000 1.437 0.607
1000 1.437 0.881
1000 1.437 0.781
1000 1.437 0.879
1000 1.437 0.869
1000 1.437 0.914
1000 1.437 0.734
1000 1.437 0.699
1000 1.437 0.859
1000 1.437 0.702
1000 1.437 0.768
1000 1.437 0.925
1000 1.437 0.807
1000 1.437 0.622
1000 1.437 0.773
1000 1.437 0.811
1000 1.437 0.617
1000 1.437 0.799
1000 1.437 0.799
