10000 1.437 0.7351
10000 1.437 0.3919
10000 1.437 0.657
10000 1.437 0.7013
10000 1.437 0.7294
10000 1.437 0.7773
10000 1.437 0.7264
10000 1.437 0.6729
10000 1.437 0.6124
10000 1.437 0.725
10000 1.437 0.6345
10000 1.437 0.5649
10000 1.437 0.791
10000 1.437 0.5844
10000 1.437 0.2563
10000 1.437 0.7874
10000 1.437 0.7539
10000 1.437 0.4451
10000 1.437 0.7177
10000 1.437 0.8021
10000 1.437 0.7938
10000 1.437 0.807
10000 1.437 0.5291
10000 1.437 0.8331
10000 1.437 0.7889
10000 1.437 0.8082
10000 1.437 0.653
10000 1.437 0.8016
10000 1.437 0.8181
10000 1.437 0.8073
10000 1.437 0.5144
10000 1.437 0.8206
10000 1.437 0.7829
10000 1.437 0.7469
10000 1.437 0.7452
10000 1.437 0.4984
10000 1.437 0.7322
10000 1.437 0.7724
10000 1.437 0.7644
10000 1.437 0.8034
10000 1.437 0.7662
10000 1.437 0.6259
10000 1.437 0.4141
10000 1.437 0.7814
10000 1.437 0.7043
10000 1.437 0.8434
10000 1.437 0.7199
10000 1.437 0.3671
10000 1.437 0.8286
10000 1.437 0.8174
10000 1.437 0.8568
10000 1.437 0.3962
10000 1.437 0.5597
10000 1.437 0.8464
10000 1.437 0.7285
10000 1.437 0.7882
10000 1.437 0.5263
10000 1.437 0.7818
10000 1.437 0.8219
10000 1.437 0.8772
10000 1.437 0.7897
10000 1.437 0.8035
10000 1.437 0.7764
10000 1.437 0.784
10000 1.437 0.6786
10000 1.437 0.6158
10000 1.437 0.4106
10000 1.437 0.7089
10000 1.437 0.6728
10000 1.437 0.4982
10000 1.437 0.5237
10000 1.437 0.4881
10000 1.437 0.6617
10000 1.437 0.7001
10000 1.437 0.7233
10000 1.437 0.6913
10000 1.437 0.8442
10000 1.437 0.4295
10000 1.437 0.7923
10000 1.437 0.6543
10000 1.437 0.4776
10000 1.437 0.8101
10000 1.437 0.8714
10000 1.437 0.7136
10000 1.437 0.7375
10000 1.437 0.7971
10000 1.437 0.7562
10000 1.437 0.7332
10000 1.437 0.7786
10000 1.437 0.8187
10000 1.437 0.7596
10000 1.437 0.7697
10000 1.437 0.7629
10000 1.437 0.6585
10000 1.437 0.7329
10000 1.437 0.5488
10000 1.437 0.7587
10000 1.437 0.8083
10000 1.437 0.8301
10000 1.437 0.8414
10000 1.437 0.8102
10000 1.437 0.7898
10000 1.437 0.6644
10000 1.437 0.7894
10000 1.437 0.7254
10000 1.437 0.3453
10000 1.437 0.7957
10000 1.437 0.7755
10000 1.437 0.531
10000 1.437 0.7801
10000 1.437 0.6519
10000 1.437 0.6721
10000 1.437 0.7812
10000 1.437 0.7635
10000 1.437 0.8066
10000 1.437 0.7172
10000 1.437 0.6994
10000 1.437 0.8561
10000 1.437 0.6619
10000 1.437 0.8254
10000 1.437 0.4792
10000 1.437 0.7756
10000 1.437 0.7372
10000 1.437 0.67
10000 1.437 0.7674
10000 1.437 0.6803
10000 1.437 0.7344
10000 1.437 0.674
10000 1.437 0.7621
10000 1.437 0.7664
10000 1.437 0.6669
10000 1.437 0.6926
10000 1.437 0.74
10000 1.437 0.7007
10000 1.437 0.8542
10000 1.437 0.8246
10000 1.437 0.7377
10000 1.437 0.4358
10000 1.437 0.8198
10000 1.437 0.7913
10000 1.437 0.4304
10000 1.437 0.827
10000 1.437 0.6463
10000 1.437 0.71
10000 1.437 0.6392
10000 1.437 0.8228
10000 1.437 0.6812
10000 1.437 0.7934
10000 1.437 0.6089
10000 1.437 0.5676
10000 1.437 0.6876
10000 1.437 0.7624
10000 1.437 0.469
10000 1.437 0.4074
10000 1.437 0.4495
10000 1.437 0.8223
10000 1.437 0.8165
10000 1.437 0.7066
10000 1.437 0.6089
10000 1.437 0.7776
10000 1.437 0.3664
10000 1.437 0.5768
10000 1.437 0.7096
10000 1.437 0.8581
10000 1.437 0.6389
10000 1.437 0.8045
10000 1.437 0.3798
10000 1.437 0.7958
10000 1.437 0.7971
10000 1.437 0.8072
10000 1.437 0.736
10000 1.437 0.7197
10000 1.437 0.813
10000 1.437 0.816
10000 1.437 0.7743
10000 1.437 0.6277
10000 1.437 0.7717
10000 1.437 0.7048
10000 1.437 0.7485
10000 1.437 0.7011
10000 1.437 0.7859
10000 1.437 0.6638
10000 1.437 0.6419
10000 1.437 0.8437
10000 1.437 0.6059
10000 1.437 0.7608
10000 1.437 0.7893
10000 1.437 0.5212
10000 1.437 0.7819
10000 1.437 0.5217
10000 1.437 0.7039
10000 1.437 0.703
10000 1.437 0.6959
10000 1.437 0.7243
10000 1.437 0.7864
10000 1.437 0.8447
10000 1.437 0.7082
10000 1.437 0.857
10000 1.437 0.7239
10000 1.437 0.8401
10000 1.437 0.6411
10000 1.437 0.7842
10000 1.437 0.7488
10000 1.437 0.7504
10000 1.437 0.4052
10000 1.437 0.7194
10000 1.437 0.7367
10000 1.437 0.8252
10000 1.437 0.6601
10000 1.437 0.7926
10000 1.437 0.6895
10000 1.437 0.8049
10000 1.437 0.7562
10000 1.437 0.7751
10000 1.437 0.7844
10000 1.437 0.6062
10000 1.437 0.7288
10000 1.437 0.8045
10000 1.437 0.6849
10000 1.437 0.713
10000 1.437 0.7577
10000 1.437 0.7134
10000 1.437 0.3323
10000 1.437 0.8195
10000 1.437 0.8518
10000 1.437 0.6835
10000 1.437 0.8144
10000 1.437 0.7345
10000 1.437 0.7684
10000 1.437 0.5507
10000 1.437 0.7505
10000 1.437 0.7754
10000 1.437 0.7602
10000 1.437 0.8467
10000 1.437 0.4682
10000 1.437 0.7167
10000 1.437 0.6665
10000 1.437 0.8255
10000 1.437 0.8213
10000 1.437 0.7303
10000 1.437 0.3785
10000 1.437 0.8082
10000 1.437 0.3528
10000 1.437 0.7782
10000 1.437 0.7565
10000 1.437 0.5751
10000 1.437 0.8405
10000 1.437 0.7881
10000 1.437 0.7273
10000 1.437 0.7957
10000 1.437 0.8673
10000 1.437 0.7349
10000 1.437 0.7335
10000 1.437 0.819
10000 1.437 0.7807
10000 1.437 0.8331
10000 1.437 0.5121
10000 1.437 0.7105
10000 1.437 0.7477
10000 1.437 0.7751
10000 1.437 0.7484
10000 1.437 0.7485
10000 1.437 0.6057
10000 1.437 0.8747
10000 1.437 0.7442
10000 1.437 0.8084
10000 1.437 0.8703
10000 1.437 0.8186
10000 1.437 0.8237
10000 1.437 0.7791
10000 1.437 0.6603
10000 1.437 0.4809
10000 1.437 0.7969
10000 1.437 0.5467
10000 1.437 0.7265
10000 1.437 0.8327
10000 1.437 0.6665
10000 1.437 0.7839
10000 1.437 0.737
10000 1.437 0.4811
10000 1.437 0.5069
10000 1.437 0.8222
10000 1.437 0.8267
10000 1.437 0.831
10000 1.437 0.4626
10000 1.437 0.4914
10000 1.437 0.6943
10000 1.437 0.7666
10000 1.437 0.7068
10000 1.437 0.8057
10000 1.437 0.8037
10000 1.437 0.6639
10000 1.437 0.5972
10000 1.437 0.7325
10000 1.437 0.5931
10000 1.437 0.5612
10000 1.437 0.8022
10000 1.437 0.7627
10000 1.437 0.8253
10000 1.437 0.8057
10000 1.437 0.4729
10000 1.437 0.7446
10000 1.437 0.7951
10000 1.437 0.7932
10000 1.437 0.7983
10000 1.437 0.6709
10000 1.437 0.8223
10000 1.437 0.6998
10000 1.437 0.7655
10000 1.437 0.7822
10000 1.437 0.8055
10000 1.437 0.6601
10000 1.437 0.6401
10000 1.437 0.7758
10000 1.437 0.7622
10000 1.437 0.7187
10000 1.437 0.7643
10000 1.437 0.698
10000 1.437 0.55
10000 1.437 0.5814
10000 1.437 0.7913
10000 1.437 0.5976
10000 1.437 0.8075
10000 1.437 0.784
10000 1.437 0.6307
10000 1.437 0.7624
10000 1.437 0.6529
10000 1.437 0.3262
10000 1.437 0.7741
10000 1.437 0.6526
10000 1.437 0.5947
10000 1.437 0.5446
10000 1.437 0.7287
10000 1.437 0.6417
10000 1.437 0.6361
10000 1.437 0.7845
10000 1.437 0.8417
10000 1.437 0.8587
10000 1.437 0.6199
10000 1.437 0.582
10000 1.437 0.7677
10000 1.437 0.809
10000 1.437 0.3578
10000 1.437 0.5004
10000 1.437 0.5034
10000 1.437 0.7289
10000 1.437 0.6279
10000 1.437 0.5152
10000 1.437 0.5278
10000 1.437 0.7963
10000 1.437 0.7225
10000 1.437 0.7078
10000 1.437 0.7916
10000 1.437 0.7683
10000 1.437 0.8368
10000 1.437 0.7496
10000 1.437 0.7546
10000 1.437 0.4874
10000 1.437 0.8444
10000 1.437 0.7129
10000 1.437 0.8436
10000 1.437 0.7765
10000 1.437 0.6611
10000 1.437 0.645
10000 1.437 0.7677
10000 1.437 0.5892
10000 1.437 0.7216
10000 1.437 0.7398
10000 1.437 0.5064
10000 1.437 0.8351
10000 1.437 0.7325
10000 1.437 0.8224
10000 1.437 0.4278
10000 1.437 0.8378
10000 1.437 0.805
10000 1.437 0.6546
10000 1.437 0.647
10000 1.437 0.7745
10000 1.437 0.3654
10000 1.437 0.7674
10000 1.437 0.7309
10000 1.437 0.7829
10000 1.437 0.7752
10000 1.437 0.8
10000 1.437 0.497
10000 1.437 0.751
10000 1.437 0.7206
10000 1.437 0.8616
10000 1.437 0.226
10000 1.437 0.7684
10000 1.437 0.6317
10000 1.437 0.5389
10000 1.437 0.5084
10000 1.437 0.5442
10000 1.437 0.7578
10000 1.437 0.7441
10000 1.437 0.7453
10000 1.437 0.8222
10000 1.437 0.5745
10000 1.437 0.4742
10000 1.437 0.6046
10000 1.437 0.3922
10000 1.437 0.448
10000 1.437 0.8566
10000 1.437 0.8089
10000 1.437 0.6738
10000 1.437 0.837
10000 1.437 0.8082
10000 1.437 0.8566
10000 1.437 0.743
10000 1.437 0.686
10000 1.437 0.8623
10000 1.437 0.8499
10000 1.437 0.4753
10000 1.437 0.8212
10000 1.437 0.6353
10000 1.437 0.7704
10000 1.437 0.4939
10000 1.437 0.7764
10000 1.437 0.8232
10000 1.437 0.6914
10000 1.437 0.8452
10000 1.437 0.2116
10000 1.437 0.5095
10000 1.437 0.7192
10000 1.437 0.4362
10000 1.437 0.68
10000 1.437 0.7603
10000 1.437 0.6945
10000 1.437 0.6105
10000 1.437 0.6813
10000 1.437 0.7562
10000 1.437 0.8232
10000 1.437 0.5683
10000 1.437 0.8032
10000 1.437 0.6043
10000 1.437 0.7576
10000 1.437 0.8242
10000 1.437 0.7899
10000 1.437 0.3796
10000 1.437 0.6492
10000 1.437 0.6923
10000 1.437 0.6788
10000 1.437 0.7963
10000 1.437 0.6448
10000 1.437 0.7656
10000 1.437 0.6531
10000 1.437 0.5521
10000 1.437 0.8398
10000 1.437 0.4512
10000 1.437 0.7936
10000 1.437 0.787
10000 1.437 0.6917
10000 1.437 0.6712
10000 1.437 0.6137
10000 1.437 0.782
10000 1.437 0.7027
10000 1.437 0.6727
10000 1.437 0.6042
10000 1.437 0.4454
10000 1.437 0.7555
10000 1.437 0.6847
10000 1.437 0.5043
10000 1.437 0.6799
10000 1.437 0.5005
10000 1.437 0.7962
10000 1.437 0.3822
10000 1.437 0.8637
10000 1.437 0.2938
10000 1.437 0.8113
10000 1.437 0.7309
10000 1.437 0.8223
10000 1.437 0.8222
10000 1.437 0.6583
10000 1.437 0.7694
10000 1.437 0.7627
10000 1.437 0.7562
10000 1.437 0.797
10000 1.437 0.7718
10000 1.437 0.8439
10000 1.437 0.8385
10000 1.437 0.6543
10000 1.437 0.6403
10000 1.437 0.7825
10000 1.437 0.8183
10000 1.437 0.7826
10000 1.437 0.6622
10000 1.437 0.7501
10000 1.437 0.7828
10000 1.437 0.7234
10000 1.437 0.7645
10000 1.437 0.7777
10000 1.437 0.487
10000 1.437 0.6981
10000 1.437 0.6765
10000 1.437 0.8095
10000 1.437 0.6966
10000 1.437 0.7456
10000 1.437 0.713
10000 1.437 0.6422
10000 1.437 0.8265
10000 1.437 0.8598
10000 1.437 0.7566
10000 1.437 0.2301
10000 1.437 0.4421
10000 1.437 0.8107
10000 1.437 0.7739
10000 1.437 0.7676
10000 1.437 0.821
10000 1.437 0.8077
10000 1.437 0.7432
10000 1.437 0.5579
10000 1.437 0.8386
10000 1.437 0.8213
10000 1.437 0.775
10000 1.437 0.7968
10000 1.437 0.7984
10000 1.437 0.5793
10000 1.437 0.6549
10000 1.437 0.8291
10000 1.437 0.8415
10000 1.437 0.799
10000 1.437 0.7129
10000 1.437 0.6703
10000 1.437 0.6904
10000 1.437 0.7112
10000 1.437 0.62
10000 1.437 0.7818
10000 1.437 0.5659
10000 1.437 0.7971
10000 1.437 0.8435
10000 1.437 0.7946
10000 1.437 0.5898
10000 1.437 0.67
10000 1.437 0.6443
10000 1.437 0.3945
10000 1.437 0.2546
10000 1.437 0.6913
10000 1.437 0.6264
10000 1.437 0.8438
10000 1.437 0.7813
10000 1.437 0.6825
10000 1.437 0.6913
10000 1.437 0.8435
10000 1.437 0.7686
10000 1.437 0.7168
10000 1.437 0.8202
10000 1.437 0.7892
10000 1.437 0.6987
10000 1.437 0.7212
10000 1.437 0.7209
10000 1.437 0.8304
10000 1.437 0.8005
10000 1.437 0.6681
10000 1.437 0.7269
10000 1.437 0.5143
10000 1.437 0.787
10000 1.437 0.6546
10000 1.437 0.798
10000 1.437 0.4111
10000 1.437 0.5521
10000 1.437 0.7384
10000 1.437 0.6795
10000 1.437 0.825
10000 1.437 0.5173
10000 1.437 0.8172
10000 1.437 0.7229
10000 1.437 0.8084
10000 1.437 0.5076
10000 1.437 0.3347
10000 1.437 0.713
10000 1.437 0.7459
10000 1.437 0.7258
10000 1.437 0.7463
10000 1.437 0.8021
10000 1.437 0.5599
10000 1.437 0.8566
10000 1.437 0.6014
10000 1.437 0.7712
10000 1.437 0.8401
10000 1.437 0.7218
10000 1.437 0.7642
10000 1.437 0.6032
10000 1.437 0.7496
10000 1.437 0.5411
10000 1.437 0.8797
10000 1.437 0.6795
10000 1.437 0.8169
10000 1.437 0.7605
10000 1.437 0.8857
10000 1.437 0.586
10000 1.437 0.8008
10000 1.437 0.7678
10000 1.437 0.7584
10000 1.437 0.8184
10000 1.437 0.7922
10000 1.437 0.6123
10000 1.437 0.7747
10000 1.437 0.6713
10000 1.437 0.7746
10000 1.437 0.7672
10000 1.437 0.7157
10000 1.437 0.7985
10000 1.437 0.8617
10000 1.437 0.767
10000 1.437 0.3976
10000 1.437 0.7754
10000 1.437 0.7586
10000 1.437 0.8053
10000 1.437 0.7589
10000 1.437 0.7867
10000 1.437 0.7669
10000 1.437 0.5698
10000 1.437 0.4861
10000 1.437 0.7136
10000 1.437 0.7525
10000 1.437 0.7881
10000 1.437 0.6781
10000 1.437 0.44
10000 1.437 0.2807
10000 1.437 0.7502
10000 1.437 0.7464
10000 1.437 0.7765
10000 1.437 0.6422
10000 1.437 0.7139
10000 1.437 0.7862
10000 1.437 0.8329
10000 1.437 0.7726
10000 1.437 0.4279
10000 1.437 0.7527
10000 1.437 0.8398
10000 1.437 0.6541
10000 1.437 0.819
10000 1.437 0.734
10000 1.437 0.7638
10000 1.437 0.8067
10000 1.437 0.7385
10000 1.437 0.8059
10000 1.437 0.8249
10000 1.437 0.6256
10000 1.437 0.7206
10000 1.437 0.8428
10000 1.437 0.7522
10000 1.437 0.6542
10000 1.437 0.7899
10000 1.437 0.6627
10000 1.437 0.7936
10000 1.437 0.8511
10000 1.437 0.788
10000 1.437 0.7476
10000 1.437 0.7798
10000 1.437 0.7601
10000 1.437 0.5617
10000 1.437 0.6975
10000 1.437 0.6742
10000 1.437 0.8021
10000 1.437 0.7417
10000 1.437 0.7759
10000 1.437 0.8267
10000 1.437 0.791
10000 1.437 0.6524
10000 1.437 0.7517
10000 1.437 0.8003
10000 1.437 0.7548
10000 1.437 0.718
10000 1.437 0.2976
10000 1.437 0.6742
10000 1.437 0.7622
10000 1.437 0.8052
10000 1.437 0.6096
10000 1.437 0.7755
10000 1.437 0.6371
10000 1.437 0.8131
10000 1.437 0.7297
10000 1.437 0.7033
10000 1.437 0.8164
10000 1.437 0.7297
10000 1.437 0.6247
10000 1.437 0.7795
10000 1.437 0.5287
10000 1.437 0.7236
10000 1.437 0.5864
10000 1.437 0.6184
10000 1.437 0.837
10000 1.437 0.4314
10000 1.437 0.6269
10000 1.437 0.2843
10000 1.437 0.8849
10000 1.437 0.8141
10000 1.437 0.8562
10000 1.437 0.7997
10000 1.437 0.5268
10000 1.437 0.7749
10000 1.437 0.6892
10000 1.437 0.8234
10000 1.437 0.6506
10000 1.437 0.5475
10000 1.437 0.8058
10000 1.437 0.4697
10000 1.437 0.7637
10000 1.437 0.6651
10000 1.437 0.7036
10000 1.437 0.8062
10000 1.437 0.7076
10000 1.437 0.4825
10000 1.437 0.68
10000 1.437 0.4501
10000 1.437 0.4198
10000 1.437 0.4409
10000 1.437 0.3738
10000 1.437 0.7822
10000 1.437 0.7541
10000 1.437 0.4016
10000 1.437 0.8378
10000 1.437 0.6825
10000 1.437 0.7162
10000 1.437 0.5738
10000 1.437 0.7919
10000 1.437 0.6609
10000 1.437 0.8318
10000 1.437 0.7451
10000 1.437 0.7858
10000 1.437 0.8198
10000 1.437 0.6168
10000 1.437 0.7307
10000 1.437 0.4845
10000 1.437 0.4185
10000 1.437 0.7481
10000 1.437 0.7409
10000 1.437 0.6005
10000 1.437 0.7224
10000 1.437 0.6844
10000 1.437 0.6573
10000 1.437 0.2227
10000 1.437 0.7552
10000 1.437 0.5538
10000 1.437 0.5243
10000 1.437 0.7613
10000 1.437 0.7142
10000 1.437 0.6925
10000 1.437 0.3035
10000 1.437 0.3789
10000 1.437 0.7128
10000 1.437 0.7691
10000 1.437 0.8105
10000 1.437 0.8129
10000 1.437 0.371
10000 1.437 0.7276
10000 1.437 0.4584
10000 1.437 0.6896
10000 1.437 0.7141
10000 1.437 0.7935
10000 1.437 0.3946
10000 1.437 0.8147
10000 1.437 0.656
10000 1.437 0.7189
10000 1.437 0.6442
10000 1.437 0.8318
10000 1.437 0.4205
10000 1.437 0.7266
10000 1.437 0.7496
10000 1.437 0.7438
10000 1.437 0.7892
10000 1.437 0.7439
10000 1.437 0.4382
10000 1.437 0.6229
10000 1.437 0.6467
10000 1.437 0.7591
10000 1.437 0.7338
10000 1.437 0.8417
10000 1.437 0.569
10000 1.437 0.5794
10000 1.437 0.6439
10000 1.437 0.6122
10000 1.437 0.7973
10000 1.437 0.7599
10000 1.437 0.8081
10000 1.437 0.7305
10000 1.437 0.5776
10000 1.437 0.6039
10000 1.437 0.6713
10000 1.437 0.6466
10000 1.437 0.661
10000 1.437 0.6543
10000 1.437 0.7688
10000 1.437 0.7305
10000 1.437 0.6483
10000 1.437 0.7849
10000 1.437 0.6634
10000 1.437 0.4232
10000 1.437 0.75
10000 1.437 0.7884
10000 1.437 0.5395
10000 1.437 0.7613
10000 1.437 0.7128
10000 1.437 0.807
10000 1.437 0.8176
10000 1.437 0.8196
10000 1.437 0.7912
10000 1.437 0.7168
10000 1.437 0.7345
10000 1.437 0.7233
10000 1.437 0.7663
10000 1.437 0.5589
10000 1.437 0.8101
10000 1.437 0.6955
10000 1.437 0.7619
10000 1.437 0.6992
10000 1.437 0.5799
10000 1.437 0.6392
10000 1.437 0.4302
10000 1.437 0.7283
10000 1.437 0.7415
10000 1.437 0.8219
10000 1.437 0.7551
10000 1.437 0.7024
10000 1.437 0.7419
10000 1.437 0.7946
10000 1.437 0.4819
10000 1.437 0.776
10000 1.437 0.6118
10000 1.437 0.8123
10000 1.437 0.8222
10000 1.437 0.5895
10000 1.437 0.756
10000 1.437 0.3939
10000 1.437 0.4903
10000 1.437 0.7015
10000 1.437 0.3018
10000 1.437 0.8277
10000 1.437 0.6029
10000 1.437 0.7155
10000 1.437 0.5465
10000 1.437 0.7367
10000 1.437 0.6972
10000 1.437 0.4451
10000 1.437 0.7666
10000 1.437 0.667
10000 1.437 0.7934
10000 1.437 0.5261
10000 1.437 0.808
10000 1.437 0.8672
10000 1.437 0.3977
10000 1.437 0.6811
10000 1.437 0.8222
10000 1.437 0.5592
10000 1.437 0.3877
10000 1.437 0.7043
10000 1.437 0.5363
10000 1.437 0.8195
10000 1.437 0.7757
10000 1.437 0.3549
10000 1.437 0.8215
10000 1.437 0.7909
10000 1.437 0.8055
10000 1.437 0.8141
10000 1.437 0.7201
10000 1.437 0.6957
10000 1.437 0.7494
10000 1.437 0.7072
10000 1.437 0.5906
10000 1.437 0.4948
10000 1.437 0.5525
10000 1.437 0.5964
10000 1.437 0.769
10000 1.437 0.8348
10000 1.437 0.8652
10000 1.437 0.8363
10000 1.437 0.7408
10000 1.437 0.723
10000 1.437 0.7413
10000 1.437 0.7389
10000 1.437 0.7581
10000 1.437 0.5422
10000 1.437 0.6321
10000 1.437 0.4838
10000 1.437 0.5955
10000 1.437 0.6866
10000 1.437 0.6635
10000 1.437 0.7614
10000 1.437 0.7179
10000 1.437 0.6548
10000 1.437 0.8758
10000 1.437 0.6531
10000 1.437 0.7916
10000 1.437 0.5186
10000 1.437 0.8112
10000 1.437 0.7905
10000 1.437 0.8144
10000 1.437 0.8237
10000 1.437 0.6694
10000 1.437 0.4865
10000 1.437 0.7133
10000 1.437 0.7216
10000 1.437 0.8047
10000 1.437 0.6097
10000 1.437 0.7861
10000 1.437 0.6905
10000 1.437 0.7653
10000 1.437 0.8494
10000 1.437 0.4978
10000 1.437 0.6951
10000 1.437 0.7602
10000 1.437 0.4736
10000 1.437 0.5949
10000 1.437 0.7518
10000 1.437 0.5773
10000 1.437 0.7914
10000 1.437 0.7082
10000 1.437 0.6663
10000 1.437 0.7806
10000 1.437 0.6854
10000 1.437 0.5681
10000 1.437 0.7504
10000 1.437 0.7714
10000 1.437 0.8233
10000 1.437 0.6643
10000 1.437 0.7875
10000 1.437 0.4919
10000 1.437 0.8119
10000 1.437 0.7569
10000 1.437 0.8036
10000 1.437 0.7318
10000 1.437 0.6737
10000 1.437 0.6879
10000 1.437 0.5643
10000 1.437 0.7066
10000 1.437 0.3492
10000 1.437 0.6369
10000 1.437 0.6261
10000 1.437 0.7754
10000 1.437 0.8238
10000 1.437 0.8407
10000 1.437 0.7543
10000 1.437 0.4742
10000 1.437 0.4835
10000 1.437 0.7036
10000 1.437 0.7715
10000 1.437 0.7684
10000 1.437 0.8066
10000 1.437 0.5456
10000 1.437 0.8339
10000 1.437 0.6545
10000 1.437 0.7469
10000 1.437 0.5852
10000 1.437 0.3485
10000 1.437 0.7597
10000 1.437 0.8131
10000 1.437 0.6912
10000 1.437 0.6984
10000 1.437 0.5706
10000 1.437 0.6726
10000 1.437 0.774
10000 1.437 0.4461
10000 1.437 0.7746
10000 1.437 0.7669
10000 1.437 0.8759
10000 1.437 0.7951
10000 1.437 0.8233
10000 1.437 0.7847
10000 1.437 0.6595
10000 1.437 0.8124
10000 1.437 0.6109
10000 1.437 0.5796
10000 1.437 0.4866
10000 1.437 0.7517
10000 1.437 0.7711
10000 1.437 0.755
10000 1.437 0.8013
10000 1.437 0.7946
10000 1.437 0.8401
10000 1.437 0.8031
10000 1.437 0.6584
10000 1.437 0.8002
10000 1.437 0.6309
10000 1.437 0.8045
10000 1.437 0.5082
10000 1.437 0.7667
10000 1.437 0.7947
10000 1.437 0.8272
10000 1.437 0.5227
10000 1.437 0.8031
10000 1.437 0.6984
10000 1.437 0.7645
10000 1.437 0.5284
10000 1.437 0.8102
10000 1.437 0.5858
10000 1.437 0.8824
10000 1.437 0.6688
10000 1.437 0.8366
10000 1.437 0.8537
10000 1.437 0.6269
10000 1.437 0.7515
10000 1.437 0.8164
10000 1.437 0.7857
10000 1.437 0.7408
10000 1.437 0.4847
10000 1.437 0.8231
10000 1.437 0.7952
10000 1.437 0.3088
