100000000 1.436 0.444076
100000000 1.436 0.440844
100000000 1.436 0.380997
100000000 1.436 0.478333
100000000 1.436 0.373533
100000000 1.436 0.416541
100000000 1.436 0.390202
100000000 1.436 0.506827
100000000 1.436 0.468151
100000000 1.436 0.477536
100000000 1.436 0.0894946
100000000 1.436 0.487582
100000000 1.436 0.455303
100000000 1.436 0.228691
100000000 1.436 0.263512
100000000 1.436 0.386735
100000000 1.436 0.173666
100000000 1.436 0.473858
100000000 1.436 0.413066
100000000 1.436 0.145883
100000000 1.436 0.50132
100000000 1.436 0.484323
100000000 1.436 0.433389
100000000 1.436 0.508716
100000000 1.436 0.256698
100000000 1.436 0.225612
100000000 1.436 0.48767
100000000 1.436 0.368508
100000000 1.436 0.509066
100000000 1.436 0.138376
100000000 1.436 0.480743
100000000 1.436 0.386933
100000000 1.436 0.402557
100000000 1.436 0.452121
100000000 1.436 0.348335
100000000 1.436 0.46609
100000000 1.436 0.409315
100000000 1.436 0.312264
100000000 1.436 0.336106
100000000 1.436 0.469895
100000000 1.436 0.156732
100000000 1.436 0.463936
100000000 1.436 0.392174
100000000 1.436 0.432331
100000000 1.436 0.271043
100000000 1.436 0.481025
100000000 1.436 0.463748
100000000 1.436 0.466469
100000000 1.436 0.416748
100000000 1.436 0.456346
100000000 1.436 0.490645
100000000 1.436 0.330936
100000000 1.436 0.222496
100000000 1.436 0.250483
100000000 1.436 0.521167
100000000 1.436 0.468369
100000000 1.436 0.424271
100000000 1.436 0.373021
100000000 1.436 0.294104
100000000 1.436 0.441382
100000000 1.436 0.477465
100000000 1.436 0.481937
100000000 1.436 0.286037
100000000 1.436 0.389982
100000000 1.436 0.385613
100000000 1.436 0.12845
100000000 1.436 0.477553
100000000 1.436 0.303828
100000000 1.436 0.448205
100000000 1.436 0.443949
100000000 1.436 0.270179
100000000 1.436 0.518815
100000000 1.436 0.393828
100000000 1.436 0.425299
100000000 1.436 0.383248
100000000 1.436 0.376453
100000000 1.436 0.120834
100000000 1.436 0.324449
100000000 1.436 0.272635
100000000 1.436 0.277744
100000000 1.436 0.386903
100000000 1.436 0.233323
100000000 1.436 0.398844
100000000 1.436 0.48122
100000000 1.436 0.44044
100000000 1.436 0.529122
100000000 1.436 0.398218
100000000 1.436 0.170584
100000000 1.436 0.493661
100000000 1.436 0.509582
100000000 1.436 0.511197
100000000 1.436 0.416012
100000000 1.436 0.38724
100000000 1.436 0.464251
100000000 1.436 0.440954
100000000 1.436 0.460018
100000000 1.436 0.2172
100000000 1.436 0.478307
100000000 1.436 0.458807
100000000 1.436 0.493372
