1000 1.436 0.647
1000 1.436 0.908
1000 1.436 0.87
1000 1.436 0.92
1000 1.436 0.787
1000 1.436 0.804
1000 1.436 0.918
1000 1.436 0.918
1000 1.436 0.89
1000 1.436 0.874
1000 1.436 0.851
1000 1.436 0.767
1000 1.436 0.844
1000 1.436 0.937
1000 1.436 0.731
1000 1.436 0.781
1000 1.436 0.772
1000 1.436 0.836
1000 1.436 0.956
1000 1.436 0.718
1000 1.436 0.825
1000 1.436 0.812
1000 1.436 0.926
1000 1.436 0.816
1000 1.436 0.843
1000 1.436 0.837
1000 1.436 0.942
1000 1.436 0.84
1000 1.436 0.859
1000 1.436 0.851
1000 1.436 0.897
1000 1.436 0.89
1000 1.436 0.75
1000 1.436 0.857
1000 1.436 0.844
1000 1.436 0.906
1000 1.436 0.881
1000 1.436 0.656
1000 1.436 0.792
1000 1.436 0.592
1000 1.436 0.833
1000 1.436 0.623
1000 1.436 0.706
1000 1.436 0.836
1000 1.436 0.837
1000 1.436 0.673
1000 1.436 0.91
1000 1.436 0.914
1000 1.436 0.938
1000 1.436 0.819
1000 1.436 0.884
1000 1.436 0.895
1000 1.436 0.855
1000 1.436 0.898
1000 1.436 0.915
1000 1.436 0.888
1000 1.436 0.776
1000 1.436 0.802
1000 1.436 0.865
1000 1.436 0.849
1000 1.436 0.719
1000 1.436 0.836
1000 1.436 0.813
1000 1.436 0.518
1000 1.436 0.889
1000 1.436 0.895
1000 1.436 0.933
1000 1.436 0.931
1000 1.436 0.665
1000 1.436 0.799
1000 1.436 0.921
1000 1.436 0.489
1000 1.436 0.846
1000 1.436 0.889
1000 1.436 0.882
1000 1.436 0.878
1000 1.436 0.921
1000 1.436 0.812
1000 1.436 0.864
1000 1.436 0.8
1000 1.436 0.655
1000 1.436 0.824
1000 1.436 0.879
1000 1.436 0.89
1000 1.436 0.905
1000 1.436 0.902
1000 1.436 0.922
1000 1.436 0.668
1000 1.436 0.469
1000 1.436 0.801
1000 1.436 0.883
1000 1.436 0.527
1000 1.436 0.763
1000 1.436 0.955
1000 1.436 0.871
1000 1.436 0.886
1000 1.436 0.88
1000 1.436 0.599
1000 1.436 0.875
1000 1.436 0.833
1000 1.436 0.703
1000 1.436 0.934
1000 1.436 0.916
1000 1.436 0.712
1000 1.436 0.922
1000 1.436 0.848
1000 1.436 0.649
1000 1.436 0.35
1000 1.436 0.708
1000 1.436 0.825
1000 1.436 0.528
1000 1.436 0.46
1000 1.436 0.51
1000 1.436 0.938
1000 1.436 0.769
1000 1.436 0.849
1000 1.436 0.706
1000 1.436 0.714
1000 1.436 0.602
1000 1.436 0.89
1000 1.436 0.666
1000 1.436 0.915
1000 1.436 0.668
1000 1.436 0.951
1000 1.436 0.799
1000 1.436 0.65
1000 1.436 0.857
1000 1.436 0.827
1000 1.436 0.941
1000 1.436 0.849
1000 1.436 0.85
1000 1.436 0.872
1000 1.436 0.782
1000 1.436 0.91
1000 1.436 0.807
1000 1.436 0.878
1000 1.436 0.481
1000 1.436 0.783
1000 1.436 0.814
1000 1.436 0.875
1000 1.436 0.684
1000 1.436 0.913
1000 1.436 0.791
1000 1.436 0.453
1000 1.436 0.829
1000 1.436 0.933
1000 1.436 0.872
1000 1.436 0.534
1000 1.436 0.698
1000 1.436 0.855
1000 1.436 0.836
1000 1.436 0.636
1000 1.436 0.956
1000 1.436 0.874
1000 1.436 0.87
1000 1.436 0.889
1000 1.436 0.756
1000 1.436 0.926
1000 1.436 0.944
1000 1.436 0.835
1000 1.436 0.771
1000 1.436 0.675
1000 1.436 0.827
1000 1.436 0.931
1000 1.436 0.949
1000 1.436 0.671
1000 1.436 0.851
1000 1.436 0.932
1000 1.436 0.631
1000 1.436 0.824
1000 1.436 0.829
1000 1.436 0.929
1000 1.436 0.8
1000 1.436 0.877
1000 1.436 0.944
1000 1.436 0.847
1000 1.436 0.813
1000 1.436 0.849
1000 1.436 0.788
1000 1.436 0.888
1000 1.436 0.889
1000 1.436 0.716
1000 1.436 0.89
1000 1.436 0.866
1000 1.436 0.448
1000 1.436 0.768
1000 1.436 0.919
1000 1.436 0.78
1000 1.436 0.799
1000 1.436 0.867
1000 1.436 0.791
1000 1.436 0.921
1000 1.436 0.946
1000 1.436 0.926
1000 1.436 0.933
1000 1.436 0.861
1000 1.436 0.815
1000 1.436 0.837
1000 1.436 0.79
1000 1.436 0.649
1000 1.436 0.907
1000 1.436 0.924
1000 1.436 0.893
1000 1.436 0.874
1000 1.436 0.852
1000 1.436 0.942
1000 1.436 0.889
1000 1.436 0.83
1000 1.436 0.758
1000 1.436 0.922
1000 1.436 0.878
1000 1.436 0.672
1000 1.436 0.545
1000 1.436 0.53
1000 1.436 0.899
1000 1.436 0.851
1000 1.436 0.775
1000 1.436 0.823
1000 1.436 0.702
1000 1.436 0.75
1000 1.436 0.796
1000 1.436 0.838
1000 1.436 0.796
1000 1.436 0.571
1000 1.436 0.832
1000 1.436 0.858
1000 1.436 0.629
1000 1.436 0.835
1000 1.436 0.704
1000 1.436 0.942
1000 1.436 0.81
1000 1.436 0.744
1000 1.436 0.432
1000 1.436 0.879
1000 1.436 0.887
1000 1.436 0.768
1000 1.436 0.872
1000 1.436 0.818
1000 1.436 0.885
1000 1.436 0.424
1000 1.436 0.522
1000 1.436 0.825
1000 1.436 0.708
1000 1.436 0.729
1000 1.436 0.731
1000 1.436 0.905
1000 1.436 0.274
1000 1.436 0.743
1000 1.436 0.939
1000 1.436 0.715
1000 1.436 0.799
1000 1.436 0.919
1000 1.436 0.644
1000 1.436 0.839
1000 1.436 0.805
1000 1.436 0.792
1000 1.436 0.527
1000 1.436 0.885
1000 1.436 0.74
1000 1.436 0.562
1000 1.436 0.741
1000 1.436 0.941
1000 1.436 0.789
1000 1.436 0.307
1000 1.436 0.903
1000 1.436 0.835
1000 1.436 0.679
1000 1.436 0.936
1000 1.436 0.522
1000 1.436 0.886
1000 1.436 0.92
1000 1.436 0.836
1000 1.436 0.685
1000 1.436 0.889
1000 1.436 0.609
1000 1.436 0.565
1000 1.436 0.77
1000 1.436 0.891
1000 1.436 0.648
1000 1.436 0.462
1000 1.436 0.789
1000 1.436 0.949
1000 1.436 0.827
1000 1.436 0.936
1000 1.436 0.589
1000 1.436 0.932
1000 1.436 0.791
1000 1.436 0.66
1000 1.436 0.754
1000 1.436 0.85
1000 1.436 0.971
1000 1.436 0.946
1000 1.436 0.599
1000 1.436 0.827
1000 1.436 0.899
1000 1.436 0.762
1000 1.436 0.733
1000 1.436 0.809
1000 1.436 0.701
1000 1.436 0.822
1000 1.436 0.852
1000 1.436 0.847
1000 1.436 0.625
1000 1.436 0.783
1000 1.436 0.869
1000 1.436 0.93
1000 1.436 0.909
1000 1.436 0.803
1000 1.436 0.912
1000 1.436 0.826
1000 1.436 0.94
1000 1.436 0.862
1000 1.436 0.818
1000 1.436 0.824
1000 1.436 0.918
1000 1.436 0.836
1000 1.436 0.819
1000 1.436 0.822
1000 1.436 0.725
1000 1.436 0.238
1000 1.436 0.917
1000 1.436 0.848
1000 1.436 0.922
1000 1.436 0.959
1000 1.436 0.771
1000 1.436 0.868
1000 1.436 0.868
1000 1.436 0.901
1000 1.436 0.917
1000 1.436 0.869
1000 1.436 0.749
1000 1.436 0.71
1000 1.436 0.861
1000 1.436 0.89
1000 1.436 0.624
1000 1.436 0.907
1000 1.436 0.765
1000 1.436 0.779
1000 1.436 0.863
1000 1.436 0.675
1000 1.436 0.878
1000 1.436 0.898
1000 1.436 0.811
1000 1.436 0.618
1000 1.436 0.815
1000 1.436 0.84
1000 1.436 0.891
1000 1.436 0.876
1000 1.436 0.826
1000 1.436 0.935
1000 1.436 0.883
1000 1.436 0.933
1000 1.436 0.679
1000 1.436 0.645
1000 1.436 0.855
1000 1.436 0.747
1000 1.436 0.882
1000 1.436 0.892
1000 1.436 0.89
1000 1.436 0.85
1000 1.436 0.811
1000 1.436 0.834
1000 1.436 0.829
1000 1.436 0.873
1000 1.436 0.482
1000 1.436 0.537
1000 1.436 0.807
1000 1.436 0.927
1000 1.436 0.685
1000 1.436 0.845
1000 1.436 0.521
1000 1.436 0.258
1000 1.436 0.896
1000 1.436 0.903
1000 1.436 0.887
1000 1.436 0.919
1000 1.436 0.883
1000 1.436 0.887
1000 1.436 0.874
1000 1.436 0.894
1000 1.436 0.874
1000 1.436 0.797
1000 1.436 0.663
1000 1.436 0.858
1000 1.436 0.774
1000 1.436 0.903
1000 1.436 0.587
1000 1.436 0.778
1000 1.436 0.932
1000 1.436 0.906
1000 1.436 0.932
1000 1.436 0.927
1000 1.436 0.831
1000 1.436 0.88
1000 1.436 0.844
1000 1.436 0.886
1000 1.436 0.836
1000 1.436 0.627
1000 1.436 0.612
1000 1.436 0.939
1000 1.436 0.778
1000 1.436 0.39
1000 1.436 0.496
1000 1.436 0.823
1000 1.436 0.935
1000 1.436 0.895
1000 1.436 0.563
1000 1.436 0.745
1000 1.436 0.898
1000 1.436 0.842
1000 1.436 0.941
1000 1.436 0.955
1000 1.436 0.777
1000 1.436 0.892
1000 1.436 0.423
1000 1.436 0.885
1000 1.436 0.878
1000 1.436 0.797
1000 1.436 0.94
1000 1.436 0.941
1000 1.436 0.854
1000 1.436 0.831
1000 1.436 0.517
1000 1.436 0.902
1000 1.436 0.711
1000 1.436 0.815
1000 1.436 0.665
1000 1.436 0.778
1000 1.436 0.66
1000 1.436 0.837
1000 1.436 0.913
1000 1.436 0.901
1000 1.436 0.738
1000 1.436 0.889
1000 1.436 0.39
1000 1.436 0.796
1000 1.436 0.656
1000 1.436 0.752
1000 1.436 0.81
1000 1.436 0.825
1000 1.436 0.859
1000 1.436 0.891
1000 1.436 0.839
1000 1.436 0.811
1000 1.436 0.792
1000 1.436 0.867
1000 1.436 0.921
1000 1.436 0.77
1000 1.436 0.792
1000 1.436 0.405
1000 1.436 0.921
1000 1.436 0.881
1000 1.436 0.591
1000 1.436 0.82
1000 1.436 0.845
1000 1.436 0.897
1000 1.436 0.856
1000 1.436 0.866
1000 1.436 0.812
1000 1.436 0.924
1000 1.436 0.645
1000 1.436 0.95
1000 1.436 0.788
1000 1.436 0.594
1000 1.436 0.412
1000 1.436 0.786
1000 1.436 0.852
1000 1.436 0.83
1000 1.436 0.897
1000 1.436 0.903
1000 1.436 0.529
1000 1.436 0.78
1000 1.436 0.671
1000 1.436 0.716
1000 1.436 0.308
1000 1.436 0.834
1000 1.436 0.844
1000 1.436 0.728
1000 1.436 0.692
1000 1.436 0.769
1000 1.436 0.809
1000 1.436 0.921
1000 1.436 0.788
1000 1.436 0.902
1000 1.436 0.752
1000 1.436 0.863
1000 1.436 0.397
1000 1.436 0.845
1000 1.436 0.72
1000 1.436 0.9
1000 1.436 0.499
1000 1.436 0.763
1000 1.436 0.891
1000 1.436 0.889
1000 1.436 0.821
1000 1.436 0.836
1000 1.436 0.913
1000 1.436 0.935
1000 1.436 0.642
1000 1.436 0.751
1000 1.436 0.703
1000 1.436 0.863
1000 1.436 0.837
1000 1.436 0.824
1000 1.436 0.767
1000 1.436 0.809
1000 1.436 0.874
1000 1.436 0.898
1000 1.436 0.843
1000 1.436 0.906
1000 1.436 0.909
1000 1.436 0.94
1000 1.436 0.934
1000 1.436 0.949
1000 1.436 0.888
1000 1.436 0.895
1000 1.436 0.764
1000 1.436 0.317
1000 1.436 0.938
1000 1.436 0.897
1000 1.436 0.875
1000 1.436 0.899
1000 1.436 0.827
1000 1.436 0.916
1000 1.436 0.366
1000 1.436 0.552
1000 1.436 0.42
1000 1.436 0.569
1000 1.436 0.848
1000 1.436 0.646
1000 1.436 0.901
1000 1.436 0.75
1000 1.436 0.852
1000 1.436 0.857
1000 1.436 0.912
1000 1.436 0.882
1000 1.436 0.64
1000 1.436 0.866
1000 1.436 0.754
1000 1.436 0.886
1000 1.436 0.801
1000 1.436 0.7
1000 1.436 0.877
1000 1.436 0.903
1000 1.436 0.828
1000 1.436 0.778
1000 1.436 0.898
1000 1.436 0.551
1000 1.436 0.878
1000 1.436 0.83
1000 1.436 0.601
1000 1.436 0.3
1000 1.436 0.835
1000 1.436 0.907
1000 1.436 0.675
1000 1.436 0.71
1000 1.436 0.676
1000 1.436 0.591
1000 1.436 0.686
1000 1.436 0.841
1000 1.436 0.563
1000 1.436 0.907
1000 1.436 0.843
1000 1.436 0.893
1000 1.436 0.943
1000 1.436 0.913
1000 1.436 0.885
1000 1.436 0.806
1000 1.436 0.791
1000 1.436 0.878
1000 1.436 0.508
1000 1.436 0.919
1000 1.436 0.917
1000 1.436 0.361
1000 1.436 0.894
1000 1.436 0.712
1000 1.436 0.925
1000 1.436 0.907
1000 1.436 0.865
1000 1.436 0.724
1000 1.436 0.62
1000 1.436 0.909
1000 1.436 0.811
1000 1.436 0.823
1000 1.436 0.943
1000 1.436 0.895
1000 1.436 0.937
1000 1.436 0.967
1000 1.436 0.697
1000 1.436 0.31
1000 1.436 0.704
1000 1.436 0.856
1000 1.436 0.794
1000 1.436 0.908
1000 1.436 0.455
1000 1.436 0.723
1000 1.436 0.795
1000 1.436 0.825
1000 1.436 0.772
1000 1.436 0.749
1000 1.436 0.861
1000 1.436 0.814
1000 1.436 0.862
1000 1.436 0.87
1000 1.436 0.656
1000 1.436 0.789
1000 1.436 0.95
1000 1.436 0.744
1000 1.436 0.824
1000 1.436 0.589
1000 1.436 0.888
1000 1.436 0.771
1000 1.436 0.82
1000 1.436 0.638
1000 1.436 0.84
1000 1.436 0.864
1000 1.436 0.473
1000 1.436 0.857
1000 1.436 0.925
1000 1.436 0.731
1000 1.436 0.792
1000 1.436 0.88
1000 1.436 0.705
1000 1.436 0.89
1000 1.436 0.742
1000 1.436 0.883
1000 1.436 0.834
1000 1.436 0.868
1000 1.436 0.866
1000 1.436 0.398
1000 1.436 0.858
1000 1.436 0.856
1000 1.436 0.87
1000 1.436 0.816
1000 1.436 0.597
1000 1.436 0.794
1000 1.436 0.863
1000 1.436 0.866
1000 1.436 0.851
1000 1.436 0.663
1000 1.436 0.636
1000 1.436 0.922
1000 1.436 0.784
1000 1.436 0.828
1000 1.436 0.697
1000 1.436 0.935
1000 1.436 0.887
1000 1.436 0.921
1000 1.436 0.807
1000 1.436 0.85
1000 1.436 0.651
1000 1.436 0.675
1000 1.436 0.83
1000 1.436 0.39
1000 1.436 0.788
1000 1.436 0.295
1000 1.436 0.869
1000 1.436 0.88
1000 1.436 0.915
1000 1.436 0.607
1000 1.436 0.885
1000 1.436 0.902
1000 1.436 0.516
1000 1.436 0.765
1000 1.436 0.867
1000 1.436 0.686
1000 1.436 0.964
1000 1.436 0.903
1000 1.436 0.547
1000 1.436 0.748
1000 1.436 0.866
1000 1.436 0.698
1000 1.436 0.588
1000 1.436 0.876
1000 1.436 0.879
1000 1.436 0.784
1000 1.436 0.724
1000 1.436 0.807
1000 1.436 0.864
1000 1.436 0.922
1000 1.436 0.699
1000 1.436 0.814
1000 1.436 0.364
1000 1.436 0.912
1000 1.436 0.8
1000 1.436 0.921
1000 1.436 0.872
1000 1.436 0.789
1000 1.436 0.858
1000 1.436 0.841
1000 1.436 0.781
1000 1.436 0.734
1000 1.436 0.689
1000 1.436 0.944
1000 1.436 0.702
1000 1.436 0.883
1000 1.436 0.882
1000 1.436 0.821
1000 1.436 0.853
1000 1.436 0.775
1000 1.436 0.699
1000 1.436 0.926
1000 1.436 0.915
1000 1.436 0.901
1000 1.436 0.86
1000 1.436 0.811
1000 1.436 0.859
1000 1.436 0.772
1000 1.436 0.57
1000 1.436 0.71
1000 1.436 0.819
1000 1.436 0.812
1000 1.436 0.862
1000 1.436 0.852
1000 1.436 0.894
1000 1.436 0.821
1000 1.436 0.908
1000 1.436 0.823
1000 1.436 0.908
1000 1.436 0.733
1000 1.436 0.765
1000 1.436 0.657
1000 1.436 0.9
1000 1.436 0.713
1000 1.436 0.729
1000 1.436 0.828
1000 1.436 0.765
1000 1.436 0.455
1000 1.436 0.65
1000 1.436 0.834
1000 1.436 0.885
1000 1.436 0.543
1000 1.436 0.713
1000 1.436 0.925
1000 1.436 0.839
1000 1.436 0.446
1000 1.436 0.931
1000 1.436 0.882
1000 1.436 0.413
1000 1.436 0.845
1000 1.436 0.6
1000 1.436 0.777
1000 1.436 0.83
1000 1.436 0.692
1000 1.436 0.902
1000 1.436 0.894
1000 1.436 0.811
1000 1.436 0.89
1000 1.436 0.631
1000 1.436 0.781
1000 1.436 0.456
1000 1.436 0.841
1000 1.436 0.826
1000 1.436 0.904
1000 1.436 0.833
1000 1.436 0.833
1000 1.436 0.81
1000 1.436 0.883
1000 1.436 0.886
1000 1.436 0.855
1000 1.436 0.876
1000 1.436 0.59
1000 1.436 0.935
1000 1.436 0.879
1000 1.436 0.871
1000 1.436 0.935
1000 1.436 0.854
1000 1.436 0.93
1000 1.436 0.907
1000 1.436 0.796
1000 1.436 0.759
1000 1.436 0.909
1000 1.436 0.792
1000 1.436 0.802
1000 1.436 0.878
1000 1.436 0.875
1000 1.436 0.844
1000 1.436 0.703
1000 1.436 0.876
1000 1.436 0.85
1000 1.436 0.89
1000 1.436 0.898
1000 1.436 0.858
1000 1.436 0.889
1000 1.436 0.445
1000 1.436 0.718
1000 1.436 0.886
1000 1.436 0.844
1000 1.436 0.897
1000 1.436 0.687
1000 1.436 0.796
1000 1.436 0.933
1000 1.436 0.698
1000 1.436 0.891
1000 1.436 0.474
1000 1.436 0.914
1000 1.436 0.87
1000 1.436 0.892
1000 1.436 0.81
1000 1.436 0.909
1000 1.436 0.528
1000 1.436 0.843
1000 1.436 0.813
1000 1.436 0.954
1000 1.436 0.926
1000 1.436 0.755
1000 1.436 0.394
1000 1.436 0.833
1000 1.436 0.956
1000 1.436 0.741
1000 1.436 0.883
1000 1.436 0.903
1000 1.436 0.873
1000 1.436 0.684
1000 1.436 0.808
1000 1.436 0.887
1000 1.436 0.886
1000 1.436 0.876
1000 1.436 0.785
1000 1.436 0.757
1000 1.436 0.784
1000 1.436 0.929
1000 1.436 0.894
1000 1.436 0.655
1000 1.436 0.594
1000 1.436 0.915
1000 1.436 0.766
1000 1.436 0.817
1000 1.436 0.897
1000 1.436 0.8
1000 1.436 0.8
1000 1.436 0.805
1000 1.436 0.93
1000 1.436 0.72
1000 1.436 0.949
1000 1.436 0.444
1000 1.436 0.926
1000 1.436 0.876
1000 1.436 0.801
1000 1.436 0.808
1000 1.436 0.556
1000 1.436 0.874
1000 1.436 0.889
1000 1.436 0.859
1000 1.436 0.903
1000 1.436 0.898
1000 1.436 0.49
1000 1.436 0.734
1000 1.436 0.875
1000 1.436 0.922
1000 1.436 0.323
1000 1.436 0.877
1000 1.436 0.849
1000 1.436 0.881
1000 1.436 0.794
1000 1.436 0.512
1000 1.436 0.828
1000 1.436 0.787
1000 1.436 0.833
1000 1.436 0.858
1000 1.436 0.815
1000 1.436 0.877
1000 1.436 0.786
1000 1.436 0.651
1000 1.436 0.338
1000 1.436 0.741
1000 1.436 0.682
1000 1.436 0.51
1000 1.436 0.901
1000 1.436 0.941
1000 1.436 0.752
1000 1.436 0.912
1000 1.436 0.889
1000 1.436 0.928
1000 1.436 0.93
1000 1.436 0.803
1000 1.436 0.782
1000 1.436 0.824
1000 1.436 0.87
1000 1.436 0.521
1000 1.436 0.811
1000 1.436 0.83
1000 1.436 0.871
1000 1.436 0.803
1000 1.436 0.808
1000 1.436 0.378
1000 1.436 0.708
1000 1.436 0.854
1000 1.436 0.784
1000 1.436 0.911
1000 1.436 0.897
1000 1.436 0.801
1000 1.436 0.869
1000 1.436 0.83
1000 1.436 0.545
1000 1.436 0.902
1000 1.436 0.907
1000 1.436 0.814
1000 1.436 0.959
1000 1.436 0.819
1000 1.436 0.824
1000 1.436 0.919
1000 1.436 0.856
1000 1.436 0.794
1000 1.436 0.872
1000 1.436 0.915
1000 1.436 0.801
1000 1.436 0.833
1000 1.436 0.912
1000 1.436 0.934
1000 1.436 0.944
1000 1.436 0.595
1000 1.436 0.52
1000 1.436 0.789
1000 1.436 0.708
1000 1.436 0.914
1000 1.436 0.948
1000 1.436 0.87
1000 1.436 0.786
1000 1.436 0.744
1000 1.436 0.84
1000 1.436 0.807
1000 1.436 0.762
1000 1.436 0.865
1000 1.436 0.653
1000 1.436 0.741
1000 1.436 0.77
1000 1.436 0.655
1000 1.436 0.682
1000 1.436 0.469
1000 1.436 0.797
1000 1.436 0.704
1000 1.436 0.851
1000 1.436 0.941
1000 1.436 0.43
1000 1.436 0.887
1000 1.436 0.901
1000 1.436 0.378
1000 1.436 0.957
1000 1.436 0.744
1000 1.436 0.814
1000 1.436 0.935
1000 1.436 0.905
1000 1.436 0.9
1000 1.436 0.875
1000 1.436 0.923
1000 1.436 0.765
1000 1.436 0.685
1000 1.436 0.892
1000 1.436 0.481
1000 1.436 0.767
1000 1.436 0.657
1000 1.436 0.583
1000 1.436 0.923
1000 1.436 0.602
1000 1.436 0.426
1000 1.436 0.889
1000 1.436 0.825
1000 1.436 0.75
1000 1.436 0.929
1000 1.436 0.894
1000 1.436 0.9
1000 1.436 0.921
1000 1.436 0.686
1000 1.436 0.787
1000 1.436 0.417
1000 1.436 0.854
1000 1.436 0.815
1000 1.436 0.915
1000 1.436 0.862
1000 1.436 0.747
1000 1.436 0.805
1000 1.436 0.517
1000 1.436 0.828
1000 1.436 0.581
1000 1.436 0.751
1000 1.436 0.803
1000 1.436 0.906
1000 1.436 0.744
1000 1.436 0.645
1000 1.436 0.806
1000 1.436 0.786
1000 1.436 0.8
1000 1.436 0.834
1000 1.436 0.948
1000 1.436 0.619
1000 1.436 0.569
1000 1.436 0.896
1000 1.436 0.306
1000 1.436 0.893
1000 1.436 0.844
1000 1.436 0.679
1000 1.436 0.948
1000 1.436 0.711
1000 1.436 0.865
1000 1.436 0.764
1000 1.436 0.463
1000 1.436 0.901
1000 1.436 0.904
1000 1.436 0.792
