100000 1.436 0.67942
100000 1.436 0.66163
100000 1.436 0.76531
100000 1.436 0.74527
100000 1.436 0.74143
100000 1.436 0.69388
100000 1.436 0.41346
100000 1.436 0.71294
100000 1.436 0.5405
100000 1.436 0.77811
100000 1.436 0.69052
100000 1.436 0.42207
100000 1.436 0.64086
100000 1.436 0.75048
100000 1.436 0.72573
100000 1.436 0.62026
100000 1.436 0.70247
100000 1.436 0.36526
100000 1.436 0.69985
100000 1.436 0.46473
100000 1.436 0.63274
100000 1.436 0.63726
100000 1.436 0.77344
100000 1.436 0.6465
100000 1.436 0.74148
100000 1.436 0.61028
100000 1.436 0.69071
100000 1.436 0.59549
100000 1.436 0.29965
100000 1.436 0.54933
100000 1.436 0.29797
100000 1.436 0.71965
100000 1.436 0.40234
100000 1.436 0.34311
100000 1.436 0.68246
100000 1.436 0.53015
100000 1.436 0.73789
100000 1.436 0.67843
100000 1.436 0.38414
100000 1.436 0.37928
100000 1.436 0.44888
100000 1.436 0.76695
100000 1.436 0.61393
100000 1.436 0.72577
100000 1.436 0.6257
100000 1.436 0.72065
100000 1.436 0.75358
100000 1.436 0.30943
100000 1.436 0.6507
100000 1.436 0.57432
100000 1.436 0.65012
100000 1.436 0.72577
100000 1.436 0.67133
100000 1.436 0.5858
100000 1.436 0.62871
100000 1.436 0.45732
100000 1.436 0.78147
100000 1.436 0.70927
100000 1.436 0.68611
100000 1.436 0.64732
100000 1.436 0.53746
100000 1.436 0.4911
100000 1.436 0.64761
100000 1.436 0.73737
100000 1.436 0.69148
100000 1.436 0.68514
100000 1.436 0.59907
100000 1.436 0.61195
100000 1.436 0.64933
100000 1.436 0.66481
100000 1.436 0.69471
100000 1.436 0.67266
100000 1.436 0.59882
100000 1.436 0.66118
100000 1.436 0.67074
100000 1.436 0.46587
100000 1.436 0.46139
100000 1.436 0.67877
100000 1.436 0.63347
100000 1.436 0.70799
100000 1.436 0.46927
100000 1.436 0.37374
100000 1.436 0.6295
100000 1.436 0.61359
100000 1.436 0.5362
100000 1.436 0.49293
100000 1.436 0.69904
100000 1.436 0.69578
100000 1.436 0.71839
100000 1.436 0.73366
100000 1.436 0.71798
100000 1.436 0.46401
100000 1.436 0.69629
100000 1.436 0.62614
100000 1.436 0.71264
100000 1.436 0.43226
100000 1.436 0.62662
100000 1.436 0.72225
100000 1.436 0.69143
100000 1.436 0.65701
100000 1.436 0.66812
100000 1.436 0.37568
100000 1.436 0.69357
100000 1.436 0.7004
100000 1.436 0.50814
100000 1.436 0.66214
100000 1.436 0.7477
100000 1.436 0.69606
100000 1.436 0.74721
100000 1.436 0.39143
100000 1.436 0.7373
100000 1.436 0.57882
100000 1.436 0.42653
100000 1.436 0.52668
100000 1.436 0.49016
100000 1.436 0.70091
100000 1.436 0.78422
100000 1.436 0.7602
100000 1.436 0.69028
100000 1.436 0.64919
100000 1.436 0.68966
100000 1.436 0.62103
100000 1.436 0.59155
100000 1.436 0.75052
100000 1.436 0.56912
100000 1.436 0.76425
100000 1.436 0.72963
100000 1.436 0.62574
100000 1.436 0.71489
100000 1.436 0.54509
100000 1.436 0.61429
100000 1.436 0.463
100000 1.436 0.65675
100000 1.436 0.712
100000 1.436 0.71513
100000 1.436 0.40702
100000 1.436 0.73325
100000 1.436 0.71692
100000 1.436 0.68066
100000 1.436 0.66514
100000 1.436 0.69582
100000 1.436 0.66086
100000 1.436 0.66525
100000 1.436 0.71595
100000 1.436 0.40211
100000 1.436 0.77087
100000 1.436 0.51718
100000 1.436 0.57848
100000 1.436 0.63579
100000 1.436 0.74574
100000 1.436 0.50225
100000 1.436 0.70783
100000 1.436 0.35909
100000 1.436 0.71356
100000 1.436 0.64564
100000 1.436 0.74018
100000 1.436 0.38575
100000 1.436 0.7172
100000 1.436 0.7341
100000 1.436 0.71094
100000 1.436 0.66976
100000 1.436 0.67636
100000 1.436 0.51333
100000 1.436 0.44752
100000 1.436 0.62147
100000 1.436 0.70231
100000 1.436 0.682
100000 1.436 0.48568
100000 1.436 0.6433
100000 1.436 0.41068
100000 1.436 0.53252
100000 1.436 0.70016
100000 1.436 0.45013
100000 1.436 0.68007
100000 1.436 0.6137
100000 1.436 0.46606
100000 1.436 0.68721
100000 1.436 0.69204
100000 1.436 0.69022
100000 1.436 0.57461
100000 1.436 0.61333
100000 1.436 0.67527
100000 1.436 0.71769
100000 1.436 0.65307
100000 1.436 0.24357
100000 1.436 0.41373
100000 1.436 0.71708
100000 1.436 0.68794
100000 1.436 0.69605
100000 1.436 0.61856
100000 1.436 0.742
100000 1.436 0.71838
100000 1.436 0.74839
100000 1.436 0.39177
100000 1.436 0.78368
100000 1.436 0.66799
100000 1.436 0.60867
100000 1.436 0.40944
100000 1.436 0.66222
100000 1.436 0.7392
100000 1.436 0.70494
100000 1.436 0.69803
100000 1.436 0.70114
100000 1.436 0.20314
100000 1.436 0.57101
100000 1.436 0.58449
100000 1.436 0.46446
100000 1.436 0.69472
100000 1.436 0.80686
100000 1.436 0.74294
100000 1.436 0.57756
100000 1.436 0.56437
100000 1.436 0.42353
100000 1.436 0.71535
100000 1.436 0.64788
100000 1.436 0.38953
100000 1.436 0.76075
100000 1.436 0.64831
100000 1.436 0.69777
100000 1.436 0.67767
100000 1.436 0.36079
100000 1.436 0.63081
100000 1.436 0.67132
100000 1.436 0.46999
100000 1.436 0.71843
100000 1.436 0.59437
100000 1.436 0.70949
100000 1.436 0.5303
100000 1.436 0.19293
100000 1.436 0.69339
100000 1.436 0.71613
100000 1.436 0.59788
100000 1.436 0.59427
100000 1.436 0.66138
100000 1.436 0.6263
100000 1.436 0.78358
100000 1.436 0.71678
100000 1.436 0.69873
100000 1.436 0.66488
100000 1.436 0.56088
100000 1.436 0.74234
100000 1.436 0.6808
100000 1.436 0.60074
100000 1.436 0.38445
100000 1.436 0.55552
100000 1.436 0.6943
100000 1.436 0.72853
100000 1.436 0.61193
100000 1.436 0.65993
100000 1.436 0.304
100000 1.436 0.60792
100000 1.436 0.67709
100000 1.436 0.78247
100000 1.436 0.78548
100000 1.436 0.74105
100000 1.436 0.67244
100000 1.436 0.68257
100000 1.436 0.70367
100000 1.436 0.56924
100000 1.436 0.74215
100000 1.436 0.75513
100000 1.436 0.68177
100000 1.436 0.58839
100000 1.436 0.46713
100000 1.436 0.62658
100000 1.436 0.69622
100000 1.436 0.72143
100000 1.436 0.53904
100000 1.436 0.68513
100000 1.436 0.68365
100000 1.436 0.40463
100000 1.436 0.42101
100000 1.436 0.50321
100000 1.436 0.65509
100000 1.436 0.2995
100000 1.436 0.65567
100000 1.436 0.65295
100000 1.436 0.25901
100000 1.436 0.74452
100000 1.436 0.79945
100000 1.436 0.51227
100000 1.436 0.49707
100000 1.436 0.66572
100000 1.436 0.66015
100000 1.436 0.70048
100000 1.436 0.59041
100000 1.436 0.70594
100000 1.436 0.69518
100000 1.436 0.60416
100000 1.436 0.76116
100000 1.436 0.73175
100000 1.436 0.57151
100000 1.436 0.56252
100000 1.436 0.68274
100000 1.436 0.68837
100000 1.436 0.58841
100000 1.436 0.60634
100000 1.436 0.56548
100000 1.436 0.65604
100000 1.436 0.55228
100000 1.436 0.72924
100000 1.436 0.68502
100000 1.436 0.66918
100000 1.436 0.70175
100000 1.436 0.64716
100000 1.436 0.57991
100000 1.436 0.67266
100000 1.436 0.68886
100000 1.436 0.6583
100000 1.436 0.53696
100000 1.436 0.68356
100000 1.436 0.64803
100000 1.436 0.62448
100000 1.436 0.72415
100000 1.436 0.6954
100000 1.436 0.62474
100000 1.436 0.69691
100000 1.436 0.68132
100000 1.436 0.56129
100000 1.436 0.74577
100000 1.436 0.73563
100000 1.436 0.68154
100000 1.436 0.68081
100000 1.436 0.3132
100000 1.436 0.77552
100000 1.436 0.33318
100000 1.436 0.70104
100000 1.436 0.66083
100000 1.436 0.6841
100000 1.436 0.69518
100000 1.436 0.36115
100000 1.436 0.60629
100000 1.436 0.66465
100000 1.436 0.69046
100000 1.436 0.49085
100000 1.436 0.64087
100000 1.436 0.33986
100000 1.436 0.63115
100000 1.436 0.57372
100000 1.436 0.34344
100000 1.436 0.63713
100000 1.436 0.60395
100000 1.436 0.62317
100000 1.436 0.62633
100000 1.436 0.69835
100000 1.436 0.53213
100000 1.436 0.71769
100000 1.436 0.72577
100000 1.436 0.63055
100000 1.436 0.6353
100000 1.436 0.73165
100000 1.436 0.63685
100000 1.436 0.53656
100000 1.436 0.48769
100000 1.436 0.56129
100000 1.436 0.56603
100000 1.436 0.54977
100000 1.436 0.70929
100000 1.436 0.67948
100000 1.436 0.56113
100000 1.436 0.57902
100000 1.436 0.61091
100000 1.436 0.66917
100000 1.436 0.6514
100000 1.436 0.68114
100000 1.436 0.69743
100000 1.436 0.73568
100000 1.436 0.59211
100000 1.436 0.48263
100000 1.436 0.62326
100000 1.436 0.73032
100000 1.436 0.69148
100000 1.436 0.7047
100000 1.436 0.63102
100000 1.436 0.69057
100000 1.436 0.67477
100000 1.436 0.4108
100000 1.436 0.68764
100000 1.436 0.58186
100000 1.436 0.59756
100000 1.436 0.40368
100000 1.436 0.66072
100000 1.436 0.64811
100000 1.436 0.67248
100000 1.436 0.21903
100000 1.436 0.6208
100000 1.436 0.74138
100000 1.436 0.41623
100000 1.436 0.25704
100000 1.436 0.72343
100000 1.436 0.65337
100000 1.436 0.72286
100000 1.436 0.70621
100000 1.436 0.62644
100000 1.436 0.59006
100000 1.436 0.75104
100000 1.436 0.66024
100000 1.436 0.64674
100000 1.436 0.68988
100000 1.436 0.616
100000 1.436 0.67254
100000 1.436 0.64828
100000 1.436 0.71629
100000 1.436 0.55746
100000 1.436 0.37982
100000 1.436 0.63185
100000 1.436 0.63338
100000 1.436 0.62222
100000 1.436 0.46674
100000 1.436 0.6873
100000 1.436 0.7002
100000 1.436 0.55683
100000 1.436 0.49953
100000 1.436 0.51772
100000 1.436 0.46736
100000 1.436 0.38536
100000 1.436 0.63125
100000 1.436 0.7738
100000 1.436 0.7429
100000 1.436 0.71124
100000 1.436 0.71426
100000 1.436 0.68231
100000 1.436 0.67682
100000 1.436 0.78235
100000 1.436 0.53909
100000 1.436 0.20819
100000 1.436 0.68488
100000 1.436 0.68448
100000 1.436 0.64599
100000 1.436 0.5625
100000 1.436 0.70831
100000 1.436 0.664
100000 1.436 0.71829
100000 1.436 0.63999
100000 1.436 0.67522
100000 1.436 0.65269
100000 1.436 0.57715
100000 1.436 0.76448
100000 1.436 0.57242
100000 1.436 0.65162
100000 1.436 0.51843
100000 1.436 0.68461
100000 1.436 0.41157
100000 1.436 0.71976
100000 1.436 0.57876
100000 1.436 0.61283
100000 1.436 0.62311
100000 1.436 0.53839
100000 1.436 0.61861
100000 1.436 0.58326
100000 1.436 0.70831
100000 1.436 0.75633
100000 1.436 0.67192
100000 1.436 0.77333
100000 1.436 0.70552
100000 1.436 0.7029
100000 1.436 0.71483
100000 1.436 0.6829
100000 1.436 0.48559
100000 1.436 0.6556
100000 1.436 0.70141
100000 1.436 0.72436
100000 1.436 0.6895
100000 1.436 0.6612
100000 1.436 0.69325
100000 1.436 0.73118
100000 1.436 0.63911
100000 1.436 0.321
100000 1.436 0.66099
100000 1.436 0.76204
100000 1.436 0.62182
100000 1.436 0.63923
100000 1.436 0.6288
100000 1.436 0.76
100000 1.436 0.6873
100000 1.436 0.72862
100000 1.436 0.48371
100000 1.436 0.33084
100000 1.436 0.51259
100000 1.436 0.27779
100000 1.436 0.52213
100000 1.436 0.51339
100000 1.436 0.59632
100000 1.436 0.62989
100000 1.436 0.73414
100000 1.436 0.69836
100000 1.436 0.71115
100000 1.436 0.7621
100000 1.436 0.69649
100000 1.436 0.63202
100000 1.436 0.66601
100000 1.436 0.68514
100000 1.436 0.35524
100000 1.436 0.69228
100000 1.436 0.51452
100000 1.436 0.71871
100000 1.436 0.72942
100000 1.436 0.43974
100000 1.436 0.68017
100000 1.436 0.61222
100000 1.436 0.71246
100000 1.436 0.53319
100000 1.436 0.67327
100000 1.436 0.60088
100000 1.436 0.29547
100000 1.436 0.68474
100000 1.436 0.71162
100000 1.436 0.56235
100000 1.436 0.62653
100000 1.436 0.36906
100000 1.436 0.51762
100000 1.436 0.56279
100000 1.436 0.5313
100000 1.436 0.76972
100000 1.436 0.34198
100000 1.436 0.43615
100000 1.436 0.70992
100000 1.436 0.73496
100000 1.436 0.65722
100000 1.436 0.76771
100000 1.436 0.52718
100000 1.436 0.69372
100000 1.436 0.70945
100000 1.436 0.66541
100000 1.436 0.63653
100000 1.436 0.58632
100000 1.436 0.67704
100000 1.436 0.70777
100000 1.436 0.70651
100000 1.436 0.70773
100000 1.436 0.53828
100000 1.436 0.73231
100000 1.436 0.73323
100000 1.436 0.45905
100000 1.436 0.68219
100000 1.436 0.71009
100000 1.436 0.70263
100000 1.436 0.72524
100000 1.436 0.6803
100000 1.436 0.57778
100000 1.436 0.48305
100000 1.436 0.40872
100000 1.436 0.49791
100000 1.436 0.70535
100000 1.436 0.67627
100000 1.436 0.7498
100000 1.436 0.67963
100000 1.436 0.45971
100000 1.436 0.29226
100000 1.436 0.71251
100000 1.436 0.40879
100000 1.436 0.57576
100000 1.436 0.66501
100000 1.436 0.65
100000 1.436 0.73433
100000 1.436 0.6732
100000 1.436 0.58187
100000 1.436 0.56778
100000 1.436 0.68596
100000 1.436 0.78207
100000 1.436 0.40019
100000 1.436 0.75369
100000 1.436 0.74416
100000 1.436 0.73267
100000 1.436 0.6115
100000 1.436 0.69393
100000 1.436 0.62356
100000 1.436 0.63215
100000 1.436 0.52838
100000 1.436 0.68284
100000 1.436 0.40352
100000 1.436 0.54309
100000 1.436 0.70774
100000 1.436 0.71182
100000 1.436 0.53595
100000 1.436 0.71454
100000 1.436 0.71477
100000 1.436 0.62542
100000 1.436 0.56389
100000 1.436 0.6696
100000 1.436 0.63049
100000 1.436 0.78813
100000 1.436 0.49493
100000 1.436 0.76199
100000 1.436 0.60008
100000 1.436 0.69292
100000 1.436 0.70513
100000 1.436 0.72817
100000 1.436 0.66957
100000 1.436 0.70567
100000 1.436 0.70582
100000 1.436 0.60284
100000 1.436 0.33493
100000 1.436 0.53356
100000 1.436 0.60087
100000 1.436 0.72381
100000 1.436 0.74094
100000 1.436 0.74014
100000 1.436 0.556
100000 1.436 0.71185
100000 1.436 0.64797
100000 1.436 0.6219
100000 1.436 0.60951
100000 1.436 0.2601
100000 1.436 0.56749
100000 1.436 0.73466
100000 1.436 0.63657
100000 1.436 0.67417
100000 1.436 0.56683
100000 1.436 0.56903
100000 1.436 0.34712
100000 1.436 0.55234
100000 1.436 0.49533
100000 1.436 0.7245
100000 1.436 0.65152
100000 1.436 0.7165
100000 1.436 0.69028
100000 1.436 0.47808
100000 1.436 0.7486
100000 1.436 0.46871
100000 1.436 0.58645
100000 1.436 0.73981
100000 1.436 0.65635
100000 1.436 0.76279
100000 1.436 0.58952
100000 1.436 0.39586
100000 1.436 0.66976
100000 1.436 0.62628
100000 1.436 0.67801
100000 1.436 0.66403
100000 1.436 0.70628
100000 1.436 0.38766
100000 1.436 0.48043
100000 1.436 0.66737
100000 1.436 0.67084
100000 1.436 0.67207
100000 1.436 0.68531
100000 1.436 0.71424
100000 1.436 0.75902
100000 1.436 0.73832
100000 1.436 0.65675
100000 1.436 0.5425
100000 1.436 0.66097
100000 1.436 0.70531
100000 1.436 0.72546
100000 1.436 0.7518
100000 1.436 0.65016
100000 1.436 0.77846
100000 1.436 0.68522
100000 1.436 0.62719
100000 1.436 0.57846
100000 1.436 0.56493
100000 1.436 0.56991
100000 1.436 0.72699
100000 1.436 0.60927
100000 1.436 0.28177
100000 1.436 0.28553
100000 1.436 0.77476
100000 1.436 0.71122
100000 1.436 0.51438
100000 1.436 0.62174
100000 1.436 0.6839
100000 1.436 0.6311
100000 1.436 0.35273
100000 1.436 0.59832
100000 1.436 0.6964
100000 1.436 0.75075
100000 1.436 0.6129
100000 1.436 0.56999
100000 1.436 0.70717
100000 1.436 0.64584
100000 1.436 0.68997
100000 1.436 0.75185
100000 1.436 0.68861
100000 1.436 0.68979
100000 1.436 0.41058
100000 1.436 0.46312
100000 1.436 0.71342
100000 1.436 0.56273
100000 1.436 0.59444
100000 1.436 0.37158
100000 1.436 0.53545
100000 1.436 0.71672
100000 1.436 0.73818
100000 1.436 0.51451
100000 1.436 0.71541
100000 1.436 0.67779
100000 1.436 0.76845
100000 1.436 0.61946
100000 1.436 0.67928
100000 1.436 0.75226
100000 1.436 0.63453
100000 1.436 0.66547
100000 1.436 0.6286
100000 1.436 0.71069
100000 1.436 0.62701
100000 1.436 0.73717
100000 1.436 0.49462
100000 1.436 0.55743
100000 1.436 0.44893
100000 1.436 0.66554
100000 1.436 0.71499
100000 1.436 0.7206
100000 1.436 0.74297
100000 1.436 0.68857
100000 1.436 0.73014
100000 1.436 0.5617
100000 1.436 0.64328
100000 1.436 0.33985
100000 1.436 0.77047
100000 1.436 0.574
100000 1.436 0.72523
100000 1.436 0.49023
100000 1.436 0.51332
100000 1.436 0.69849
100000 1.436 0.78514
100000 1.436 0.39455
100000 1.436 0.64056
100000 1.436 0.72589
100000 1.436 0.71676
100000 1.436 0.63576
100000 1.436 0.65075
100000 1.436 0.56283
100000 1.436 0.69874
100000 1.436 0.72021
100000 1.436 0.70924
100000 1.436 0.72088
100000 1.436 0.42351
100000 1.436 0.6554
100000 1.436 0.55527
100000 1.436 0.64585
100000 1.436 0.70082
100000 1.436 0.6336
100000 1.436 0.68881
100000 1.436 0.47748
100000 1.436 0.57031
100000 1.436 0.67587
100000 1.436 0.73032
100000 1.436 0.47315
100000 1.436 0.76262
100000 1.436 0.41203
100000 1.436 0.64582
100000 1.436 0.55972
100000 1.436 0.71298
100000 1.436 0.60228
100000 1.436 0.62887
100000 1.436 0.75928
100000 1.436 0.72384
100000 1.436 0.63918
100000 1.436 0.39035
100000 1.436 0.30333
100000 1.436 0.63817
100000 1.436 0.44033
100000 1.436 0.68156
100000 1.436 0.63801
100000 1.436 0.73273
100000 1.436 0.69798
100000 1.436 0.28118
100000 1.436 0.40975
100000 1.436 0.75727
100000 1.436 0.71194
100000 1.436 0.50727
100000 1.436 0.68761
100000 1.436 0.71996
100000 1.436 0.64179
100000 1.436 0.6115
100000 1.436 0.72098
100000 1.436 0.39767
100000 1.436 0.54183
100000 1.436 0.68081
100000 1.436 0.65629
100000 1.436 0.72005
100000 1.436 0.61314
100000 1.436 0.51963
100000 1.436 0.68055
100000 1.436 0.6854
100000 1.436 0.67458
100000 1.436 0.35861
100000 1.436 0.74755
100000 1.436 0.68348
100000 1.436 0.754
100000 1.436 0.32832
100000 1.436 0.63614
100000 1.436 0.52626
100000 1.436 0.59062
100000 1.436 0.69997
100000 1.436 0.30323
100000 1.436 0.68479
100000 1.436 0.47737
100000 1.436 0.76153
100000 1.436 0.76616
100000 1.436 0.62438
100000 1.436 0.69116
100000 1.436 0.67765
100000 1.436 0.40169
100000 1.436 0.4916
100000 1.436 0.53249
100000 1.436 0.2834
100000 1.436 0.73743
100000 1.436 0.37474
100000 1.436 0.66242
100000 1.436 0.60757
100000 1.436 0.67305
100000 1.436 0.72153
100000 1.436 0.67882
100000 1.436 0.49958
100000 1.436 0.72442
100000 1.436 0.55731
100000 1.436 0.69377
100000 1.436 0.631
100000 1.436 0.35968
100000 1.436 0.27623
100000 1.436 0.2986
100000 1.436 0.5096
100000 1.436 0.69096
100000 1.436 0.55034
100000 1.436 0.72944
100000 1.436 0.72282
100000 1.436 0.68394
100000 1.436 0.62832
100000 1.436 0.65913
100000 1.436 0.64743
100000 1.436 0.63799
100000 1.436 0.66075
100000 1.436 0.4925
100000 1.436 0.6829
100000 1.436 0.5877
100000 1.436 0.71831
100000 1.436 0.31279
100000 1.436 0.3103
100000 1.436 0.57563
100000 1.436 0.6661
100000 1.436 0.7446
100000 1.436 0.69658
100000 1.436 0.40639
100000 1.436 0.68689
100000 1.436 0.63546
100000 1.436 0.44718
100000 1.436 0.72818
100000 1.436 0.68225
100000 1.436 0.37548
100000 1.436 0.67149
100000 1.436 0.54184
100000 1.436 0.37369
100000 1.436 0.6824
100000 1.436 0.36471
100000 1.436 0.4575
100000 1.436 0.6527
100000 1.436 0.5965
100000 1.436 0.76931
100000 1.436 0.68118
100000 1.436 0.52524
100000 1.436 0.753
100000 1.436 0.63849
100000 1.436 0.58757
100000 1.436 0.65418
100000 1.436 0.47415
100000 1.436 0.25965
100000 1.436 0.68778
100000 1.436 0.58391
100000 1.436 0.54578
100000 1.436 0.77771
100000 1.436 0.73908
100000 1.436 0.65448
100000 1.436 0.74409
100000 1.436 0.41081
100000 1.436 0.43076
100000 1.436 0.45848
100000 1.436 0.6754
100000 1.436 0.73986
100000 1.436 0.64688
100000 1.436 0.64681
100000 1.436 0.66258
100000 1.436 0.62262
100000 1.436 0.62606
100000 1.436 0.40419
100000 1.436 0.72545
100000 1.436 0.72695
100000 1.436 0.75692
100000 1.436 0.53903
100000 1.436 0.75339
100000 1.436 0.42534
100000 1.436 0.68122
100000 1.436 0.52697
100000 1.436 0.70178
100000 1.436 0.70624
100000 1.436 0.6456
100000 1.436 0.51295
100000 1.436 0.66827
100000 1.436 0.62802
100000 1.436 0.62781
100000 1.436 0.36654
100000 1.436 0.75176
100000 1.436 0.67861
100000 1.436 0.53508
100000 1.436 0.56566
100000 1.436 0.73364
100000 1.436 0.51099
100000 1.436 0.60548
100000 1.436 0.66309
100000 1.436 0.72642
100000 1.436 0.60823
100000 1.436 0.58955
100000 1.436 0.72289
100000 1.436 0.58479
100000 1.436 0.65237
100000 1.436 0.5797
100000 1.436 0.6982
100000 1.436 0.62964
100000 1.436 0.70994
100000 1.436 0.52787
100000 1.436 0.71447
100000 1.436 0.62914
100000 1.436 0.58617
100000 1.436 0.65525
100000 1.436 0.61244
100000 1.436 0.73477
100000 1.436 0.72815
100000 1.436 0.72599
100000 1.436 0.35248
100000 1.436 0.58925
100000 1.436 0.53626
100000 1.436 0.69057
100000 1.436 0.74602
100000 1.436 0.60147
100000 1.436 0.57294
100000 1.436 0.72485
100000 1.436 0.49119
100000 1.436 0.37295
100000 1.436 0.6603
100000 1.436 0.2796
100000 1.436 0.51979
100000 1.436 0.68282
100000 1.436 0.69836
100000 1.436 0.55492
100000 1.436 0.7032
100000 1.436 0.66112
100000 1.436 0.59164
100000 1.436 0.67435
100000 1.436 0.67723
100000 1.436 0.65433
100000 1.436 0.42444
100000 1.436 0.66467
100000 1.436 0.51068
100000 1.436 0.70386
100000 1.436 0.48984
100000 1.436 0.59971
100000 1.436 0.58254
100000 1.436 0.71913
100000 1.436 0.41987
100000 1.436 0.60885
100000 1.436 0.56228
100000 1.436 0.6489
100000 1.436 0.48169
100000 1.436 0.53323
100000 1.436 0.71007
100000 1.436 0.73614
100000 1.436 0.71648
100000 1.436 0.71873
100000 1.436 0.67888
100000 1.436 0.7037
100000 1.436 0.73446
100000 1.436 0.76394
100000 1.436 0.68519
100000 1.436 0.47869
100000 1.436 0.74605
100000 1.436 0.68376
100000 1.436 0.66937
100000 1.436 0.61365
100000 1.436 0.49736
100000 1.436 0.3733
100000 1.436 0.38595
100000 1.436 0.36285
100000 1.436 0.76946
100000 1.436 0.77574
100000 1.436 0.15138
100000 1.436 0.73877
100000 1.436 0.73688
100000 1.436 0.70008
100000 1.436 0.33208
100000 1.436 0.16353
100000 1.436 0.64862
100000 1.436 0.41951
100000 1.436 0.68836
100000 1.436 0.6475
100000 1.436 0.23568
100000 1.436 0.68973
100000 1.436 0.54569
100000 1.436 0.67054
100000 1.436 0.41958
100000 1.436 0.75737
100000 1.436 0.48365
100000 1.436 0.63037
100000 1.436 0.46487
100000 1.436 0.65879
100000 1.436 0.62731
100000 1.436 0.74842
100000 1.436 0.64897
100000 1.436 0.73348
100000 1.436 0.68357
