10000000000 1.436 0.0991341
10000000000 1.436 0.326334
10000000000 1.436 0.225033
10000000000 1.436 0.30342
10000000000 1.436 0.0764706
10000000000 1.436 0.197964
10000000000 1.436 0.171068
10000000000 1.436 0.222244
10000000000 1.436 0.264977
10000000000 1.436 0.33159
10000000000 1.436 0.175197
10000000000 1.436 0.295362
10000000000 1.436 0.191434
10000000000 1.436 0.27161
10000000000 1.436 0.32173
10000000000 1.436 0.268549
10000000000 1.436 0.107826
10000000000 1.436 0.140839
10000000000 1.436 0.305144
10000000000 1.436 0.163859
10000000000 1.436 0.204235
10000000000 1.436 0.102154
10000000000 1.436 0.0997224
10000000000 1.436 0.277847
10000000000 1.436 0.224312
10000000000 1.436 0.192126
10000000000 1.436 0.0956006
10000000000 1.436 0.0932116
10000000000 1.436 0.31623
10000000000 1.436 0.226327
10000000000 1.436 0.188403
10000000000 1.436 0.255281
10000000000 1.436 0.240352
10000000000 1.436 0.197585
10000000000 1.436 0.234348
10000000000 1.436 0.159581
10000000000 1.436 0.215612
10000000000 1.436 0.367047
10000000000 1.436 0.209049
10000000000 1.436 0.177422
10000000000 1.436 0.274393
10000000000 1.436 0.270078
10000000000 1.436 0.176686
10000000000 1.436 0.112245
10000000000 1.436 0.379529
10000000000 1.436 0.0872904
10000000000 1.436 0.207361
10000000000 1.436 0.332629
10000000000 1.436 0.106561
10000000000 1.436 0.146757
10000000000 1.436 0.232394
10000000000 1.436 0.24524
10000000000 1.436 0.34273
10000000000 1.436 0.342169
10000000000 1.436 0.163812
10000000000 1.436 0.271969
10000000000 1.436 0.227285
10000000000 1.436 0.339861
10000000000 1.436 0.240274
10000000000 1.436 0.0872529
10000000000 1.436 0.242901
10000000000 1.436 0.324176
10000000000 1.436 0.181346
10000000000 1.436 0.287719
10000000000 1.436 0.344249
10000000000 1.436 0.324847
10000000000 1.436 0.0801086
10000000000 1.436 0.265357
10000000000 1.436 0.111304
10000000000 1.436 0.314489
10000000000 1.436 0.211163
10000000000 1.436 0.0638917
10000000000 1.436 0.132155
10000000000 1.436 0.182976
10000000000 1.436 0.271607
10000000000 1.436 0.251951
10000000000 1.436 0.193497
10000000000 1.436 0.277603
10000000000 1.436 0.295332
10000000000 1.436 0.17855
10000000000 1.436 0.131384
10000000000 1.436 0.176635
10000000000 1.436 0.132056
10000000000 1.436 0.088757
10000000000 1.436 0.297989
10000000000 1.436 0.21065
10000000000 1.436 0.0933339
10000000000 1.436 0.139205
10000000000 1.436 0.211411
10000000000 1.436 0.282147
10000000000 1.436 0.251468
10000000000 1.436 0.197365
10000000000 1.436 0.311129
10000000000 1.436 0.141732
10000000000 1.436 0.171839
10000000000 1.436 0.229895
10000000000 1.436 0.141948
10000000000 1.436 0.314118
10000000000 1.436 0.234439
10000000000 1.436 0.31283
