1000000000 1.436 0.210223
1000000000 1.436 0.238
1000000000 1.436 0.442687
1000000000 1.436 0.418581
1000000000 1.436 0.420734
1000000000 1.436 0.441815
1000000000 1.436 0.17383
1000000000 1.436 0.350579
1000000000 1.436 0.274812
1000000000 1.436 0.344211
1000000000 1.436 0.274154
1000000000 1.436 0.183596
1000000000 1.436 0.100411
1000000000 1.436 0.32408
1000000000 1.436 0.404965
1000000000 1.436 0.406383
1000000000 1.436 0.421109
1000000000 1.436 0.134002
1000000000 1.436 0.432575
1000000000 1.436 0.454989
1000000000 1.436 0.309547
1000000000 1.436 0.406848
1000000000 1.436 0.287005
1000000000 1.436 0.432833
1000000000 1.436 0.36379
1000000000 1.436 0.219305
1000000000 1.436 0.412203
1000000000 1.436 0.127716
1000000000 1.436 0.383968
1000000000 1.436 0.370311
1000000000 1.436 0.389133
1000000000 1.436 0.335828
1000000000 1.436 0.185305
1000000000 1.436 0.127269
1000000000 1.436 0.315144
1000000000 1.436 0.435248
1000000000 1.436 0.470413
1000000000 1.436 0.388116
1000000000 1.436 0.310276
1000000000 1.436 0.38048
1000000000 1.436 0.440296
1000000000 1.436 0.185005
1000000000 1.436 0.390595
1000000000 1.436 0.348598
1000000000 1.436 0.4247
1000000000 1.436 0.199853
1000000000 1.436 0.177498
1000000000 1.436 0.32089
1000000000 1.436 0.259796
1000000000 1.436 0.315302
1000000000 1.436 0.225015
1000000000 1.436 0.297965
1000000000 1.436 0.148233
1000000000 1.436 0.224908
1000000000 1.436 0.414895
1000000000 1.436 0.417557
1000000000 1.436 0.358471
1000000000 1.436 0.294538
1000000000 1.436 0.437093
1000000000 1.436 0.408673
1000000000 1.436 0.389179
1000000000 1.436 0.423404
1000000000 1.436 0.0988235
1000000000 1.436 0.388531
1000000000 1.436 0.318412
1000000000 1.436 0.184243
1000000000 1.436 0.369646
1000000000 1.436 0.411978
1000000000 1.436 0.241414
1000000000 1.436 0.209291
1000000000 1.436 0.151238
1000000000 1.436 0.428389
1000000000 1.436 0.383809
1000000000 1.436 0.211809
1000000000 1.436 0.3723
1000000000 1.436 0.441922
1000000000 1.436 0.354139
1000000000 1.436 0.400422
1000000000 1.436 0.402269
1000000000 1.436 0.33367
1000000000 1.436 0.37292
1000000000 1.436 0.175538
1000000000 1.436 0.389824
1000000000 1.436 0.279683
1000000000 1.436 0.141081
1000000000 1.436 0.319604
1000000000 1.436 0.263024
1000000000 1.436 0.420945
1000000000 1.436 0.395919
1000000000 1.436 0.341398
1000000000 1.436 0.420309
1000000000 1.436 0.418482
1000000000 1.436 0.400738
1000000000 1.436 0.339301
1000000000 1.436 0.196901
1000000000 1.436 0.281444
1000000000 1.436 0.433544
1000000000 1.436 0.43681
1000000000 1.436 0.308712
1000000000 1.436 0.287332
