10000000 1.436 0.398159
10000000 1.436 0.589681
10000000 1.436 0.306149
10000000 1.436 0.424387
10000000 1.436 0.456179
10000000 1.436 0.588534
10000000 1.436 0.482306
10000000 1.436 0.504327
10000000 1.436 0.521127
10000000 1.436 0.453058
10000000 1.436 0.501001
10000000 1.436 0.272263
10000000 1.436 0.339245
10000000 1.436 0.591114
10000000 1.436 0.564411
10000000 1.436 0.552963
10000000 1.436 0.511781
10000000 1.436 0.485366
10000000 1.436 0.536903
10000000 1.436 0.447012
10000000 1.436 0.40537
10000000 1.436 0.34186
10000000 1.436 0.578179
10000000 1.436 0.593043
10000000 1.436 0.487342
10000000 1.436 0.600761
10000000 1.436 0.406928
10000000 1.436 0.417978
10000000 1.436 0.255283
10000000 1.436 0.599894
10000000 1.436 0.205919
10000000 1.436 0.582433
10000000 1.436 0.38067
10000000 1.436 0.562454
10000000 1.436 0.4143
10000000 1.436 0.478193
10000000 1.436 0.509572
10000000 1.436 0.404907
10000000 1.436 0.478731
10000000 1.436 0.570586
10000000 1.436 0.556862
10000000 1.436 0.53227
10000000 1.436 0.503178
10000000 1.436 0.585055
10000000 1.436 0.622548
10000000 1.436 0.577058
10000000 1.436 0.456178
10000000 1.436 0.541921
10000000 1.436 0.575171
10000000 1.436 0.276484
10000000 1.436 0.143249
10000000 1.436 0.465488
10000000 1.436 0.523633
10000000 1.436 0.357726
10000000 1.436 0.560064
10000000 1.436 0.554286
10000000 1.436 0.479309
10000000 1.436 0.570099
10000000 1.436 0.391288
10000000 1.436 0.448443
10000000 1.436 0.529296
10000000 1.436 0.485199
10000000 1.436 0.440997
10000000 1.436 0.276284
10000000 1.436 0.519806
10000000 1.436 0.548818
10000000 1.436 0.315956
10000000 1.436 0.219737
10000000 1.436 0.430924
10000000 1.436 0.479901
10000000 1.436 0.207905
10000000 1.436 0.529226
10000000 1.436 0.50644
10000000 1.436 0.539797
10000000 1.436 0.357191
10000000 1.436 0.427318
10000000 1.436 0.522285
10000000 1.436 0.541134
10000000 1.436 0.523465
10000000 1.436 0.455153
10000000 1.436 0.539675
10000000 1.436 0.526919
10000000 1.436 0.576025
10000000 1.436 0.561306
10000000 1.436 0.53514
10000000 1.436 0.535968
10000000 1.436 0.343301
10000000 1.436 0.528317
10000000 1.436 0.596002
10000000 1.436 0.531725
10000000 1.436 0.403127
10000000 1.436 0.548131
10000000 1.436 0.534098
10000000 1.436 0.499204
10000000 1.436 0.321002
10000000 1.436 0.563175
10000000 1.436 0.368605
10000000 1.436 0.342907
10000000 1.436 0.358118
10000000 1.436 0.576126
10000000 1.436 0.577852
10000000 1.436 0.479025
10000000 1.436 0.549021
10000000 1.436 0.591565
10000000 1.436 0.447001
10000000 1.436 0.561928
10000000 1.436 0.542103
10000000 1.436 0.540864
10000000 1.436 0.578504
10000000 1.436 0.582405
10000000 1.436 0.52629
10000000 1.436 0.540914
10000000 1.436 0.508224
10000000 1.436 0.136593
10000000 1.436 0.273093
10000000 1.436 0.460005
10000000 1.436 0.337309
10000000 1.436 0.500323
10000000 1.436 0.529434
10000000 1.436 0.524506
10000000 1.436 0.529689
10000000 1.436 0.580781
10000000 1.436 0.469167
10000000 1.436 0.441223
10000000 1.436 0.403104
10000000 1.436 0.524145
10000000 1.436 0.55305
10000000 1.436 0.492633
10000000 1.436 0.44884
10000000 1.436 0.570391
10000000 1.436 0.596104
10000000 1.436 0.557563
10000000 1.436 0.563096
10000000 1.436 0.358054
10000000 1.436 0.485104
10000000 1.436 0.554656
10000000 1.436 0.502564
10000000 1.436 0.608668
10000000 1.436 0.375941
10000000 1.436 0.581086
10000000 1.436 0.55429
10000000 1.436 0.151891
10000000 1.436 0.483673
10000000 1.436 0.457885
10000000 1.436 0.442072
10000000 1.436 0.468414
10000000 1.436 0.544915
10000000 1.436 0.543596
10000000 1.436 0.36706
10000000 1.436 0.623593
10000000 1.436 0.577838
10000000 1.436 0.57471
10000000 1.436 0.506663
10000000 1.436 0.393141
10000000 1.436 0.265629
10000000 1.436 0.232737
10000000 1.436 0.279223
10000000 1.436 0.48686
10000000 1.436 0.521118
10000000 1.436 0.535942
10000000 1.436 0.2813
10000000 1.436 0.45703
10000000 1.436 0.549955
10000000 1.436 0.431128
10000000 1.436 0.604947
10000000 1.436 0.557751
10000000 1.436 0.527765
10000000 1.436 0.490006
10000000 1.436 0.205156
10000000 1.436 0.407975
10000000 1.436 0.515624
10000000 1.436 0.587435
10000000 1.436 0.542316
10000000 1.436 0.530872
10000000 1.436 0.491773
10000000 1.436 0.52727
10000000 1.436 0.487284
10000000 1.436 0.288204
10000000 1.436 0.457201
10000000 1.436 0.491074
10000000 1.436 0.470251
10000000 1.436 0.622052
10000000 1.436 0.249056
10000000 1.436 0.45344
10000000 1.436 0.60149
10000000 1.436 0.510247
10000000 1.436 0.485337
10000000 1.436 0.388144
10000000 1.436 0.446041
10000000 1.436 0.510364
10000000 1.436 0.279816
10000000 1.436 0.411352
10000000 1.436 0.302817
10000000 1.436 0.5189
10000000 1.436 0.404126
10000000 1.436 0.256095
10000000 1.436 0.497352
10000000 1.436 0.577903
10000000 1.436 0.510597
10000000 1.436 0.526109
10000000 1.436 0.445546
10000000 1.436 0.588308
10000000 1.436 0.545292
10000000 1.436 0.547381
10000000 1.436 0.556453
10000000 1.436 0.406861
10000000 1.436 0.493156
10000000 1.436 0.540474
10000000 1.436 0.521739
10000000 1.436 0.482479
10000000 1.436 0.271122
10000000 1.436 0.294141
10000000 1.436 0.573473
10000000 1.436 0.52153
10000000 1.436 0.593591
10000000 1.436 0.430271
10000000 1.436 0.186426
10000000 1.436 0.21271
10000000 1.436 0.460113
10000000 1.436 0.575087
10000000 1.436 0.20127
10000000 1.436 0.580465
10000000 1.436 0.44792
10000000 1.436 0.545741
10000000 1.436 0.398442
10000000 1.436 0.316471
10000000 1.436 0.57322
10000000 1.436 0.523405
10000000 1.436 0.432183
10000000 1.436 0.514355
10000000 1.436 0.471893
10000000 1.436 0.44916
10000000 1.436 0.492504
10000000 1.436 0.531913
10000000 1.436 0.568882
10000000 1.436 0.512978
10000000 1.436 0.413222
10000000 1.436 0.497039
10000000 1.436 0.476553
10000000 1.436 0.398242
10000000 1.436 0.471912
10000000 1.436 0.190413
10000000 1.436 0.512738
10000000 1.436 0.485441
10000000 1.436 0.316016
10000000 1.436 0.54511
10000000 1.436 0.46278
10000000 1.436 0.59271
10000000 1.436 0.594085
10000000 1.436 0.527955
10000000 1.436 0.487139
10000000 1.436 0.530003
10000000 1.436 0.495083
10000000 1.436 0.185303
10000000 1.436 0.581189
10000000 1.436 0.509652
10000000 1.436 0.55676
10000000 1.436 0.545114
10000000 1.436 0.451944
10000000 1.436 0.380152
10000000 1.436 0.542485
10000000 1.436 0.578517
10000000 1.436 0.567442
10000000 1.436 0.497741
10000000 1.436 0.606547
10000000 1.436 0.475236
10000000 1.436 0.375074
10000000 1.436 0.51615
10000000 1.436 0.563401
10000000 1.436 0.573076
10000000 1.436 0.558639
10000000 1.436 0.585149
10000000 1.436 0.544749
10000000 1.436 0.452706
10000000 1.436 0.509687
10000000 1.436 0.469927
10000000 1.436 0.343535
10000000 1.436 0.508082
10000000 1.436 0.555391
10000000 1.436 0.486415
10000000 1.436 0.549975
10000000 1.436 0.597405
10000000 1.436 0.561772
10000000 1.436 0.29776
10000000 1.436 0.522861
10000000 1.436 0.290524
10000000 1.436 0.321699
10000000 1.436 0.59635
10000000 1.436 0.572654
10000000 1.436 0.542361
10000000 1.436 0.491182
10000000 1.436 0.565828
10000000 1.436 0.565559
10000000 1.436 0.550379
10000000 1.436 0.449806
10000000 1.436 0.422216
10000000 1.436 0.231189
10000000 1.436 0.546428
10000000 1.436 0.506799
10000000 1.436 0.546232
10000000 1.436 0.240823
10000000 1.436 0.483285
10000000 1.436 0.472437
10000000 1.436 0.37579
10000000 1.436 0.418264
10000000 1.436 0.400323
10000000 1.436 0.535025
10000000 1.436 0.535479
10000000 1.436 0.540997
10000000 1.436 0.565281
10000000 1.436 0.432723
10000000 1.436 0.509119
10000000 1.436 0.420822
10000000 1.436 0.561203
10000000 1.436 0.538039
10000000 1.436 0.294189
10000000 1.436 0.525091
10000000 1.436 0.564402
10000000 1.436 0.510055
10000000 1.436 0.395261
10000000 1.436 0.542813
10000000 1.436 0.349466
10000000 1.436 0.578685
10000000 1.436 0.56828
10000000 1.436 0.332205
10000000 1.436 0.492919
10000000 1.436 0.417594
10000000 1.436 0.456119
10000000 1.436 0.533725
10000000 1.436 0.238215
10000000 1.436 0.561332
10000000 1.436 0.392244
10000000 1.436 0.445973
10000000 1.436 0.317178
10000000 1.436 0.46651
10000000 1.436 0.471302
10000000 1.436 0.514096
10000000 1.436 0.538042
10000000 1.436 0.53467
10000000 1.436 0.432595
10000000 1.436 0.57289
10000000 1.436 0.576732
10000000 1.436 0.216735
10000000 1.436 0.383267
10000000 1.436 0.476686
10000000 1.436 0.571338
10000000 1.436 0.531662
10000000 1.436 0.537561
10000000 1.436 0.476789
10000000 1.436 0.547103
10000000 1.436 0.472668
10000000 1.436 0.483681
10000000 1.436 0.540583
10000000 1.436 0.533407
10000000 1.436 0.403823
10000000 1.436 0.270591
10000000 1.436 0.349357
10000000 1.436 0.293457
10000000 1.436 0.564799
10000000 1.436 0.525692
10000000 1.436 0.534583
10000000 1.436 0.442294
10000000 1.436 0.544545
10000000 1.436 0.577516
10000000 1.436 0.377236
10000000 1.436 0.521437
10000000 1.436 0.546697
10000000 1.436 0.544793
10000000 1.436 0.516153
10000000 1.436 0.497355
10000000 1.436 0.272907
10000000 1.436 0.527539
10000000 1.436 0.418943
10000000 1.436 0.574369
10000000 1.436 0.477162
10000000 1.436 0.543259
10000000 1.436 0.485675
10000000 1.436 0.553065
10000000 1.436 0.524122
10000000 1.436 0.455671
10000000 1.436 0.525908
10000000 1.436 0.407109
10000000 1.436 0.527218
10000000 1.436 0.460662
10000000 1.436 0.16695
10000000 1.436 0.228794
10000000 1.436 0.356648
10000000 1.436 0.492329
10000000 1.436 0.57587
10000000 1.436 0.503756
10000000 1.436 0.520053
10000000 1.436 0.567234
10000000 1.436 0.377934
10000000 1.436 0.258957
10000000 1.436 0.516505
10000000 1.436 0.468327
10000000 1.436 0.358079
10000000 1.436 0.550641
10000000 1.436 0.587058
10000000 1.436 0.498201
