1000000 1.436 0.631782
1000000 1.436 0.642282
1000000 1.436 0.442014
1000000 1.436 0.628873
1000000 1.436 0.650246
1000000 1.436 0.644629
1000000 1.436 0.652943
1000000 1.436 0.664741
1000000 1.436 0.618678
1000000 1.436 0.547944
1000000 1.436 0.68719
1000000 1.436 0.487317
1000000 1.436 0.422658
1000000 1.436 0.666075
1000000 1.436 0.503971
1000000 1.436 0.452817
1000000 1.436 0.585478
1000000 1.436 0.602362
1000000 1.436 0.55082
1000000 1.436 0.609053
1000000 1.436 0.54924
1000000 1.436 0.555804
1000000 1.436 0.564428
1000000 1.436 0.520567
1000000 1.436 0.618862
1000000 1.436 0.644269
1000000 1.436 0.566284
1000000 1.436 0.629685
1000000 1.436 0.356361
1000000 1.436 0.260752
1000000 1.436 0.644344
1000000 1.436 0.561836
1000000 1.436 0.622617
1000000 1.436 0.617909
1000000 1.436 0.547175
1000000 1.436 0.277835
1000000 1.436 0.460195
1000000 1.436 0.324553
1000000 1.436 0.619604
1000000 1.436 0.598113
1000000 1.436 0.557257
1000000 1.436 0.55907
1000000 1.436 0.597398
1000000 1.436 0.57809
1000000 1.436 0.286334
1000000 1.436 0.515508
1000000 1.436 0.2548
1000000 1.436 0.61602
1000000 1.436 0.584259
1000000 1.436 0.566358
1000000 1.436 0.619199
1000000 1.436 0.309232
1000000 1.436 0.566101
1000000 1.436 0.65113
1000000 1.436 0.581092
1000000 1.436 0.61859
1000000 1.436 0.604443
1000000 1.436 0.582355
1000000 1.436 0.534821
1000000 1.436 0.666015
1000000 1.436 0.385208
1000000 1.436 0.550847
1000000 1.436 0.343845
1000000 1.436 0.555073
1000000 1.436 0.586586
1000000 1.436 0.650661
1000000 1.436 0.49972
1000000 1.436 0.598915
1000000 1.436 0.603682
1000000 1.436 0.309521
1000000 1.436 0.369233
1000000 1.436 0.678484
1000000 1.436 0.561536
1000000 1.436 0.637793
1000000 1.436 0.512822
1000000 1.436 0.646394
1000000 1.436 0.473495
1000000 1.436 0.623326
1000000 1.436 0.588349
1000000 1.436 0.666127
1000000 1.436 0.213262
1000000 1.436 0.364542
1000000 1.436 0.500971
1000000 1.436 0.543979
1000000 1.436 0.598151
1000000 1.436 0.494819
1000000 1.436 0.616138
1000000 1.436 0.59985
1000000 1.436 0.291188
1000000 1.436 0.485386
1000000 1.436 0.614479
1000000 1.436 0.659769
1000000 1.436 0.606953
1000000 1.436 0.621953
1000000 1.436 0.632779
1000000 1.436 0.606109
1000000 1.436 0.564163
1000000 1.436 0.568036
1000000 1.436 0.646238
1000000 1.436 0.622966
1000000 1.436 0.645947
1000000 1.436 0.607422
1000000 1.436 0.557431
1000000 1.436 0.472953
1000000 1.436 0.6526
1000000 1.436 0.583349
1000000 1.436 0.670747
1000000 1.436 0.55781
1000000 1.436 0.672976
1000000 1.436 0.628093
1000000 1.436 0.413657
1000000 1.436 0.439702
1000000 1.436 0.595057
1000000 1.436 0.492893
1000000 1.436 0.59863
1000000 1.436 0.681773
1000000 1.436 0.667432
1000000 1.436 0.663252
1000000 1.436 0.596886
1000000 1.436 0.700301
1000000 1.436 0.525183
1000000 1.436 0.597514
1000000 1.436 0.669779
1000000 1.436 0.647409
1000000 1.436 0.43207
1000000 1.436 0.602032
1000000 1.436 0.620706
1000000 1.436 0.577911
1000000 1.436 0.599188
1000000 1.436 0.247316
1000000 1.436 0.601605
1000000 1.436 0.511094
1000000 1.436 0.665413
1000000 1.436 0.625541
1000000 1.436 0.630883
1000000 1.436 0.625244
1000000 1.436 0.289597
1000000 1.436 0.420297
1000000 1.436 0.680059
1000000 1.436 0.645562
1000000 1.436 0.618991
1000000 1.436 0.466535
1000000 1.436 0.668932
1000000 1.436 0.646721
1000000 1.436 0.532976
1000000 1.436 0.605947
1000000 1.436 0.643257
1000000 1.436 0.583765
1000000 1.436 0.654181
1000000 1.436 0.627578
1000000 1.436 0.465581
1000000 1.436 0.557593
1000000 1.436 0.580688
1000000 1.436 0.574049
1000000 1.436 0.673395
1000000 1.436 0.291937
1000000 1.436 0.599372
1000000 1.436 0.446794
1000000 1.436 0.62408
1000000 1.436 0.572167
1000000 1.436 0.583032
1000000 1.436 0.550131
1000000 1.436 0.444993
1000000 1.436 0.677672
1000000 1.436 0.674225
1000000 1.436 0.216692
1000000 1.436 0.530358
1000000 1.436 0.538713
1000000 1.436 0.364084
1000000 1.436 0.607263
1000000 1.436 0.611895
1000000 1.436 0.475949
1000000 1.436 0.547806
1000000 1.436 0.647004
1000000 1.436 0.663004
1000000 1.436 0.506372
1000000 1.436 0.311328
1000000 1.436 0.556593
1000000 1.436 0.634462
1000000 1.436 0.513351
1000000 1.436 0.214335
1000000 1.436 0.414499
1000000 1.436 0.315587
1000000 1.436 0.425692
1000000 1.436 0.540154
1000000 1.436 0.58332
1000000 1.436 0.600072
1000000 1.436 0.385482
1000000 1.436 0.631678
1000000 1.436 0.61186
1000000 1.436 0.414067
1000000 1.436 0.529091
1000000 1.436 0.38901
1000000 1.436 0.613576
1000000 1.436 0.611365
1000000 1.436 0.653768
1000000 1.436 0.298401
1000000 1.436 0.602387
1000000 1.436 0.655543
1000000 1.436 0.302883
1000000 1.436 0.409523
1000000 1.436 0.435377
1000000 1.436 0.637789
1000000 1.436 0.616273
1000000 1.436 0.342031
1000000 1.436 0.468271
1000000 1.436 0.623313
1000000 1.436 0.541023
1000000 1.436 0.621365
1000000 1.436 0.657127
1000000 1.436 0.505472
1000000 1.436 0.49117
1000000 1.436 0.453075
1000000 1.436 0.627705
1000000 1.436 0.429657
1000000 1.436 0.488552
1000000 1.436 0.456075
1000000 1.436 0.568426
1000000 1.436 0.578938
1000000 1.436 0.548309
1000000 1.436 0.625292
1000000 1.436 0.45793
1000000 1.436 0.624573
1000000 1.436 0.41177
1000000 1.436 0.417485
1000000 1.436 0.566564
1000000 1.436 0.579509
1000000 1.436 0.470997
1000000 1.436 0.64357
1000000 1.436 0.429065
1000000 1.436 0.609926
1000000 1.436 0.634471
1000000 1.436 0.578161
1000000 1.436 0.690366
1000000 1.436 0.633991
1000000 1.436 0.538453
1000000 1.436 0.600777
1000000 1.436 0.58818
1000000 1.436 0.582292
1000000 1.436 0.547264
1000000 1.436 0.56547
1000000 1.436 0.606609
1000000 1.436 0.655915
1000000 1.436 0.409068
1000000 1.436 0.500024
1000000 1.436 0.591451
1000000 1.436 0.499771
1000000 1.436 0.483341
1000000 1.436 0.666558
1000000 1.436 0.659268
1000000 1.436 0.497403
1000000 1.436 0.622065
1000000 1.436 0.430229
1000000 1.436 0.663659
1000000 1.436 0.351796
1000000 1.436 0.465195
1000000 1.436 0.617334
1000000 1.436 0.555006
1000000 1.436 0.557242
1000000 1.436 0.421806
1000000 1.436 0.538653
1000000 1.436 0.68557
1000000 1.436 0.472098
1000000 1.436 0.466166
1000000 1.436 0.379512
1000000 1.436 0.61793
1000000 1.436 0.638906
1000000 1.436 0.665644
1000000 1.436 0.672112
1000000 1.436 0.608243
1000000 1.436 0.357
1000000 1.436 0.587253
1000000 1.436 0.608688
1000000 1.436 0.494786
1000000 1.436 0.549248
1000000 1.436 0.583616
1000000 1.436 0.437576
1000000 1.436 0.580527
1000000 1.436 0.527019
1000000 1.436 0.528758
1000000 1.436 0.584545
1000000 1.436 0.655159
1000000 1.436 0.64122
1000000 1.436 0.573801
1000000 1.436 0.604846
1000000 1.436 0.641787
1000000 1.436 0.672131
1000000 1.436 0.6545
1000000 1.436 0.534397
1000000 1.436 0.18573
1000000 1.436 0.601976
1000000 1.436 0.581269
1000000 1.436 0.143639
1000000 1.436 0.61271
1000000 1.436 0.640554
1000000 1.436 0.669772
1000000 1.436 0.645135
1000000 1.436 0.653134
1000000 1.436 0.604602
1000000 1.436 0.618143
1000000 1.436 0.672162
1000000 1.436 0.56088
1000000 1.436 0.596157
1000000 1.436 0.624484
1000000 1.436 0.635447
1000000 1.436 0.499778
1000000 1.436 0.664609
1000000 1.436 0.616602
1000000 1.436 0.653484
1000000 1.436 0.62147
1000000 1.436 0.628039
1000000 1.436 0.408812
1000000 1.436 0.518008
1000000 1.436 0.484054
1000000 1.436 0.610249
1000000 1.436 0.582996
1000000 1.436 0.653283
1000000 1.436 0.457104
1000000 1.436 0.554603
1000000 1.436 0.544546
1000000 1.436 0.628699
1000000 1.436 0.601093
1000000 1.436 0.556362
1000000 1.436 0.570919
1000000 1.436 0.502416
1000000 1.436 0.575057
1000000 1.436 0.316011
1000000 1.436 0.294092
1000000 1.436 0.555666
1000000 1.436 0.62032
1000000 1.436 0.616015
1000000 1.436 0.577475
1000000 1.436 0.637785
1000000 1.436 0.567254
1000000 1.436 0.576833
1000000 1.436 0.561681
1000000 1.436 0.400231
1000000 1.436 0.584327
1000000 1.436 0.669115
1000000 1.436 0.662064
1000000 1.436 0.546721
1000000 1.436 0.447119
1000000 1.436 0.637976
1000000 1.436 0.591999
1000000 1.436 0.524718
1000000 1.436 0.473001
1000000 1.436 0.608977
1000000 1.436 0.515611
1000000 1.436 0.627864
1000000 1.436 0.617843
1000000 1.436 0.504722
1000000 1.436 0.568194
1000000 1.436 0.573523
1000000 1.436 0.527858
1000000 1.436 0.675681
1000000 1.436 0.614744
1000000 1.436 0.588867
1000000 1.436 0.597826
1000000 1.436 0.692697
1000000 1.436 0.692027
1000000 1.436 0.656884
1000000 1.436 0.682278
1000000 1.436 0.67217
1000000 1.436 0.431964
1000000 1.436 0.614793
1000000 1.436 0.646081
1000000 1.436 0.467523
1000000 1.436 0.651702
1000000 1.436 0.265373
1000000 1.436 0.618918
1000000 1.436 0.629182
1000000 1.436 0.37416
1000000 1.436 0.692883
1000000 1.436 0.570802
1000000 1.436 0.593535
1000000 1.436 0.200771
1000000 1.436 0.522105
1000000 1.436 0.614439
1000000 1.436 0.5375
1000000 1.436 0.329715
1000000 1.436 0.568123
1000000 1.436 0.51701
1000000 1.436 0.635496
1000000 1.436 0.606918
1000000 1.436 0.585949
1000000 1.436 0.471332
1000000 1.436 0.585478
1000000 1.436 0.636396
1000000 1.436 0.571247
1000000 1.436 0.595536
1000000 1.436 0.476956
1000000 1.436 0.554744
1000000 1.436 0.560819
1000000 1.436 0.549382
1000000 1.436 0.5391
1000000 1.436 0.608586
1000000 1.436 0.586847
1000000 1.436 0.389365
1000000 1.436 0.631035
1000000 1.436 0.602087
1000000 1.436 0.663418
1000000 1.436 0.454205
1000000 1.436 0.652323
1000000 1.436 0.575005
1000000 1.436 0.616503
1000000 1.436 0.269536
1000000 1.436 0.653837
1000000 1.436 0.579638
1000000 1.436 0.629864
1000000 1.436 0.412714
1000000 1.436 0.556953
1000000 1.436 0.540158
1000000 1.436 0.675151
1000000 1.436 0.637655
1000000 1.436 0.562647
1000000 1.436 0.60662
1000000 1.436 0.414939
1000000 1.436 0.614018
1000000 1.436 0.481767
1000000 1.436 0.574898
1000000 1.436 0.607369
1000000 1.436 0.685521
1000000 1.436 0.558889
1000000 1.436 0.603479
1000000 1.436 0.448852
1000000 1.436 0.602569
1000000 1.436 0.590865
1000000 1.436 0.655608
1000000 1.436 0.504784
1000000 1.436 0.524578
1000000 1.436 0.672325
1000000 1.436 0.580459
1000000 1.436 0.530015
1000000 1.436 0.46611
1000000 1.436 0.651372
1000000 1.436 0.588009
1000000 1.436 0.619947
1000000 1.436 0.660458
1000000 1.436 0.607561
1000000 1.436 0.635814
1000000 1.436 0.617292
1000000 1.436 0.587476
1000000 1.436 0.529562
1000000 1.436 0.609529
1000000 1.436 0.402989
1000000 1.436 0.563074
1000000 1.436 0.659994
1000000 1.436 0.273826
1000000 1.436 0.365265
1000000 1.436 0.551557
1000000 1.436 0.316223
1000000 1.436 0.471808
1000000 1.436 0.614133
1000000 1.436 0.640174
1000000 1.436 0.589728
1000000 1.436 0.402717
1000000 1.436 0.424223
1000000 1.436 0.601334
1000000 1.436 0.424662
1000000 1.436 0.651273
1000000 1.436 0.386417
1000000 1.436 0.595888
1000000 1.436 0.613215
1000000 1.436 0.630502
1000000 1.436 0.52299
1000000 1.436 0.377629
1000000 1.436 0.690107
1000000 1.436 0.575391
1000000 1.436 0.241978
1000000 1.436 0.581546
1000000 1.436 0.64743
1000000 1.436 0.549369
1000000 1.436 0.674123
1000000 1.436 0.350952
1000000 1.436 0.326337
1000000 1.436 0.602409
1000000 1.436 0.6666
1000000 1.436 0.663018
1000000 1.436 0.596397
1000000 1.436 0.613356
1000000 1.436 0.574117
1000000 1.436 0.64363
1000000 1.436 0.624771
1000000 1.436 0.607053
1000000 1.436 0.526755
1000000 1.436 0.59802
1000000 1.436 0.307979
1000000 1.436 0.685593
1000000 1.436 0.647676
1000000 1.436 0.585768
1000000 1.436 0.595825
1000000 1.436 0.640144
1000000 1.436 0.640782
1000000 1.436 0.525309
1000000 1.436 0.593398
1000000 1.436 0.632344
1000000 1.436 0.607631
1000000 1.436 0.573665
1000000 1.436 0.589341
1000000 1.436 0.501573
1000000 1.436 0.562399
1000000 1.436 0.567121
1000000 1.436 0.351907
1000000 1.436 0.204917
1000000 1.436 0.446162
1000000 1.436 0.392994
1000000 1.436 0.660768
1000000 1.436 0.578911
1000000 1.436 0.645814
1000000 1.436 0.59036
