10000 1.436 0.8355
10000 1.436 0.7179
10000 1.436 0.6236
10000 1.436 0.8308
10000 1.436 0.677
10000 1.436 0.8399
10000 1.436 0.6942
10000 1.436 0.8358
10000 1.436 0.8031
10000 1.436 0.589
10000 1.436 0.7209
10000 1.436 0.7348
10000 1.436 0.6616
10000 1.436 0.7905
10000 1.436 0.8187
10000 1.436 0.7238
10000 1.436 0.7405
10000 1.436 0.7085
10000 1.436 0.7115
10000 1.436 0.7999
10000 1.436 0.8364
10000 1.436 0.7758
10000 1.436 0.543
10000 1.436 0.702
10000 1.436 0.5472
10000 1.436 0.3464
10000 1.436 0.7317
10000 1.436 0.829
10000 1.436 0.5586
10000 1.436 0.7213
10000 1.436 0.6908
10000 1.436 0.4567
10000 1.436 0.8532
10000 1.436 0.7915
10000 1.436 0.7027
10000 1.436 0.8002
10000 1.436 0.2372
10000 1.436 0.7813
10000 1.436 0.817
10000 1.436 0.4742
10000 1.436 0.64
10000 1.436 0.7947
10000 1.436 0.8332
10000 1.436 0.7966
10000 1.436 0.5891
10000 1.436 0.7262
10000 1.436 0.7228
10000 1.436 0.7272
10000 1.436 0.7782
10000 1.436 0.8464
10000 1.436 0.6155
10000 1.436 0.6983
10000 1.436 0.7985
10000 1.436 0.7765
10000 1.436 0.7556
10000 1.436 0.6781
10000 1.436 0.5526
10000 1.436 0.7345
10000 1.436 0.8069
10000 1.436 0.5391
10000 1.436 0.7237
10000 1.436 0.8284
10000 1.436 0.8506
10000 1.436 0.7207
10000 1.436 0.7599
10000 1.436 0.8469
10000 1.436 0.3233
10000 1.436 0.7992
10000 1.436 0.7479
10000 1.436 0.8113
10000 1.436 0.763
10000 1.436 0.8305
10000 1.436 0.4195
10000 1.436 0.7849
10000 1.436 0.4174
10000 1.436 0.7162
10000 1.436 0.8464
10000 1.436 0.7589
10000 1.436 0.6087
10000 1.436 0.6705
10000 1.436 0.7168
10000 1.436 0.6142
10000 1.436 0.7432
10000 1.436 0.8107
10000 1.436 0.7368
10000 1.436 0.7288
10000 1.436 0.7904
10000 1.436 0.7499
10000 1.436 0.8027
10000 1.436 0.7537
10000 1.436 0.6528
10000 1.436 0.8121
10000 1.436 0.6567
10000 1.436 0.7706
10000 1.436 0.7257
10000 1.436 0.8165
10000 1.436 0.7977
10000 1.436 0.8041
10000 1.436 0.2774
10000 1.436 0.5447
10000 1.436 0.7825
10000 1.436 0.6661
10000 1.436 0.7251
10000 1.436 0.636
10000 1.436 0.7293
10000 1.436 0.8216
10000 1.436 0.5644
10000 1.436 0.6524
10000 1.436 0.8585
10000 1.436 0.7626
10000 1.436 0.7706
10000 1.436 0.8116
10000 1.436 0.6774
10000 1.436 0.4771
10000 1.436 0.8007
10000 1.436 0.5206
10000 1.436 0.8328
10000 1.436 0.7741
10000 1.436 0.8037
10000 1.436 0.5904
10000 1.436 0.8295
10000 1.436 0.8169
10000 1.436 0.3497
10000 1.436 0.7988
10000 1.436 0.7651
10000 1.436 0.6472
10000 1.436 0.6088
10000 1.436 0.7412
10000 1.436 0.8175
10000 1.436 0.6448
10000 1.436 0.7268
10000 1.436 0.8393
10000 1.436 0.7748
10000 1.436 0.7728
10000 1.436 0.7467
10000 1.436 0.7705
10000 1.436 0.5629
10000 1.436 0.7843
10000 1.436 0.8187
10000 1.436 0.7873
10000 1.436 0.4749
10000 1.436 0.5963
10000 1.436 0.7767
10000 1.436 0.8517
10000 1.436 0.7385
10000 1.436 0.7488
10000 1.436 0.6407
10000 1.436 0.7845
10000 1.436 0.7971
10000 1.436 0.6229
10000 1.436 0.814
10000 1.436 0.8101
10000 1.436 0.6648
10000 1.436 0.8374
10000 1.436 0.7443
10000 1.436 0.6608
10000 1.436 0.7394
10000 1.436 0.582
10000 1.436 0.399
10000 1.436 0.8297
10000 1.436 0.6909
10000 1.436 0.7334
10000 1.436 0.5691
10000 1.436 0.7832
10000 1.436 0.5022
10000 1.436 0.4065
10000 1.436 0.8054
10000 1.436 0.5956
10000 1.436 0.7071
10000 1.436 0.7249
10000 1.436 0.6826
10000 1.436 0.7163
10000 1.436 0.637
10000 1.436 0.8171
10000 1.436 0.7476
10000 1.436 0.3433
10000 1.436 0.797
10000 1.436 0.5644
10000 1.436 0.8535
10000 1.436 0.8197
10000 1.436 0.7209
10000 1.436 0.7539
10000 1.436 0.8151
10000 1.436 0.7618
10000 1.436 0.499
10000 1.436 0.6133
10000 1.436 0.7456
10000 1.436 0.274
10000 1.436 0.7893
10000 1.436 0.7398
10000 1.436 0.6414
10000 1.436 0.8323
10000 1.436 0.7872
10000 1.436 0.8502
10000 1.436 0.8342
10000 1.436 0.5292
10000 1.436 0.8378
10000 1.436 0.8374
10000 1.436 0.7764
10000 1.436 0.812
10000 1.436 0.8179
10000 1.436 0.7037
10000 1.436 0.6106
10000 1.436 0.7356
10000 1.436 0.7692
10000 1.436 0.8889
10000 1.436 0.713
10000 1.436 0.6655
10000 1.436 0.7315
10000 1.436 0.651
10000 1.436 0.5527
10000 1.436 0.7554
10000 1.436 0.6435
10000 1.436 0.7417
10000 1.436 0.6637
10000 1.436 0.8019
10000 1.436 0.284
10000 1.436 0.8429
10000 1.436 0.7494
10000 1.436 0.7033
10000 1.436 0.6898
10000 1.436 0.787
10000 1.436 0.7465
10000 1.436 0.8334
10000 1.436 0.8203
10000 1.436 0.7703
10000 1.436 0.6705
10000 1.436 0.7125
10000 1.436 0.8393
10000 1.436 0.5416
10000 1.436 0.7588
10000 1.436 0.8034
10000 1.436 0.7669
10000 1.436 0.6876
10000 1.436 0.7564
10000 1.436 0.842
10000 1.436 0.7713
10000 1.436 0.6765
10000 1.436 0.6779
10000 1.436 0.8002
10000 1.436 0.5205
10000 1.436 0.5523
10000 1.436 0.7971
10000 1.436 0.7941
10000 1.436 0.7326
10000 1.436 0.6124
10000 1.436 0.6716
10000 1.436 0.6808
10000 1.436 0.8382
10000 1.436 0.7599
10000 1.436 0.6883
10000 1.436 0.6472
10000 1.436 0.4531
10000 1.436 0.6931
10000 1.436 0.8044
10000 1.436 0.83
10000 1.436 0.4192
10000 1.436 0.5754
10000 1.436 0.6909
10000 1.436 0.8017
10000 1.436 0.7029
10000 1.436 0.8365
10000 1.436 0.7063
10000 1.436 0.7949
10000 1.436 0.8914
10000 1.436 0.7633
10000 1.436 0.5821
10000 1.436 0.6049
10000 1.436 0.8377
10000 1.436 0.7619
10000 1.436 0.4456
10000 1.436 0.6051
10000 1.436 0.7345
10000 1.436 0.8219
10000 1.436 0.7001
10000 1.436 0.5772
10000 1.436 0.8445
10000 1.436 0.6435
10000 1.436 0.7388
10000 1.436 0.6883
10000 1.436 0.7033
10000 1.436 0.8304
10000 1.436 0.7902
10000 1.436 0.6682
10000 1.436 0.8083
10000 1.436 0.8327
10000 1.436 0.7345
10000 1.436 0.744
10000 1.436 0.8066
10000 1.436 0.5877
10000 1.436 0.7336
10000 1.436 0.7324
10000 1.436 0.6154
10000 1.436 0.8111
10000 1.436 0.5484
10000 1.436 0.7447
10000 1.436 0.6779
10000 1.436 0.7259
10000 1.436 0.8005
10000 1.436 0.5525
10000 1.436 0.6127
10000 1.436 0.7142
10000 1.436 0.6709
10000 1.436 0.7099
10000 1.436 0.7737
10000 1.436 0.7894
10000 1.436 0.7287
10000 1.436 0.8155
10000 1.436 0.6727
10000 1.436 0.7997
10000 1.436 0.6842
10000 1.436 0.705
10000 1.436 0.6191
10000 1.436 0.6597
10000 1.436 0.7418
10000 1.436 0.8108
10000 1.436 0.7444
10000 1.436 0.7512
10000 1.436 0.6558
10000 1.436 0.7564
10000 1.436 0.8242
10000 1.436 0.6563
10000 1.436 0.5479
10000 1.436 0.8218
10000 1.436 0.7594
10000 1.436 0.5911
10000 1.436 0.7649
10000 1.436 0.743
10000 1.436 0.7445
10000 1.436 0.7865
10000 1.436 0.7229
10000 1.436 0.8084
10000 1.436 0.6801
10000 1.436 0.8274
10000 1.436 0.7413
10000 1.436 0.6287
10000 1.436 0.7495
10000 1.436 0.6437
10000 1.436 0.8051
10000 1.436 0.7709
10000 1.436 0.6901
10000 1.436 0.828
10000 1.436 0.8275
10000 1.436 0.543
10000 1.436 0.748
10000 1.436 0.8593
10000 1.436 0.8065
10000 1.436 0.5694
10000 1.436 0.7433
10000 1.436 0.7932
10000 1.436 0.691
10000 1.436 0.8427
10000 1.436 0.768
10000 1.436 0.7006
10000 1.436 0.4602
10000 1.436 0.5201
10000 1.436 0.7025
10000 1.436 0.8453
10000 1.436 0.6586
10000 1.436 0.6434
10000 1.436 0.7743
10000 1.436 0.3419
10000 1.436 0.728
10000 1.436 0.8729
10000 1.436 0.6506
10000 1.436 0.7386
10000 1.436 0.7671
10000 1.436 0.7615
10000 1.436 0.4158
10000 1.436 0.731
10000 1.436 0.4056
10000 1.436 0.8125
10000 1.436 0.6711
10000 1.436 0.5433
10000 1.436 0.2939
10000 1.436 0.8028
10000 1.436 0.8276
10000 1.436 0.6538
10000 1.436 0.6496
10000 1.436 0.6988
10000 1.436 0.7116
10000 1.436 0.7345
10000 1.436 0.7741
10000 1.436 0.7168
10000 1.436 0.8568
10000 1.436 0.8179
10000 1.436 0.6478
10000 1.436 0.2726
10000 1.436 0.6827
10000 1.436 0.6884
10000 1.436 0.6373
10000 1.436 0.7053
10000 1.436 0.8564
10000 1.436 0.4106
10000 1.436 0.7104
10000 1.436 0.4799
10000 1.436 0.3985
10000 1.436 0.74
10000 1.436 0.7892
10000 1.436 0.7418
10000 1.436 0.5361
10000 1.436 0.6702
10000 1.436 0.7584
10000 1.436 0.5929
10000 1.436 0.5835
10000 1.436 0.821
10000 1.436 0.8189
10000 1.436 0.7594
10000 1.436 0.7869
10000 1.436 0.6149
10000 1.436 0.7176
10000 1.436 0.7743
10000 1.436 0.6997
10000 1.436 0.667
10000 1.436 0.7355
10000 1.436 0.8313
10000 1.436 0.8454
10000 1.436 0.4289
10000 1.436 0.7142
10000 1.436 0.8081
10000 1.436 0.7996
10000 1.436 0.7503
10000 1.436 0.8621
10000 1.436 0.7242
10000 1.436 0.7748
10000 1.436 0.6391
10000 1.436 0.7271
10000 1.436 0.7482
10000 1.436 0.6397
10000 1.436 0.8312
10000 1.436 0.7449
10000 1.436 0.6491
10000 1.436 0.7328
10000 1.436 0.6717
10000 1.436 0.8404
10000 1.436 0.6465
10000 1.436 0.7576
10000 1.436 0.7416
10000 1.436 0.6418
10000 1.436 0.7343
10000 1.436 0.807
10000 1.436 0.4919
10000 1.436 0.7281
10000 1.436 0.7678
10000 1.436 0.8464
10000 1.436 0.7133
10000 1.436 0.5385
10000 1.436 0.7685
10000 1.436 0.7718
10000 1.436 0.7574
10000 1.436 0.395
10000 1.436 0.7434
10000 1.436 0.7888
10000 1.436 0.4805
10000 1.436 0.8127
10000 1.436 0.7646
10000 1.436 0.565
10000 1.436 0.7213
10000 1.436 0.4018
10000 1.436 0.7492
10000 1.436 0.4001
10000 1.436 0.5691
10000 1.436 0.7429
10000 1.436 0.8123
10000 1.436 0.8118
10000 1.436 0.6626
10000 1.436 0.8065
10000 1.436 0.8509
10000 1.436 0.3034
10000 1.436 0.4677
10000 1.436 0.635
10000 1.436 0.6809
10000 1.436 0.6229
10000 1.436 0.7566
10000 1.436 0.831
10000 1.436 0.7791
10000 1.436 0.7619
10000 1.436 0.7811
10000 1.436 0.6837
10000 1.436 0.7505
10000 1.436 0.5816
10000 1.436 0.763
10000 1.436 0.6307
10000 1.436 0.8068
10000 1.436 0.7641
10000 1.436 0.7427
10000 1.436 0.4794
10000 1.436 0.7664
10000 1.436 0.7366
10000 1.436 0.7901
10000 1.436 0.5867
10000 1.436 0.7546
10000 1.436 0.7921
10000 1.436 0.4751
10000 1.436 0.6785
10000 1.436 0.8299
10000 1.436 0.75
10000 1.436 0.8069
10000 1.436 0.7938
10000 1.436 0.6247
10000 1.436 0.5528
10000 1.436 0.8181
10000 1.436 0.7535
10000 1.436 0.5867
10000 1.436 0.5126
10000 1.436 0.7452
10000 1.436 0.6763
10000 1.436 0.7524
10000 1.436 0.8294
10000 1.436 0.7844
10000 1.436 0.7891
10000 1.436 0.8038
10000 1.436 0.7728
10000 1.436 0.7055
10000 1.436 0.4491
10000 1.436 0.829
10000 1.436 0.7023
10000 1.436 0.6934
10000 1.436 0.6436
10000 1.436 0.8546
10000 1.436 0.8381
10000 1.436 0.795
10000 1.436 0.3845
10000 1.436 0.8191
10000 1.436 0.8349
10000 1.436 0.7683
10000 1.436 0.5983
10000 1.436 0.2997
10000 1.436 0.5275
10000 1.436 0.635
10000 1.436 0.7812
10000 1.436 0.7144
10000 1.436 0.638
10000 1.436 0.767
10000 1.436 0.7786
10000 1.436 0.7209
10000 1.436 0.698
10000 1.436 0.7525
10000 1.436 0.7566
10000 1.436 0.7344
10000 1.436 0.4041
10000 1.436 0.6768
10000 1.436 0.7557
10000 1.436 0.7068
10000 1.436 0.8139
10000 1.436 0.6197
10000 1.436 0.8281
10000 1.436 0.807
10000 1.436 0.6961
10000 1.436 0.8435
10000 1.436 0.8387
10000 1.436 0.769
10000 1.436 0.8263
10000 1.436 0.8149
10000 1.436 0.7959
10000 1.436 0.7159
10000 1.436 0.5986
10000 1.436 0.7162
10000 1.436 0.6336
10000 1.436 0.8253
10000 1.436 0.4178
10000 1.436 0.7779
10000 1.436 0.8158
10000 1.436 0.8279
10000 1.436 0.7856
10000 1.436 0.7721
10000 1.436 0.7032
10000 1.436 0.7782
10000 1.436 0.8665
10000 1.436 0.7566
10000 1.436 0.6616
10000 1.436 0.6207
10000 1.436 0.6759
10000 1.436 0.7798
10000 1.436 0.6832
10000 1.436 0.7928
10000 1.436 0.5212
10000 1.436 0.7655
10000 1.436 0.7947
10000 1.436 0.5156
10000 1.436 0.6971
10000 1.436 0.7671
10000 1.436 0.7327
10000 1.436 0.8084
10000 1.436 0.6073
10000 1.436 0.6521
10000 1.436 0.8144
10000 1.436 0.3701
10000 1.436 0.7784
10000 1.436 0.7233
10000 1.436 0.7478
10000 1.436 0.7412
10000 1.436 0.7925
10000 1.436 0.8108
10000 1.436 0.7245
10000 1.436 0.7842
10000 1.436 0.8101
10000 1.436 0.8175
10000 1.436 0.7317
10000 1.436 0.3964
10000 1.436 0.4984
10000 1.436 0.3499
10000 1.436 0.7779
10000 1.436 0.6734
10000 1.436 0.706
10000 1.436 0.7947
10000 1.436 0.6663
10000 1.436 0.7647
10000 1.436 0.8276
10000 1.436 0.5239
10000 1.436 0.721
10000 1.436 0.7123
10000 1.436 0.3453
10000 1.436 0.3793
10000 1.436 0.8185
10000 1.436 0.8016
10000 1.436 0.5383
10000 1.436 0.7081
10000 1.436 0.6836
10000 1.436 0.7725
10000 1.436 0.6318
10000 1.436 0.8369
10000 1.436 0.7403
10000 1.436 0.5565
10000 1.436 0.8017
10000 1.436 0.8097
10000 1.436 0.8088
10000 1.436 0.5917
10000 1.436 0.3317
10000 1.436 0.7561
10000 1.436 0.7174
10000 1.436 0.8443
10000 1.436 0.7075
10000 1.436 0.8263
10000 1.436 0.7686
10000 1.436 0.5398
10000 1.436 0.7814
10000 1.436 0.6428
10000 1.436 0.7445
10000 1.436 0.8332
10000 1.436 0.5644
10000 1.436 0.7104
10000 1.436 0.8591
10000 1.436 0.7608
10000 1.436 0.7242
10000 1.436 0.7948
10000 1.436 0.621
10000 1.436 0.7826
10000 1.436 0.5139
10000 1.436 0.4978
10000 1.436 0.8037
10000 1.436 0.8284
10000 1.436 0.7944
10000 1.436 0.7758
10000 1.436 0.594
10000 1.436 0.6669
10000 1.436 0.7072
10000 1.436 0.7398
10000 1.436 0.504
10000 1.436 0.6898
10000 1.436 0.6836
10000 1.436 0.6779
10000 1.436 0.6921
10000 1.436 0.739
10000 1.436 0.7335
10000 1.436 0.8198
10000 1.436 0.8244
10000 1.436 0.6296
10000 1.436 0.7797
10000 1.436 0.8063
10000 1.436 0.7362
10000 1.436 0.5525
10000 1.436 0.5747
10000 1.436 0.6178
10000 1.436 0.8136
10000 1.436 0.7767
10000 1.436 0.6947
10000 1.436 0.7927
10000 1.436 0.7091
10000 1.436 0.6211
10000 1.436 0.5623
10000 1.436 0.7518
10000 1.436 0.8091
10000 1.436 0.7833
10000 1.436 0.7964
10000 1.436 0.7995
10000 1.436 0.7981
10000 1.436 0.7116
10000 1.436 0.4687
10000 1.436 0.5555
10000 1.436 0.6802
10000 1.436 0.7989
10000 1.436 0.8184
10000 1.436 0.7099
10000 1.436 0.619
10000 1.436 0.7256
10000 1.436 0.7801
10000 1.436 0.7387
10000 1.436 0.7415
10000 1.436 0.6986
10000 1.436 0.7376
10000 1.436 0.4849
10000 1.436 0.801
10000 1.436 0.5747
10000 1.436 0.6539
10000 1.436 0.7418
10000 1.436 0.7774
10000 1.436 0.7982
10000 1.436 0.8329
10000 1.436 0.7558
10000 1.436 0.7567
10000 1.436 0.3973
10000 1.436 0.2898
10000 1.436 0.7133
10000 1.436 0.3756
10000 1.436 0.8054
10000 1.436 0.7605
10000 1.436 0.8001
10000 1.436 0.7692
10000 1.436 0.3215
10000 1.436 0.5893
10000 1.436 0.8044
10000 1.436 0.5455
10000 1.436 0.7846
10000 1.436 0.7587
10000 1.436 0.8336
10000 1.436 0.5203
10000 1.436 0.6926
10000 1.436 0.5431
10000 1.436 0.7233
10000 1.436 0.7805
10000 1.436 0.7758
10000 1.436 0.6275
10000 1.436 0.7297
10000 1.436 0.4256
10000 1.436 0.6376
10000 1.436 0.8142
10000 1.436 0.5041
10000 1.436 0.5646
10000 1.436 0.3429
10000 1.436 0.6051
10000 1.436 0.6947
10000 1.436 0.3676
10000 1.436 0.7992
10000 1.436 0.7304
10000 1.436 0.7361
10000 1.436 0.753
10000 1.436 0.8406
10000 1.436 0.7759
10000 1.436 0.7771
10000 1.436 0.7562
10000 1.436 0.5786
10000 1.436 0.7735
10000 1.436 0.831
10000 1.436 0.682
10000 1.436 0.7233
10000 1.436 0.7084
10000 1.436 0.7231
10000 1.436 0.7681
10000 1.436 0.8212
10000 1.436 0.7234
10000 1.436 0.654
10000 1.436 0.794
10000 1.436 0.763
10000 1.436 0.8251
10000 1.436 0.7267
10000 1.436 0.8566
10000 1.436 0.696
10000 1.436 0.7312
10000 1.436 0.8022
10000 1.436 0.4691
10000 1.436 0.8127
10000 1.436 0.5001
10000 1.436 0.3364
10000 1.436 0.765
10000 1.436 0.7345
10000 1.436 0.6724
10000 1.436 0.5054
10000 1.436 0.735
10000 1.436 0.6877
10000 1.436 0.5297
10000 1.436 0.3946
10000 1.436 0.3584
10000 1.436 0.7565
10000 1.436 0.7501
10000 1.436 0.7668
10000 1.436 0.6327
10000 1.436 0.8126
10000 1.436 0.78
10000 1.436 0.6509
10000 1.436 0.8149
10000 1.436 0.6575
10000 1.436 0.7159
10000 1.436 0.687
10000 1.436 0.6419
10000 1.436 0.7714
10000 1.436 0.5125
10000 1.436 0.7534
10000 1.436 0.7423
10000 1.436 0.8329
10000 1.436 0.3294
10000 1.436 0.5176
10000 1.436 0.6077
10000 1.436 0.8209
10000 1.436 0.6546
10000 1.436 0.7812
10000 1.436 0.663
10000 1.436 0.6323
10000 1.436 0.7643
10000 1.436 0.7472
10000 1.436 0.7946
10000 1.436 0.7946
10000 1.436 0.8131
10000 1.436 0.5471
10000 1.436 0.4996
10000 1.436 0.7892
10000 1.436 0.6393
10000 1.436 0.6197
10000 1.436 0.6587
10000 1.436 0.3959
10000 1.436 0.7681
10000 1.436 0.7352
10000 1.436 0.7982
10000 1.436 0.7403
10000 1.436 0.7934
10000 1.436 0.7994
10000 1.436 0.5136
10000 1.436 0.6279
10000 1.436 0.6546
10000 1.436 0.6648
10000 1.436 0.7909
10000 1.436 0.5773
10000 1.436 0.7846
10000 1.436 0.7795
10000 1.436 0.7334
10000 1.436 0.7866
10000 1.436 0.812
10000 1.436 0.8013
10000 1.436 0.7629
10000 1.436 0.7936
10000 1.436 0.6936
10000 1.436 0.699
10000 1.436 0.4178
10000 1.436 0.7626
10000 1.436 0.7957
10000 1.436 0.8108
10000 1.436 0.6658
10000 1.436 0.8041
10000 1.436 0.7463
10000 1.436 0.6128
10000 1.436 0.8225
10000 1.436 0.6106
10000 1.436 0.737
10000 1.436 0.7013
10000 1.436 0.7412
10000 1.436 0.7782
10000 1.436 0.7595
10000 1.436 0.4662
10000 1.436 0.7031
10000 1.436 0.6438
10000 1.436 0.5562
10000 1.436 0.8206
10000 1.436 0.8232
10000 1.436 0.8192
10000 1.436 0.7722
10000 1.436 0.8293
10000 1.436 0.7813
10000 1.436 0.6452
10000 1.436 0.7485
10000 1.436 0.6555
10000 1.436 0.4034
10000 1.436 0.7387
10000 1.436 0.7234
10000 1.436 0.5949
10000 1.436 0.7618
10000 1.436 0.6516
10000 1.436 0.7937
10000 1.436 0.7468
10000 1.436 0.6303
10000 1.436 0.5428
10000 1.436 0.7731
10000 1.436 0.6463
10000 1.436 0.6842
10000 1.436 0.7515
10000 1.436 0.4016
10000 1.436 0.7515
10000 1.436 0.6231
10000 1.436 0.8134
10000 1.436 0.3652
10000 1.436 0.7544
10000 1.436 0.6141
10000 1.436 0.5521
10000 1.436 0.7505
10000 1.436 0.6802
10000 1.436 0.5568
10000 1.436 0.4725
10000 1.436 0.5419
10000 1.436 0.7511
10000 1.436 0.7841
10000 1.436 0.7814
10000 1.436 0.7353
10000 1.436 0.7658
10000 1.436 0.8267
10000 1.436 0.8247
10000 1.436 0.7753
10000 1.436 0.5583
10000 1.436 0.7723
10000 1.436 0.7866
10000 1.436 0.5852
10000 1.436 0.5293
10000 1.436 0.6686
10000 1.436 0.794
10000 1.436 0.8066
10000 1.436 0.6546
10000 1.436 0.375
10000 1.436 0.7633
10000 1.436 0.6277
10000 1.436 0.4508
10000 1.436 0.6066
10000 1.436 0.7878
10000 1.436 0.8423
10000 1.436 0.7843
10000 1.436 0.6404
10000 1.436 0.7507
10000 1.436 0.7193
10000 1.436 0.6944
10000 1.436 0.7401
10000 1.436 0.8064
10000 1.436 0.7436
10000 1.436 0.6792
10000 1.436 0.7571
10000 1.436 0.7417
10000 1.436 0.7581
10000 1.436 0.7202
10000 1.436 0.5426
10000 1.436 0.8536
10000 1.436 0.8188
10000 1.436 0.7829
10000 1.436 0.6315
10000 1.436 0.6767
10000 1.436 0.654
10000 1.436 0.7595
10000 1.436 0.7329
10000 1.436 0.7797
10000 1.436 0.8371
10000 1.436 0.8228
10000 1.436 0.6663
10000 1.436 0.7631
10000 1.436 0.327
10000 1.436 0.7993
10000 1.436 0.8454
10000 1.436 0.7628
10000 1.436 0.7808
10000 1.436 0.6804
10000 1.436 0.6958
10000 1.436 0.7772
10000 1.436 0.4348
10000 1.436 0.727
10000 1.436 0.7556
10000 1.436 0.6953
10000 1.436 0.7819
10000 1.436 0.6626
10000 1.436 0.7503
10000 1.436 0.8159
10000 1.436 0.7786
10000 1.436 0.7951
10000 1.436 0.4149
10000 1.436 0.7428
10000 1.436 0.8302
10000 1.436 0.7553
10000 1.436 0.7158
10000 1.436 0.5224
10000 1.436 0.7465
10000 1.436 0.7695
10000 1.436 0.8116
10000 1.436 0.7756
10000 1.436 0.7594
10000 1.436 0.8001
10000 1.436 0.6299
10000 1.436 0.7512
10000 1.436 0.877
10000 1.436 0.7757
10000 1.436 0.53
10000 1.436 0.688
10000 1.436 0.8501
10000 1.436 0.5905
10000 1.436 0.8524
10000 1.436 0.7963
10000 1.436 0.6658
10000 1.436 0.7247
10000 1.436 0.8138
10000 1.436 0.4229
10000 1.436 0.6781
10000 1.436 0.5544
10000 1.436 0.8254
10000 1.436 0.8548
10000 1.436 0.6461
10000 1.436 0.7877
10000 1.436 0.5535
10000 1.436 0.7869
