100000 1.435 0.74412
100000 1.435 0.51033
100000 1.435 0.54942
100000 1.435 0.67055
100000 1.435 0.6201
100000 1.435 0.60603
100000 1.435 0.69932
100000 1.435 0.40219
100000 1.435 0.69068
100000 1.435 0.56522
100000 1.435 0.60555
100000 1.435 0.6339
100000 1.435 0.45783
100000 1.435 0.62571
100000 1.435 0.64656
100000 1.435 0.70273
100000 1.435 0.65813
100000 1.435 0.7555
100000 1.435 0.71517
100000 1.435 0.56215
100000 1.435 0.42001
100000 1.435 0.6572
100000 1.435 0.60744
100000 1.435 0.67512
100000 1.435 0.6231
100000 1.435 0.44655
100000 1.435 0.54817
100000 1.435 0.63129
100000 1.435 0.61283
100000 1.435 0.67321
100000 1.435 0.62476
100000 1.435 0.67547
100000 1.435 0.3711
100000 1.435 0.69858
100000 1.435 0.64862
100000 1.435 0.55103
100000 1.435 0.6708
100000 1.435 0.34872
100000 1.435 0.72126
100000 1.435 0.6256
100000 1.435 0.47219
100000 1.435 0.70204
100000 1.435 0.73994
100000 1.435 0.74369
100000 1.435 0.61273
100000 1.435 0.57274
100000 1.435 0.53941
100000 1.435 0.59476
100000 1.435 0.66281
100000 1.435 0.66747
100000 1.435 0.29559
100000 1.435 0.5185
100000 1.435 0.56302
100000 1.435 0.74266
100000 1.435 0.70079
100000 1.435 0.72728
100000 1.435 0.75538
100000 1.435 0.58187
100000 1.435 0.46266
100000 1.435 0.71079
100000 1.435 0.57067
100000 1.435 0.74413
100000 1.435 0.44447
100000 1.435 0.53126
100000 1.435 0.52197
100000 1.435 0.62069
100000 1.435 0.66047
100000 1.435 0.75533
100000 1.435 0.49771
100000 1.435 0.55978
100000 1.435 0.68039
100000 1.435 0.67462
100000 1.435 0.6378
100000 1.435 0.59691
100000 1.435 0.62118
100000 1.435 0.7706
100000 1.435 0.65884
100000 1.435 0.74401
100000 1.435 0.32677
100000 1.435 0.72386
100000 1.435 0.57103
100000 1.435 0.64913
100000 1.435 0.66003
100000 1.435 0.70213
100000 1.435 0.64763
100000 1.435 0.22561
100000 1.435 0.74372
100000 1.435 0.56522
100000 1.435 0.69635
100000 1.435 0.638
100000 1.435 0.67121
100000 1.435 0.63087
100000 1.435 0.69168
100000 1.435 0.58795
100000 1.435 0.40596
100000 1.435 0.58958
100000 1.435 0.67025
100000 1.435 0.59732
100000 1.435 0.62889
100000 1.435 0.67266
100000 1.435 0.57731
100000 1.435 0.69783
100000 1.435 0.65315
100000 1.435 0.26614
100000 1.435 0.6073
100000 1.435 0.49038
100000 1.435 0.61617
100000 1.435 0.70547
100000 1.435 0.58683
100000 1.435 0.67797
100000 1.435 0.74531
100000 1.435 0.66939
100000 1.435 0.48656
100000 1.435 0.67373
100000 1.435 0.63484
100000 1.435 0.36293
100000 1.435 0.54325
100000 1.435 0.72974
100000 1.435 0.54591
100000 1.435 0.63578
100000 1.435 0.59603
100000 1.435 0.59454
100000 1.435 0.51552
100000 1.435 0.72256
100000 1.435 0.71686
100000 1.435 0.5544
100000 1.435 0.72425
100000 1.435 0.43259
100000 1.435 0.53281
100000 1.435 0.44329
100000 1.435 0.68645
100000 1.435 0.62853
100000 1.435 0.61791
100000 1.435 0.71248
100000 1.435 0.65624
100000 1.435 0.71825
100000 1.435 0.66494
100000 1.435 0.72127
100000 1.435 0.65408
100000 1.435 0.57004
100000 1.435 0.73572
100000 1.435 0.75093
100000 1.435 0.57105
100000 1.435 0.65828
100000 1.435 0.69577
100000 1.435 0.62465
100000 1.435 0.54182
100000 1.435 0.2355
100000 1.435 0.32385
100000 1.435 0.68492
100000 1.435 0.73891
100000 1.435 0.67438
100000 1.435 0.72113
100000 1.435 0.63126
100000 1.435 0.68863
100000 1.435 0.73389
100000 1.435 0.69129
100000 1.435 0.68299
100000 1.435 0.62086
100000 1.435 0.63879
100000 1.435 0.55081
100000 1.435 0.40213
100000 1.435 0.59911
100000 1.435 0.39559
100000 1.435 0.67884
100000 1.435 0.61271
100000 1.435 0.68838
100000 1.435 0.47615
100000 1.435 0.75213
100000 1.435 0.76888
100000 1.435 0.41439
100000 1.435 0.77259
100000 1.435 0.70017
100000 1.435 0.49163
100000 1.435 0.64972
100000 1.435 0.5991
100000 1.435 0.50713
100000 1.435 0.7086
100000 1.435 0.66949
100000 1.435 0.28123
100000 1.435 0.62368
100000 1.435 0.64285
100000 1.435 0.6523
100000 1.435 0.61468
100000 1.435 0.64281
100000 1.435 0.72049
100000 1.435 0.68926
100000 1.435 0.76069
100000 1.435 0.56611
100000 1.435 0.66514
100000 1.435 0.6634
100000 1.435 0.69228
100000 1.435 0.60843
100000 1.435 0.61684
100000 1.435 0.66974
100000 1.435 0.74616
100000 1.435 0.59709
100000 1.435 0.63042
100000 1.435 0.65991
100000 1.435 0.55659
100000 1.435 0.65181
100000 1.435 0.66038
100000 1.435 0.67462
100000 1.435 0.68418
100000 1.435 0.57612
100000 1.435 0.72717
100000 1.435 0.43794
100000 1.435 0.70542
100000 1.435 0.73773
100000 1.435 0.61106
100000 1.435 0.57322
100000 1.435 0.72309
100000 1.435 0.68892
100000 1.435 0.66209
100000 1.435 0.75404
100000 1.435 0.6825
100000 1.435 0.59136
100000 1.435 0.38314
100000 1.435 0.65227
100000 1.435 0.7614
100000 1.435 0.65311
100000 1.435 0.27606
100000 1.435 0.71281
100000 1.435 0.36994
100000 1.435 0.72602
100000 1.435 0.68875
100000 1.435 0.76788
100000 1.435 0.60943
100000 1.435 0.55706
100000 1.435 0.72422
100000 1.435 0.5998
100000 1.435 0.70306
100000 1.435 0.67707
100000 1.435 0.6107
100000 1.435 0.67703
100000 1.435 0.6541
100000 1.435 0.73644
100000 1.435 0.6848
100000 1.435 0.65643
100000 1.435 0.78533
100000 1.435 0.70491
100000 1.435 0.70995
100000 1.435 0.58853
100000 1.435 0.51148
100000 1.435 0.58213
100000 1.435 0.52014
100000 1.435 0.44328
100000 1.435 0.71463
100000 1.435 0.69672
100000 1.435 0.75714
100000 1.435 0.70228
100000 1.435 0.47595
100000 1.435 0.59697
100000 1.435 0.71417
100000 1.435 0.674
100000 1.435 0.57782
100000 1.435 0.46402
100000 1.435 0.77884
100000 1.435 0.72676
100000 1.435 0.54088
100000 1.435 0.70313
100000 1.435 0.6729
100000 1.435 0.62521
100000 1.435 0.60909
100000 1.435 0.58729
100000 1.435 0.59339
100000 1.435 0.62739
100000 1.435 0.61694
100000 1.435 0.67484
100000 1.435 0.7039
100000 1.435 0.46874
100000 1.435 0.57242
100000 1.435 0.51573
100000 1.435 0.6171
100000 1.435 0.45609
100000 1.435 0.71191
100000 1.435 0.7348
100000 1.435 0.4006
100000 1.435 0.39489
100000 1.435 0.73144
100000 1.435 0.65051
100000 1.435 0.71409
100000 1.435 0.33783
100000 1.435 0.70809
100000 1.435 0.57278
100000 1.435 0.6597
100000 1.435 0.66254
100000 1.435 0.7323
100000 1.435 0.7458
100000 1.435 0.78099
100000 1.435 0.65972
100000 1.435 0.37863
100000 1.435 0.50954
100000 1.435 0.60598
100000 1.435 0.71549
100000 1.435 0.68378
100000 1.435 0.72604
100000 1.435 0.65978
100000 1.435 0.3055
100000 1.435 0.64373
100000 1.435 0.75088
100000 1.435 0.71696
100000 1.435 0.70439
100000 1.435 0.7271
100000 1.435 0.71839
100000 1.435 0.67973
100000 1.435 0.66187
100000 1.435 0.54679
100000 1.435 0.65724
100000 1.435 0.59623
100000 1.435 0.50533
100000 1.435 0.552
100000 1.435 0.65942
100000 1.435 0.368
100000 1.435 0.64788
100000 1.435 0.5918
100000 1.435 0.6178
100000 1.435 0.72949
100000 1.435 0.64232
100000 1.435 0.69612
100000 1.435 0.36811
100000 1.435 0.23923
100000 1.435 0.32388
100000 1.435 0.72064
100000 1.435 0.69557
100000 1.435 0.70998
100000 1.435 0.6928
100000 1.435 0.34856
100000 1.435 0.74869
100000 1.435 0.40586
100000 1.435 0.68809
100000 1.435 0.60013
100000 1.435 0.55592
100000 1.435 0.64394
100000 1.435 0.73111
100000 1.435 0.64634
100000 1.435 0.73799
100000 1.435 0.54526
100000 1.435 0.70437
100000 1.435 0.61182
100000 1.435 0.67663
100000 1.435 0.38132
100000 1.435 0.43686
100000 1.435 0.61789
100000 1.435 0.42843
100000 1.435 0.26857
100000 1.435 0.62419
100000 1.435 0.72252
100000 1.435 0.63496
100000 1.435 0.61847
100000 1.435 0.70184
100000 1.435 0.61037
100000 1.435 0.62662
100000 1.435 0.66004
100000 1.435 0.5283
100000 1.435 0.27848
100000 1.435 0.59894
100000 1.435 0.69454
100000 1.435 0.63497
100000 1.435 0.47339
100000 1.435 0.67827
100000 1.435 0.73774
100000 1.435 0.73275
100000 1.435 0.66939
100000 1.435 0.65632
100000 1.435 0.49211
100000 1.435 0.70314
100000 1.435 0.66755
100000 1.435 0.66539
100000 1.435 0.71724
100000 1.435 0.56089
100000 1.435 0.61068
100000 1.435 0.7173
100000 1.435 0.72135
100000 1.435 0.59293
100000 1.435 0.28726
100000 1.435 0.47581
100000 1.435 0.59065
100000 1.435 0.43083
100000 1.435 0.68042
100000 1.435 0.62401
100000 1.435 0.67823
100000 1.435 0.75801
100000 1.435 0.55325
100000 1.435 0.50914
100000 1.435 0.75548
100000 1.435 0.47146
100000 1.435 0.74707
100000 1.435 0.74337
100000 1.435 0.72925
100000 1.435 0.57121
100000 1.435 0.55289
100000 1.435 0.70791
100000 1.435 0.59466
100000 1.435 0.43858
100000 1.435 0.68619
100000 1.435 0.69992
100000 1.435 0.52494
100000 1.435 0.57596
100000 1.435 0.35049
100000 1.435 0.71488
100000 1.435 0.56028
100000 1.435 0.59833
100000 1.435 0.6465
100000 1.435 0.71202
100000 1.435 0.35968
100000 1.435 0.63027
100000 1.435 0.67957
100000 1.435 0.74771
100000 1.435 0.20254
100000 1.435 0.70012
100000 1.435 0.55068
100000 1.435 0.69166
100000 1.435 0.631
100000 1.435 0.64113
100000 1.435 0.69604
100000 1.435 0.72899
100000 1.435 0.48333
100000 1.435 0.63537
100000 1.435 0.59475
100000 1.435 0.6659
100000 1.435 0.514
100000 1.435 0.3055
100000 1.435 0.73007
100000 1.435 0.66844
100000 1.435 0.69766
100000 1.435 0.56784
100000 1.435 0.55555
100000 1.435 0.72799
100000 1.435 0.511
100000 1.435 0.31156
100000 1.435 0.72469
100000 1.435 0.62651
100000 1.435 0.72003
100000 1.435 0.60715
100000 1.435 0.62107
100000 1.435 0.72105
100000 1.435 0.7364
100000 1.435 0.36996
100000 1.435 0.31044
100000 1.435 0.66148
100000 1.435 0.70886
100000 1.435 0.6978
100000 1.435 0.60553
100000 1.435 0.62193
100000 1.435 0.70004
100000 1.435 0.76772
100000 1.435 0.66625
100000 1.435 0.33687
100000 1.435 0.67985
100000 1.435 0.67184
100000 1.435 0.69499
100000 1.435 0.72781
100000 1.435 0.60323
100000 1.435 0.43412
100000 1.435 0.60561
100000 1.435 0.62258
100000 1.435 0.4537
100000 1.435 0.63006
100000 1.435 0.75615
100000 1.435 0.73699
100000 1.435 0.75377
100000 1.435 0.4339
100000 1.435 0.55509
100000 1.435 0.4699
100000 1.435 0.74203
100000 1.435 0.64188
100000 1.435 0.57802
100000 1.435 0.25386
100000 1.435 0.72843
100000 1.435 0.73831
100000 1.435 0.72197
100000 1.435 0.54793
100000 1.435 0.63684
100000 1.435 0.68197
100000 1.435 0.31419
100000 1.435 0.64897
100000 1.435 0.69497
100000 1.435 0.61751
100000 1.435 0.67586
100000 1.435 0.58013
100000 1.435 0.47911
100000 1.435 0.48414
100000 1.435 0.71659
100000 1.435 0.67219
100000 1.435 0.71142
100000 1.435 0.68336
100000 1.435 0.73873
100000 1.435 0.73172
100000 1.435 0.57997
100000 1.435 0.62667
100000 1.435 0.28075
100000 1.435 0.52485
100000 1.435 0.57047
100000 1.435 0.65778
100000 1.435 0.67891
100000 1.435 0.73153
100000 1.435 0.76375
100000 1.435 0.58148
100000 1.435 0.73205
100000 1.435 0.76722
100000 1.435 0.67688
100000 1.435 0.31729
100000 1.435 0.61614
100000 1.435 0.55844
100000 1.435 0.43341
100000 1.435 0.38344
100000 1.435 0.66309
100000 1.435 0.61085
100000 1.435 0.66757
100000 1.435 0.52944
100000 1.435 0.74042
100000 1.435 0.64332
100000 1.435 0.70961
100000 1.435 0.71374
100000 1.435 0.36008
100000 1.435 0.51103
100000 1.435 0.68975
100000 1.435 0.62948
100000 1.435 0.7914
100000 1.435 0.64982
100000 1.435 0.25726
100000 1.435 0.74991
100000 1.435 0.66551
100000 1.435 0.71807
100000 1.435 0.64052
100000 1.435 0.6451
100000 1.435 0.61431
100000 1.435 0.64715
100000 1.435 0.74786
100000 1.435 0.76411
100000 1.435 0.76122
100000 1.435 0.58655
100000 1.435 0.67855
100000 1.435 0.54408
100000 1.435 0.61053
100000 1.435 0.36617
100000 1.435 0.7657
100000 1.435 0.71429
100000 1.435 0.69733
100000 1.435 0.53251
100000 1.435 0.7356
100000 1.435 0.70255
100000 1.435 0.60712
100000 1.435 0.51408
100000 1.435 0.66291
100000 1.435 0.68255
100000 1.435 0.52216
100000 1.435 0.54293
100000 1.435 0.58285
100000 1.435 0.61891
100000 1.435 0.69043
100000 1.435 0.66396
100000 1.435 0.41696
100000 1.435 0.73871
100000 1.435 0.67239
100000 1.435 0.51957
100000 1.435 0.65072
100000 1.435 0.56492
100000 1.435 0.65714
100000 1.435 0.75942
100000 1.435 0.65574
100000 1.435 0.68686
100000 1.435 0.72685
100000 1.435 0.52558
100000 1.435 0.35362
100000 1.435 0.708
100000 1.435 0.35267
100000 1.435 0.76609
100000 1.435 0.60217
100000 1.435 0.61922
100000 1.435 0.65947
100000 1.435 0.73257
100000 1.435 0.67396
100000 1.435 0.59192
100000 1.435 0.60271
100000 1.435 0.70852
100000 1.435 0.74819
100000 1.435 0.70959
100000 1.435 0.67346
100000 1.435 0.699
100000 1.435 0.21786
100000 1.435 0.74219
100000 1.435 0.66814
100000 1.435 0.65688
100000 1.435 0.73928
100000 1.435 0.72794
100000 1.435 0.3396
100000 1.435 0.73018
100000 1.435 0.43178
100000 1.435 0.62732
100000 1.435 0.6318
100000 1.435 0.71764
100000 1.435 0.31555
100000 1.435 0.51172
100000 1.435 0.54548
100000 1.435 0.70779
100000 1.435 0.69449
100000 1.435 0.65726
100000 1.435 0.46558
100000 1.435 0.70186
100000 1.435 0.70596
100000 1.435 0.66193
100000 1.435 0.7036
100000 1.435 0.7672
100000 1.435 0.68004
100000 1.435 0.56065
100000 1.435 0.71994
100000 1.435 0.6751
100000 1.435 0.69997
100000 1.435 0.72013
100000 1.435 0.71046
100000 1.435 0.66649
100000 1.435 0.2671
100000 1.435 0.73644
100000 1.435 0.69986
100000 1.435 0.68706
100000 1.435 0.66534
100000 1.435 0.70093
100000 1.435 0.38912
100000 1.435 0.64221
100000 1.435 0.70498
100000 1.435 0.72296
100000 1.435 0.51142
100000 1.435 0.72293
100000 1.435 0.57246
100000 1.435 0.59721
100000 1.435 0.74846
100000 1.435 0.54977
100000 1.435 0.66285
100000 1.435 0.70471
100000 1.435 0.46793
100000 1.435 0.59129
100000 1.435 0.69367
100000 1.435 0.73979
100000 1.435 0.74682
100000 1.435 0.72518
100000 1.435 0.63237
100000 1.435 0.73621
100000 1.435 0.40428
100000 1.435 0.66583
100000 1.435 0.60684
100000 1.435 0.70723
100000 1.435 0.7297
100000 1.435 0.53074
100000 1.435 0.74972
100000 1.435 0.70154
100000 1.435 0.74072
100000 1.435 0.44673
100000 1.435 0.29323
100000 1.435 0.45528
100000 1.435 0.53307
100000 1.435 0.72401
100000 1.435 0.66875
100000 1.435 0.71069
100000 1.435 0.65044
100000 1.435 0.76513
100000 1.435 0.72488
100000 1.435 0.60512
100000 1.435 0.65728
100000 1.435 0.30993
100000 1.435 0.70612
100000 1.435 0.64519
100000 1.435 0.32626
100000 1.435 0.54184
100000 1.435 0.71451
100000 1.435 0.67889
100000 1.435 0.66484
100000 1.435 0.53507
100000 1.435 0.60088
100000 1.435 0.74912
100000 1.435 0.70502
100000 1.435 0.60691
100000 1.435 0.72886
100000 1.435 0.40531
100000 1.435 0.67257
100000 1.435 0.71648
100000 1.435 0.53447
100000 1.435 0.5676
100000 1.435 0.74498
100000 1.435 0.54618
100000 1.435 0.7229
100000 1.435 0.35062
100000 1.435 0.69937
100000 1.435 0.72066
100000 1.435 0.76285
100000 1.435 0.69946
100000 1.435 0.76828
100000 1.435 0.52976
100000 1.435 0.60487
100000 1.435 0.60158
100000 1.435 0.43239
100000 1.435 0.51181
100000 1.435 0.63734
100000 1.435 0.63458
100000 1.435 0.60181
100000 1.435 0.58903
100000 1.435 0.67117
100000 1.435 0.60118
100000 1.435 0.75125
100000 1.435 0.60582
100000 1.435 0.52082
100000 1.435 0.28681
100000 1.435 0.46405
100000 1.435 0.70558
100000 1.435 0.69811
100000 1.435 0.70515
100000 1.435 0.51607
100000 1.435 0.32563
100000 1.435 0.46564
100000 1.435 0.70648
100000 1.435 0.6981
100000 1.435 0.48387
100000 1.435 0.7019
100000 1.435 0.51927
100000 1.435 0.37776
100000 1.435 0.74479
100000 1.435 0.55581
100000 1.435 0.71609
100000 1.435 0.66781
100000 1.435 0.57553
100000 1.435 0.66398
100000 1.435 0.69955
100000 1.435 0.693
100000 1.435 0.55414
100000 1.435 0.50972
100000 1.435 0.70869
100000 1.435 0.55532
100000 1.435 0.6826
100000 1.435 0.72513
100000 1.435 0.69778
100000 1.435 0.69556
100000 1.435 0.49148
100000 1.435 0.63538
100000 1.435 0.703
100000 1.435 0.72598
100000 1.435 0.65265
100000 1.435 0.76431
100000 1.435 0.68803
100000 1.435 0.70378
100000 1.435 0.60842
100000 1.435 0.65412
100000 1.435 0.58605
100000 1.435 0.68651
100000 1.435 0.71645
100000 1.435 0.71791
100000 1.435 0.5951
100000 1.435 0.50562
100000 1.435 0.62916
100000 1.435 0.48546
100000 1.435 0.41053
100000 1.435 0.61472
100000 1.435 0.70496
100000 1.435 0.44618
100000 1.435 0.64229
100000 1.435 0.66102
100000 1.435 0.70143
100000 1.435 0.69758
100000 1.435 0.72122
100000 1.435 0.66584
100000 1.435 0.60921
100000 1.435 0.57186
100000 1.435 0.71611
100000 1.435 0.50216
100000 1.435 0.57242
100000 1.435 0.66231
100000 1.435 0.64842
100000 1.435 0.69266
100000 1.435 0.43518
100000 1.435 0.36943
100000 1.435 0.41717
100000 1.435 0.53181
100000 1.435 0.36555
100000 1.435 0.77674
100000 1.435 0.30866
100000 1.435 0.67451
100000 1.435 0.49273
100000 1.435 0.6145
100000 1.435 0.59771
100000 1.435 0.61685
100000 1.435 0.65442
100000 1.435 0.39262
100000 1.435 0.45252
100000 1.435 0.64867
100000 1.435 0.64964
100000 1.435 0.73364
100000 1.435 0.71296
100000 1.435 0.33281
100000 1.435 0.63434
100000 1.435 0.58312
100000 1.435 0.65022
100000 1.435 0.73925
100000 1.435 0.69121
100000 1.435 0.6171
100000 1.435 0.68463
100000 1.435 0.6878
100000 1.435 0.56457
100000 1.435 0.72047
100000 1.435 0.46213
100000 1.435 0.7529
100000 1.435 0.62984
100000 1.435 0.74172
100000 1.435 0.73293
100000 1.435 0.64475
100000 1.435 0.63448
100000 1.435 0.72093
100000 1.435 0.71554
100000 1.435 0.6423
100000 1.435 0.48322
100000 1.435 0.72587
100000 1.435 0.41344
100000 1.435 0.75624
100000 1.435 0.65155
100000 1.435 0.57861
100000 1.435 0.66988
100000 1.435 0.67346
100000 1.435 0.62401
100000 1.435 0.73355
100000 1.435 0.67407
100000 1.435 0.2172
100000 1.435 0.71625
100000 1.435 0.56935
100000 1.435 0.55093
100000 1.435 0.69676
100000 1.435 0.57804
100000 1.435 0.70293
100000 1.435 0.74118
100000 1.435 0.65059
100000 1.435 0.64427
100000 1.435 0.67461
100000 1.435 0.76846
100000 1.435 0.63162
100000 1.435 0.63975
100000 1.435 0.57822
100000 1.435 0.69607
100000 1.435 0.57023
100000 1.435 0.48737
100000 1.435 0.63391
100000 1.435 0.69209
100000 1.435 0.67611
100000 1.435 0.64418
100000 1.435 0.54107
100000 1.435 0.64114
100000 1.435 0.2633
100000 1.435 0.58308
100000 1.435 0.71095
100000 1.435 0.39865
100000 1.435 0.35785
100000 1.435 0.56028
100000 1.435 0.69506
100000 1.435 0.61731
100000 1.435 0.74961
100000 1.435 0.64322
100000 1.435 0.60564
100000 1.435 0.26268
100000 1.435 0.77239
100000 1.435 0.27428
100000 1.435 0.57547
100000 1.435 0.65747
100000 1.435 0.70493
100000 1.435 0.68983
100000 1.435 0.70277
100000 1.435 0.67602
100000 1.435 0.55347
100000 1.435 0.69837
100000 1.435 0.56339
100000 1.435 0.49494
100000 1.435 0.33895
100000 1.435 0.62309
100000 1.435 0.38009
100000 1.435 0.27879
100000 1.435 0.61843
100000 1.435 0.67701
100000 1.435 0.53603
100000 1.435 0.62277
100000 1.435 0.65436
100000 1.435 0.73726
100000 1.435 0.58805
100000 1.435 0.37092
100000 1.435 0.65587
100000 1.435 0.64223
100000 1.435 0.62667
100000 1.435 0.57287
100000 1.435 0.67931
100000 1.435 0.62128
100000 1.435 0.55053
100000 1.435 0.69344
100000 1.435 0.6119
100000 1.435 0.61875
100000 1.435 0.40573
100000 1.435 0.64831
100000 1.435 0.4863
100000 1.435 0.63499
100000 1.435 0.74145
100000 1.435 0.53824
100000 1.435 0.71029
100000 1.435 0.56744
100000 1.435 0.67498
100000 1.435 0.67076
100000 1.435 0.59538
100000 1.435 0.21848
100000 1.435 0.63217
100000 1.435 0.50657
100000 1.435 0.61837
100000 1.435 0.7287
100000 1.435 0.41833
100000 1.435 0.60066
100000 1.435 0.67125
100000 1.435 0.53415
100000 1.435 0.3028
100000 1.435 0.60292
100000 1.435 0.6508
100000 1.435 0.64246
100000 1.435 0.64251
100000 1.435 0.45764
100000 1.435 0.67189
100000 1.435 0.31967
100000 1.435 0.62978
100000 1.435 0.65853
100000 1.435 0.46458
100000 1.435 0.74593
100000 1.435 0.69093
100000 1.435 0.57049
100000 1.435 0.7276
100000 1.435 0.66054
100000 1.435 0.73833
100000 1.435 0.70943
100000 1.435 0.7243
100000 1.435 0.59085
100000 1.435 0.70229
100000 1.435 0.63709
100000 1.435 0.71039
100000 1.435 0.70852
100000 1.435 0.71549
100000 1.435 0.62637
100000 1.435 0.6805
100000 1.435 0.68843
100000 1.435 0.72376
100000 1.435 0.74374
100000 1.435 0.77291
100000 1.435 0.15006
100000 1.435 0.68275
100000 1.435 0.5354
100000 1.435 0.65204
100000 1.435 0.46745
100000 1.435 0.70739
100000 1.435 0.53491
100000 1.435 0.6762
100000 1.435 0.7062
100000 1.435 0.61851
100000 1.435 0.65781
100000 1.435 0.67016
100000 1.435 0.7029
100000 1.435 0.69265
100000 1.435 0.68467
100000 1.435 0.54284
100000 1.435 0.35046
100000 1.435 0.63295
100000 1.435 0.48656
100000 1.435 0.58404
100000 1.435 0.45334
100000 1.435 0.71517
100000 1.435 0.63061
100000 1.435 0.67628
100000 1.435 0.6871
100000 1.435 0.62381
100000 1.435 0.65114
100000 1.435 0.56061
100000 1.435 0.7257
100000 1.435 0.63716
100000 1.435 0.34304
100000 1.435 0.73968
100000 1.435 0.55245
100000 1.435 0.46268
100000 1.435 0.58512
100000 1.435 0.35088
100000 1.435 0.73794
100000 1.435 0.37797
100000 1.435 0.65989
100000 1.435 0.45874
100000 1.435 0.59728
100000 1.435 0.71404
100000 1.435 0.3575
100000 1.435 0.76118
100000 1.435 0.70477
100000 1.435 0.61913
100000 1.435 0.70503
100000 1.435 0.68361
100000 1.435 0.70272
100000 1.435 0.64789
100000 1.435 0.6405
100000 1.435 0.69782
100000 1.435 0.73187
100000 1.435 0.64618
100000 1.435 0.72914
100000 1.435 0.6629
100000 1.435 0.69176
100000 1.435 0.73267
100000 1.435 0.56362
100000 1.435 0.75076
