1000000 1.435 0.582214
1000000 1.435 0.642414
1000000 1.435 0.674547
1000000 1.435 0.320491
1000000 1.435 0.625647
1000000 1.435 0.643373
1000000 1.435 0.451115
1000000 1.435 0.635966
1000000 1.435 0.518233
1000000 1.435 0.455873
1000000 1.435 0.549377
1000000 1.435 0.49819
1000000 1.435 0.634066
1000000 1.435 0.581414
1000000 1.435 0.558475
1000000 1.435 0.628107
1000000 1.435 0.494366
1000000 1.435 0.533542
1000000 1.435 0.548744
1000000 1.435 0.254831
1000000 1.435 0.619047
1000000 1.435 0.59985
1000000 1.435 0.496734
1000000 1.435 0.558619
1000000 1.435 0.670221
1000000 1.435 0.51281
1000000 1.435 0.615039
1000000 1.435 0.537014
1000000 1.435 0.686678
1000000 1.435 0.592852
1000000 1.435 0.329773
1000000 1.435 0.623572
1000000 1.435 0.562978
1000000 1.435 0.625173
1000000 1.435 0.588059
1000000 1.435 0.566188
1000000 1.435 0.60044
1000000 1.435 0.627019
1000000 1.435 0.443347
1000000 1.435 0.476274
1000000 1.435 0.568955
1000000 1.435 0.65954
1000000 1.435 0.488749
1000000 1.435 0.546395
1000000 1.435 0.174424
1000000 1.435 0.539708
1000000 1.435 0.615046
1000000 1.435 0.509324
1000000 1.435 0.525072
1000000 1.435 0.365352
1000000 1.435 0.526505
1000000 1.435 0.592417
1000000 1.435 0.569661
1000000 1.435 0.577037
1000000 1.435 0.617676
1000000 1.435 0.677916
1000000 1.435 0.647047
1000000 1.435 0.599521
1000000 1.435 0.56631
1000000 1.435 0.604493
1000000 1.435 0.650159
1000000 1.435 0.545342
1000000 1.435 0.543607
1000000 1.435 0.495551
1000000 1.435 0.462714
1000000 1.435 0.624531
1000000 1.435 0.355073
1000000 1.435 0.644459
1000000 1.435 0.624613
1000000 1.435 0.656328
1000000 1.435 0.63996
1000000 1.435 0.579106
1000000 1.435 0.658961
1000000 1.435 0.637568
1000000 1.435 0.634818
1000000 1.435 0.471513
1000000 1.435 0.537804
1000000 1.435 0.495163
1000000 1.435 0.322707
1000000 1.435 0.519667
1000000 1.435 0.538464
1000000 1.435 0.535794
1000000 1.435 0.576259
1000000 1.435 0.631515
1000000 1.435 0.619821
1000000 1.435 0.596321
1000000 1.435 0.567911
1000000 1.435 0.588092
1000000 1.435 0.585418
1000000 1.435 0.525668
1000000 1.435 0.281279
1000000 1.435 0.469078
1000000 1.435 0.650826
1000000 1.435 0.575651
1000000 1.435 0.348522
1000000 1.435 0.461085
1000000 1.435 0.292839
1000000 1.435 0.548732
1000000 1.435 0.501675
1000000 1.435 0.631773
1000000 1.435 0.375197
1000000 1.435 0.604021
1000000 1.435 0.570728
1000000 1.435 0.631068
1000000 1.435 0.646785
1000000 1.435 0.585806
1000000 1.435 0.539653
1000000 1.435 0.658097
1000000 1.435 0.515124
1000000 1.435 0.584227
1000000 1.435 0.630454
1000000 1.435 0.585919
1000000 1.435 0.590998
1000000 1.435 0.625296
1000000 1.435 0.58466
1000000 1.435 0.522529
1000000 1.435 0.467296
1000000 1.435 0.636413
1000000 1.435 0.609908
1000000 1.435 0.625471
1000000 1.435 0.659365
1000000 1.435 0.098246
1000000 1.435 0.636987
1000000 1.435 0.654833
1000000 1.435 0.289371
1000000 1.435 0.569963
1000000 1.435 0.495044
1000000 1.435 0.629845
1000000 1.435 0.602935
1000000 1.435 0.586477
1000000 1.435 0.327846
1000000 1.435 0.571889
1000000 1.435 0.518357
1000000 1.435 0.47227
1000000 1.435 0.412793
1000000 1.435 0.640402
1000000 1.435 0.581266
1000000 1.435 0.233381
1000000 1.435 0.299859
1000000 1.435 0.621567
1000000 1.435 0.414629
1000000 1.435 0.661564
1000000 1.435 0.573782
1000000 1.435 0.580649
1000000 1.435 0.652861
1000000 1.435 0.615036
1000000 1.435 0.581111
1000000 1.435 0.557104
1000000 1.435 0.580515
1000000 1.435 0.590075
1000000 1.435 0.531936
1000000 1.435 0.508874
1000000 1.435 0.684852
1000000 1.435 0.566745
1000000 1.435 0.56295
1000000 1.435 0.574813
1000000 1.435 0.609088
1000000 1.435 0.583028
1000000 1.435 0.56489
1000000 1.435 0.621176
1000000 1.435 0.589578
1000000 1.435 0.506815
1000000 1.435 0.466723
1000000 1.435 0.677507
1000000 1.435 0.379225
1000000 1.435 0.578438
1000000 1.435 0.250478
1000000 1.435 0.664505
1000000 1.435 0.510905
1000000 1.435 0.460576
1000000 1.435 0.560461
1000000 1.435 0.48231
1000000 1.435 0.421543
1000000 1.435 0.625085
1000000 1.435 0.433777
1000000 1.435 0.373266
1000000 1.435 0.558326
1000000 1.435 0.56084
1000000 1.435 0.544521
1000000 1.435 0.210454
1000000 1.435 0.594583
1000000 1.435 0.593881
1000000 1.435 0.474407
1000000 1.435 0.504386
1000000 1.435 0.556131
1000000 1.435 0.606943
1000000 1.435 0.316583
1000000 1.435 0.628106
1000000 1.435 0.569109
1000000 1.435 0.523254
1000000 1.435 0.495809
1000000 1.435 0.560288
1000000 1.435 0.572716
1000000 1.435 0.569879
1000000 1.435 0.521839
1000000 1.435 0.562314
1000000 1.435 0.634122
1000000 1.435 0.554554
1000000 1.435 0.638594
1000000 1.435 0.373064
1000000 1.435 0.55024
1000000 1.435 0.31552
1000000 1.435 0.639483
1000000 1.435 0.608624
1000000 1.435 0.241986
1000000 1.435 0.311402
1000000 1.435 0.252823
1000000 1.435 0.544511
1000000 1.435 0.632758
1000000 1.435 0.618623
1000000 1.435 0.506804
1000000 1.435 0.5748
1000000 1.435 0.477212
1000000 1.435 0.666711
1000000 1.435 0.399269
1000000 1.435 0.468391
1000000 1.435 0.441661
1000000 1.435 0.579576
1000000 1.435 0.57855
1000000 1.435 0.573976
1000000 1.435 0.584814
1000000 1.435 0.488098
1000000 1.435 0.553922
1000000 1.435 0.596734
1000000 1.435 0.417807
1000000 1.435 0.537422
1000000 1.435 0.203642
1000000 1.435 0.267808
1000000 1.435 0.383354
1000000 1.435 0.640403
1000000 1.435 0.558869
1000000 1.435 0.403751
1000000 1.435 0.677465
1000000 1.435 0.500534
1000000 1.435 0.524786
1000000 1.435 0.630724
1000000 1.435 0.318015
1000000 1.435 0.273182
1000000 1.435 0.536491
1000000 1.435 0.408572
1000000 1.435 0.577131
1000000 1.435 0.57259
1000000 1.435 0.688335
1000000 1.435 0.644685
1000000 1.435 0.570969
1000000 1.435 0.534606
1000000 1.435 0.617665
1000000 1.435 0.490843
1000000 1.435 0.53622
1000000 1.435 0.586483
1000000 1.435 0.444726
1000000 1.435 0.44642
1000000 1.435 0.582026
1000000 1.435 0.534973
1000000 1.435 0.613423
1000000 1.435 0.686442
1000000 1.435 0.59141
1000000 1.435 0.655953
1000000 1.435 0.591495
1000000 1.435 0.385861
1000000 1.435 0.503589
1000000 1.435 0.662958
1000000 1.435 0.243284
1000000 1.435 0.54161
1000000 1.435 0.456302
1000000 1.435 0.477103
1000000 1.435 0.577427
1000000 1.435 0.584824
1000000 1.435 0.534359
1000000 1.435 0.442843
1000000 1.435 0.474351
1000000 1.435 0.648839
1000000 1.435 0.564326
1000000 1.435 0.464319
1000000 1.435 0.608478
1000000 1.435 0.560567
1000000 1.435 0.665425
1000000 1.435 0.441042
1000000 1.435 0.653007
1000000 1.435 0.539128
1000000 1.435 0.631563
1000000 1.435 0.579776
1000000 1.435 0.69034
1000000 1.435 0.528581
1000000 1.435 0.566639
1000000 1.435 0.35077
1000000 1.435 0.353987
1000000 1.435 0.569148
1000000 1.435 0.551683
1000000 1.435 0.411246
1000000 1.435 0.625414
1000000 1.435 0.334172
1000000 1.435 0.628907
1000000 1.435 0.457575
1000000 1.435 0.354168
1000000 1.435 0.640384
1000000 1.435 0.588314
1000000 1.435 0.606075
1000000 1.435 0.583101
1000000 1.435 0.641343
1000000 1.435 0.401572
1000000 1.435 0.546269
1000000 1.435 0.319484
1000000 1.435 0.563585
1000000 1.435 0.564778
1000000 1.435 0.152303
1000000 1.435 0.661815
1000000 1.435 0.544595
1000000 1.435 0.477056
1000000 1.435 0.678133
1000000 1.435 0.507861
1000000 1.435 0.632702
1000000 1.435 0.560331
1000000 1.435 0.495552
1000000 1.435 0.346775
1000000 1.435 0.473961
1000000 1.435 0.567392
1000000 1.435 0.623827
1000000 1.435 0.454557
1000000 1.435 0.593959
1000000 1.435 0.500436
1000000 1.435 0.289171
1000000 1.435 0.551107
1000000 1.435 0.535948
1000000 1.435 0.595838
1000000 1.435 0.623645
1000000 1.435 0.164905
1000000 1.435 0.646968
1000000 1.435 0.52152
1000000 1.435 0.500619
1000000 1.435 0.601828
1000000 1.435 0.250018
1000000 1.435 0.591687
1000000 1.435 0.648498
1000000 1.435 0.537254
1000000 1.435 0.606592
1000000 1.435 0.354808
1000000 1.435 0.595996
1000000 1.435 0.604419
1000000 1.435 0.650237
1000000 1.435 0.584948
1000000 1.435 0.606116
1000000 1.435 0.619893
1000000 1.435 0.681339
1000000 1.435 0.533299
1000000 1.435 0.558562
1000000 1.435 0.597186
1000000 1.435 0.358826
1000000 1.435 0.445098
1000000 1.435 0.530732
1000000 1.435 0.495726
1000000 1.435 0.489791
1000000 1.435 0.236924
1000000 1.435 0.607615
1000000 1.435 0.492089
1000000 1.435 0.569693
1000000 1.435 0.626159
1000000 1.435 0.572812
1000000 1.435 0.617568
1000000 1.435 0.689465
1000000 1.435 0.58354
1000000 1.435 0.600242
1000000 1.435 0.474523
1000000 1.435 0.460189
1000000 1.435 0.441918
1000000 1.435 0.57192
1000000 1.435 0.635789
1000000 1.435 0.578152
1000000 1.435 0.378858
1000000 1.435 0.566438
1000000 1.435 0.504749
1000000 1.435 0.531763
1000000 1.435 0.640393
1000000 1.435 0.251768
1000000 1.435 0.599752
1000000 1.435 0.32899
1000000 1.435 0.354703
1000000 1.435 0.503821
1000000 1.435 0.448053
1000000 1.435 0.649901
1000000 1.435 0.586058
1000000 1.435 0.523224
1000000 1.435 0.587747
1000000 1.435 0.61275
1000000 1.435 0.652433
1000000 1.435 0.331766
1000000 1.435 0.46928
1000000 1.435 0.383177
1000000 1.435 0.645369
1000000 1.435 0.605341
1000000 1.435 0.621297
1000000 1.435 0.554047
1000000 1.435 0.594568
1000000 1.435 0.599637
1000000 1.435 0.575006
1000000 1.435 0.577299
1000000 1.435 0.629466
1000000 1.435 0.486321
1000000 1.435 0.580587
1000000 1.435 0.645833
1000000 1.435 0.592601
1000000 1.435 0.55673
1000000 1.435 0.61605
1000000 1.435 0.543035
1000000 1.435 0.600686
1000000 1.435 0.553572
1000000 1.435 0.595544
1000000 1.435 0.654424
1000000 1.435 0.605274
1000000 1.435 0.630192
1000000 1.435 0.336721
1000000 1.435 0.552093
1000000 1.435 0.452525
1000000 1.435 0.579939
1000000 1.435 0.554012
1000000 1.435 0.641258
1000000 1.435 0.20113
1000000 1.435 0.304065
1000000 1.435 0.634534
1000000 1.435 0.422576
1000000 1.435 0.298951
1000000 1.435 0.608617
1000000 1.435 0.438353
1000000 1.435 0.416272
1000000 1.435 0.53741
1000000 1.435 0.574575
1000000 1.435 0.49694
1000000 1.435 0.518129
1000000 1.435 0.225494
1000000 1.435 0.622815
1000000 1.435 0.469005
1000000 1.435 0.608877
1000000 1.435 0.525069
1000000 1.435 0.411259
1000000 1.435 0.503245
1000000 1.435 0.515022
1000000 1.435 0.515794
1000000 1.435 0.54878
1000000 1.435 0.460266
1000000 1.435 0.604726
1000000 1.435 0.474148
1000000 1.435 0.64749
1000000 1.435 0.6179
1000000 1.435 0.609373
1000000 1.435 0.563358
1000000 1.435 0.529096
1000000 1.435 0.55115
1000000 1.435 0.420292
1000000 1.435 0.560007
1000000 1.435 0.573739
1000000 1.435 0.449849
1000000 1.435 0.499103
1000000 1.435 0.500597
1000000 1.435 0.667505
1000000 1.435 0.639441
1000000 1.435 0.612496
1000000 1.435 0.59079
1000000 1.435 0.636021
1000000 1.435 0.530099
1000000 1.435 0.61281
1000000 1.435 0.657851
1000000 1.435 0.295413
1000000 1.435 0.627304
1000000 1.435 0.661402
1000000 1.435 0.616598
1000000 1.435 0.577388
1000000 1.435 0.317018
1000000 1.435 0.497315
1000000 1.435 0.485642
1000000 1.435 0.587815
1000000 1.435 0.666233
1000000 1.435 0.597695
1000000 1.435 0.429235
1000000 1.435 0.504876
1000000 1.435 0.566457
1000000 1.435 0.629311
1000000 1.435 0.156127
1000000 1.435 0.486479
1000000 1.435 0.641752
1000000 1.435 0.502183
1000000 1.435 0.296848
1000000 1.435 0.642722
1000000 1.435 0.651497
1000000 1.435 0.65564
1000000 1.435 0.457258
1000000 1.435 0.437638
1000000 1.435 0.571799
1000000 1.435 0.508557
1000000 1.435 0.687997
1000000 1.435 0.199885
1000000 1.435 0.570986
1000000 1.435 0.601451
1000000 1.435 0.456438
1000000 1.435 0.600109
1000000 1.435 0.353732
1000000 1.435 0.542497
1000000 1.435 0.593623
1000000 1.435 0.599424
1000000 1.435 0.583329
1000000 1.435 0.200364
1000000 1.435 0.547527
1000000 1.435 0.409985
1000000 1.435 0.619005
1000000 1.435 0.590967
1000000 1.435 0.626605
1000000 1.435 0.538788
1000000 1.435 0.59363
1000000 1.435 0.306673
1000000 1.435 0.567691
1000000 1.435 0.622393
1000000 1.435 0.526678
1000000 1.435 0.489022
1000000 1.435 0.547452
1000000 1.435 0.583563
1000000 1.435 0.476349
1000000 1.435 0.644431
1000000 1.435 0.564509
1000000 1.435 0.634329
1000000 1.435 0.351542
1000000 1.435 0.538204
1000000 1.435 0.458766
1000000 1.435 0.620413
1000000 1.435 0.603816
1000000 1.435 0.579829
1000000 1.435 0.624668
1000000 1.435 0.505937
1000000 1.435 0.685924
1000000 1.435 0.574924
1000000 1.435 0.599801
1000000 1.435 0.651252
1000000 1.435 0.55049
1000000 1.435 0.562752
1000000 1.435 0.607713
1000000 1.435 0.537077
1000000 1.435 0.603605
1000000 1.435 0.623693
1000000 1.435 0.654611
1000000 1.435 0.290217
1000000 1.435 0.376819
1000000 1.435 0.364035
1000000 1.435 0.637074
1000000 1.435 0.614974
1000000 1.435 0.503858
1000000 1.435 0.566244
1000000 1.435 0.661845
1000000 1.435 0.635262
1000000 1.435 0.510257
1000000 1.435 0.58001
1000000 1.435 0.526812
1000000 1.435 0.61094
1000000 1.435 0.656366
1000000 1.435 0.369552
1000000 1.435 0.452789
1000000 1.435 0.253018
1000000 1.435 0.522457
1000000 1.435 0.570651
1000000 1.435 0.513673
1000000 1.435 0.529023
1000000 1.435 0.534615
1000000 1.435 0.604606
1000000 1.435 0.365092
1000000 1.435 0.281737
1000000 1.435 0.6074
1000000 1.435 0.648667
1000000 1.435 0.540876
1000000 1.435 0.296845
1000000 1.435 0.558785
1000000 1.435 0.548656
1000000 1.435 0.644738
1000000 1.435 0.63135
1000000 1.435 0.544468
1000000 1.435 0.659037
1000000 1.435 0.469098
1000000 1.435 0.655897
1000000 1.435 0.68682
1000000 1.435 0.502996
1000000 1.435 0.602339
1000000 1.435 0.539863
1000000 1.435 0.665327
1000000 1.435 0.636702
1000000 1.435 0.673944
1000000 1.435 0.614362
1000000 1.435 0.652723
1000000 1.435 0.660156
1000000 1.435 0.577896
1000000 1.435 0.678733
1000000 1.435 0.470123
1000000 1.435 0.600981
1000000 1.435 0.577761
1000000 1.435 0.644083
1000000 1.435 0.356971
1000000 1.435 0.614433
1000000 1.435 0.500017
1000000 1.435 0.548447
1000000 1.435 0.581267
1000000 1.435 0.455499
1000000 1.435 0.655693
1000000 1.435 0.508696
1000000 1.435 0.578008
1000000 1.435 0.650853
