10000000 1.435 0.515344
10000000 1.435 0.385053
10000000 1.435 0.573146
10000000 1.435 0.535648
10000000 1.435 0.552517
10000000 1.435 0.484133
10000000 1.435 0.550407
10000000 1.435 0.518541
10000000 1.435 0.502292
10000000 1.435 0.431313
10000000 1.435 0.265855
10000000 1.435 0.347347
10000000 1.435 0.470699
10000000 1.435 0.477728
10000000 1.435 0.508658
10000000 1.435 0.501637
10000000 1.435 0.523808
10000000 1.435 0.51928
10000000 1.435 0.551357
10000000 1.435 0.525557
10000000 1.435 0.522695
10000000 1.435 0.457697
10000000 1.435 0.497058
10000000 1.435 0.501693
10000000 1.435 0.503113
10000000 1.435 0.365466
10000000 1.435 0.432692
10000000 1.435 0.58308
10000000 1.435 0.473812
10000000 1.435 0.429706
10000000 1.435 0.232704
10000000 1.435 0.277778
10000000 1.435 0.331633
10000000 1.435 0.360029
10000000 1.435 0.20661
10000000 1.435 0.479866
10000000 1.435 0.550301
10000000 1.435 0.469146
10000000 1.435 0.486508
10000000 1.435 0.515724
10000000 1.435 0.368845
10000000 1.435 0.387397
10000000 1.435 0.234132
10000000 1.435 0.518186
10000000 1.435 0.419208
10000000 1.435 0.557247
10000000 1.435 0.42829
10000000 1.435 0.216609
10000000 1.435 0.40049
10000000 1.435 0.192236
10000000 1.435 0.435072
10000000 1.435 0.372054
10000000 1.435 0.588923
10000000 1.435 0.528626
10000000 1.435 0.38595
10000000 1.435 0.523322
10000000 1.435 0.579491
10000000 1.435 0.567881
10000000 1.435 0.31903
10000000 1.435 0.477384
10000000 1.435 0.349706
10000000 1.435 0.563673
10000000 1.435 0.580032
10000000 1.435 0.481581
10000000 1.435 0.503445
10000000 1.435 0.460182
10000000 1.435 0.550569
10000000 1.435 0.491194
10000000 1.435 0.346915
10000000 1.435 0.528995
10000000 1.435 0.328605
10000000 1.435 0.474539
10000000 1.435 0.51575
10000000 1.435 0.375582
10000000 1.435 0.465201
10000000 1.435 0.369279
10000000 1.435 0.44431
10000000 1.435 0.532768
10000000 1.435 0.409574
10000000 1.435 0.548976
10000000 1.435 0.451803
10000000 1.435 0.5135
10000000 1.435 0.482059
10000000 1.435 0.302364
10000000 1.435 0.500016
10000000 1.435 0.453034
10000000 1.435 0.505051
10000000 1.435 0.576758
10000000 1.435 0.395423
10000000 1.435 0.377987
10000000 1.435 0.517353
10000000 1.435 0.551933
10000000 1.435 0.506375
10000000 1.435 0.534947
10000000 1.435 0.290023
10000000 1.435 0.568276
10000000 1.435 0.373319
10000000 1.435 0.539822
10000000 1.435 0.460996
10000000 1.435 0.548112
10000000 1.435 0.325593
10000000 1.435 0.564832
10000000 1.435 0.22413
10000000 1.435 0.297739
10000000 1.435 0.468029
10000000 1.435 0.599636
10000000 1.435 0.431682
10000000 1.435 0.51232
10000000 1.435 0.360453
10000000 1.435 0.522305
10000000 1.435 0.536564
10000000 1.435 0.446761
10000000 1.435 0.464216
10000000 1.435 0.560014
10000000 1.435 0.559937
10000000 1.435 0.53917
10000000 1.435 0.478376
10000000 1.435 0.19231
10000000 1.435 0.568637
10000000 1.435 0.321177
10000000 1.435 0.408624
10000000 1.435 0.376135
10000000 1.435 0.593078
10000000 1.435 0.444104
10000000 1.435 0.524618
10000000 1.435 0.262235
10000000 1.435 0.539687
10000000 1.435 0.284164
10000000 1.435 0.262262
10000000 1.435 0.365853
10000000 1.435 0.493713
10000000 1.435 0.382507
10000000 1.435 0.567054
10000000 1.435 0.565405
10000000 1.435 0.49017
10000000 1.435 0.412525
10000000 1.435 0.189479
10000000 1.435 0.560402
10000000 1.435 0.588976
10000000 1.435 0.326273
10000000 1.435 0.269816
10000000 1.435 0.32118
10000000 1.435 0.560084
10000000 1.435 0.535098
10000000 1.435 0.519251
10000000 1.435 0.496146
10000000 1.435 0.39816
10000000 1.435 0.376858
10000000 1.435 0.477123
10000000 1.435 0.565944
10000000 1.435 0.379333
10000000 1.435 0.471982
10000000 1.435 0.384077
10000000 1.435 0.513751
10000000 1.435 0.469083
10000000 1.435 0.112157
10000000 1.435 0.497617
10000000 1.435 0.541691
10000000 1.435 0.336037
10000000 1.435 0.526006
10000000 1.435 0.430557
10000000 1.435 0.262864
10000000 1.435 0.580469
10000000 1.435 0.480994
10000000 1.435 0.250581
10000000 1.435 0.438544
10000000 1.435 0.38211
10000000 1.435 0.601905
10000000 1.435 0.452914
10000000 1.435 0.209065
10000000 1.435 0.252645
10000000 1.435 0.47161
10000000 1.435 0.532652
10000000 1.435 0.376334
10000000 1.435 0.480899
10000000 1.435 0.567107
10000000 1.435 0.521564
10000000 1.435 0.3323
10000000 1.435 0.3275
10000000 1.435 0.527055
10000000 1.435 0.537459
10000000 1.435 0.497836
10000000 1.435 0.144343
10000000 1.435 0.295392
10000000 1.435 0.542706
10000000 1.435 0.536128
10000000 1.435 0.559822
10000000 1.435 0.449316
10000000 1.435 0.395017
10000000 1.435 0.508034
10000000 1.435 0.594017
10000000 1.435 0.52366
10000000 1.435 0.252103
10000000 1.435 0.497274
10000000 1.435 0.418404
10000000 1.435 0.512603
10000000 1.435 0.512521
10000000 1.435 0.510934
10000000 1.435 0.416826
10000000 1.435 0.549016
10000000 1.435 0.369892
10000000 1.435 0.511932
10000000 1.435 0.460324
10000000 1.435 0.505626
10000000 1.435 0.576167
10000000 1.435 0.365005
10000000 1.435 0.207181
10000000 1.435 0.48189
10000000 1.435 0.519143
10000000 1.435 0.440566
10000000 1.435 0.51422
10000000 1.435 0.475407
10000000 1.435 0.596134
10000000 1.435 0.500974
10000000 1.435 0.503232
10000000 1.435 0.292541
10000000 1.435 0.576666
10000000 1.435 0.460093
10000000 1.435 0.528728
10000000 1.435 0.570286
10000000 1.435 0.331363
10000000 1.435 0.525634
10000000 1.435 0.190497
10000000 1.435 0.499226
10000000 1.435 0.241265
10000000 1.435 0.310513
10000000 1.435 0.356033
10000000 1.435 0.465739
10000000 1.435 0.39146
10000000 1.435 0.196342
10000000 1.435 0.355328
10000000 1.435 0.553651
10000000 1.435 0.479292
10000000 1.435 0.406943
10000000 1.435 0.44402
10000000 1.435 0.492835
10000000 1.435 0.473197
10000000 1.435 0.378436
10000000 1.435 0.472675
10000000 1.435 0.235849
10000000 1.435 0.411836
10000000 1.435 0.384511
10000000 1.435 0.151236
10000000 1.435 0.586859
10000000 1.435 0.494606
10000000 1.435 0.553739
10000000 1.435 0.516939
10000000 1.435 0.430141
10000000 1.435 0.544155
10000000 1.435 0.498172
10000000 1.435 0.520279
10000000 1.435 0.205858
10000000 1.435 0.326155
10000000 1.435 0.232121
10000000 1.435 0.613007
10000000 1.435 0.411285
10000000 1.435 0.303443
10000000 1.435 0.519262
10000000 1.435 0.326817
10000000 1.435 0.411195
10000000 1.435 0.530918
10000000 1.435 0.386443
10000000 1.435 0.485177
10000000 1.435 0.476325
10000000 1.435 0.519424
10000000 1.435 0.543174
10000000 1.435 0.533412
10000000 1.435 0.52591
10000000 1.435 0.512235
10000000 1.435 0.58495
10000000 1.435 0.526995
10000000 1.435 0.349326
10000000 1.435 0.510403
10000000 1.435 0.550863
10000000 1.435 0.440181
10000000 1.435 0.449987
10000000 1.435 0.419576
10000000 1.435 0.293768
10000000 1.435 0.479104
10000000 1.435 0.494086
10000000 1.435 0.341586
10000000 1.435 0.451529
10000000 1.435 0.49731
10000000 1.435 0.555962
10000000 1.435 0.484993
10000000 1.435 0.496119
10000000 1.435 0.430893
10000000 1.435 0.39488
10000000 1.435 0.439234
10000000 1.435 0.401323
10000000 1.435 0.594454
10000000 1.435 0.520072
10000000 1.435 0.569255
10000000 1.435 0.49879
10000000 1.435 0.46251
10000000 1.435 0.526703
10000000 1.435 0.521604
10000000 1.435 0.177499
10000000 1.435 0.250065
10000000 1.435 0.316376
10000000 1.435 0.542485
10000000 1.435 0.581238
10000000 1.435 0.456438
10000000 1.435 0.521154
10000000 1.435 0.535791
10000000 1.435 0.44718
10000000 1.435 0.21874
10000000 1.435 0.186362
10000000 1.435 0.223358
10000000 1.435 0.52763
10000000 1.435 0.506514
10000000 1.435 0.311112
10000000 1.435 0.327354
10000000 1.435 0.511893
10000000 1.435 0.444744
10000000 1.435 0.469872
10000000 1.435 0.26765
10000000 1.435 0.526592
10000000 1.435 0.550586
10000000 1.435 0.476867
10000000 1.435 0.461062
10000000 1.435 0.414057
10000000 1.435 0.185609
10000000 1.435 0.385968
10000000 1.435 0.489261
10000000 1.435 0.558024
10000000 1.435 0.409453
10000000 1.435 0.382763
10000000 1.435 0.416954
10000000 1.435 0.547434
10000000 1.435 0.455557
10000000 1.435 0.56101
10000000 1.435 0.235196
10000000 1.435 0.184259
10000000 1.435 0.306176
10000000 1.435 0.452414
10000000 1.435 0.479028
10000000 1.435 0.327506
10000000 1.435 0.53477
10000000 1.435 0.50367
10000000 1.435 0.54448
10000000 1.435 0.295116
10000000 1.435 0.273451
10000000 1.435 0.402112
10000000 1.435 0.4979
10000000 1.435 0.534345
10000000 1.435 0.453458
10000000 1.435 0.44995
10000000 1.435 0.373323
10000000 1.435 0.319205
10000000 1.435 0.535259
10000000 1.435 0.556014
