10000000000 1.435 0.050558
10000000000 1.435 0.0394073
10000000000 1.435 0.0479365
10000000000 1.435 0.0508354
10000000000 1.435 0.0376821
10000000000 1.435 0.0376105
10000000000 1.435 0.0328809
10000000000 1.435 0.0407945
10000000000 1.435 0.0755098
10000000000 1.435 0.0338918
10000000000 1.435 0.0439603
10000000000 1.435 0.0251333
10000000000 1.435 0.0315005
10000000000 1.435 0.0267235
10000000000 1.435 0.035566
10000000000 1.435 0.0576468
10000000000 1.435 0.0563356
10000000000 1.435 0.0207104
10000000000 1.435 0.0256316
10000000000 1.435 0.0391435
10000000000 1.435 0.0244032
10000000000 1.435 0.0287316
10000000000 1.435 0.0272929
10000000000 1.435 0.0321853
10000000000 1.435 0.0303473
10000000000 1.435 0.0255481
10000000000 1.435 0.0313451
10000000000 1.435 0.0306259
10000000000 1.435 0.0530364
10000000000 1.435 0.0385519
10000000000 1.435 0.0247054
10000000000 1.435 0.0343226
10000000000 1.435 0.0352164
10000000000 1.435 0.0222418
10000000000 1.435 0.0375733
10000000000 1.435 0.0431768
10000000000 1.435 0.0233205
10000000000 1.435 0.0468899
10000000000 1.435 0.0366621
10000000000 1.435 0.0213767
10000000000 1.435 0.0239713
10000000000 1.435 0.0360326
10000000000 1.435 0.024801
10000000000 1.435 0.0257866
10000000000 1.435 0.0325241
10000000000 1.435 0.0281525
10000000000 1.435 0.0209057
10000000000 1.435 0.0586401
10000000000 1.435 0.0221924
10000000000 1.435 0.0246323
10000000000 1.435 0.0604769
10000000000 1.435 0.025465
10000000000 1.435 0.0484254
10000000000 1.435 0.0228504
10000000000 1.435 0.0294098
10000000000 1.435 0.0182024
10000000000 1.435 0.0313322
10000000000 1.435 0.0437963
10000000000 1.435 0.0221451
10000000000 1.435 0.0415806
10000000000 1.435 0.0293016
10000000000 1.435 0.0348729
10000000000 1.435 0.0493917
10000000000 1.435 0.0208288
10000000000 1.435 0.0360072
10000000000 1.435 0.0321121
10000000000 1.435 0.048654
10000000000 1.435 0.0254209
10000000000 1.435 0.0230499
10000000000 1.435 0.0510916
10000000000 1.435 0.0551768
10000000000 1.435 0.0194649
10000000000 1.435 0.0150839
10000000000 1.435 0.0189974
10000000000 1.435 0.0753929
10000000000 1.435 0.0291769
10000000000 1.435 0.0349895
10000000000 1.435 0.0365034
10000000000 1.435 0.0195574
10000000000 1.435 0.0333289
10000000000 1.435 0.0250242
10000000000 1.435 0.0340531
10000000000 1.435 0.032217
10000000000 1.435 0.0708873
10000000000 1.435 0.0272193
10000000000 1.435 0.0616167
10000000000 1.435 0.0412734
10000000000 1.435 0.0333517
10000000000 1.435 0.0220443
10000000000 1.435 0.0850426
10000000000 1.435 0.0486098
10000000000 1.435 0.0536924
10000000000 1.435 0.0341717
10000000000 1.435 0.0293484
10000000000 1.435 0.0369639
10000000000 1.435 0.0410894
10000000000 1.435 0.0531621
10000000000 1.435 0.0297547
10000000000 1.435 0.0376656
10000000000 1.435 0.0306406
