100000000 1.435 0.123944
100000000 1.435 0.307597
100000000 1.435 0.292923
100000000 1.435 0.337548
100000000 1.435 0.347536
100000000 1.435 0.471087
100000000 1.435 0.367779
100000000 1.435 0.435681
100000000 1.435 0.464285
100000000 1.435 0.273062
100000000 1.435 0.145478
100000000 1.435 0.405441
100000000 1.435 0.301345
100000000 1.435 0.328441
100000000 1.435 0.27158
100000000 1.435 0.312824
100000000 1.435 0.346408
100000000 1.435 0.332679
100000000 1.435 0.264532
100000000 1.435 0.183036
100000000 1.435 0.339335
100000000 1.435 0.160985
100000000 1.435 0.17082
100000000 1.435 0.223218
100000000 1.435 0.507038
100000000 1.435 0.391543
100000000 1.435 0.209964
100000000 1.435 0.298488
100000000 1.435 0.308228
100000000 1.435 0.231774
100000000 1.435 0.46546
100000000 1.435 0.257778
100000000 1.435 0.222312
100000000 1.435 0.246194
100000000 1.435 0.416643
100000000 1.435 0.372941
100000000 1.435 0.303773
100000000 1.435 0.27846
100000000 1.435 0.344265
100000000 1.435 0.20339
100000000 1.435 0.341748
100000000 1.435 0.232453
100000000 1.435 0.382664
100000000 1.435 0.190215
100000000 1.435 0.288979
100000000 1.435 0.387271
100000000 1.435 0.211427
100000000 1.435 0.441788
100000000 1.435 0.419279
100000000 1.435 0.196896
100000000 1.435 0.399017
100000000 1.435 0.469572
100000000 1.435 0.457312
100000000 1.435 0.249033
100000000 1.435 0.183109
100000000 1.435 0.449956
100000000 1.435 0.365653
100000000 1.435 0.177078
100000000 1.435 0.44494
100000000 1.435 0.468341
100000000 1.435 0.372379
100000000 1.435 0.179853
100000000 1.435 0.127493
100000000 1.435 0.242159
100000000 1.435 0.411019
100000000 1.435 0.489368
100000000 1.435 0.330261
100000000 1.435 0.456339
100000000 1.435 0.147208
100000000 1.435 0.153567
100000000 1.435 0.429018
100000000 1.435 0.393608
100000000 1.435 0.234301
100000000 1.435 0.448952
100000000 1.435 0.305885
100000000 1.435 0.299064
100000000 1.435 0.364146
100000000 1.435 0.418479
100000000 1.435 0.297918
100000000 1.435 0.288543
100000000 1.435 0.18093
100000000 1.435 0.438164
100000000 1.435 0.198953
100000000 1.435 0.37276
100000000 1.435 0.266068
100000000 1.435 0.194551
100000000 1.435 0.23466
100000000 1.435 0.387699
100000000 1.435 0.41719
100000000 1.435 0.408595
100000000 1.435 0.178584
100000000 1.435 0.177841
100000000 1.435 0.353711
100000000 1.435 0.326602
100000000 1.435 0.435843
100000000 1.435 0.443384
100000000 1.435 0.416074
100000000 1.435 0.314765
100000000 1.435 0.206909
100000000 1.435 0.220247
