1000000000 1.435 0.277736
1000000000 1.435 0.129755
1000000000 1.435 0.122758
1000000000 1.435 0.250798
1000000000 1.435 0.109777
1000000000 1.435 0.293263
1000000000 1.435 0.0959364
1000000000 1.435 0.12592
1000000000 1.435 0.0929251
1000000000 1.435 0.0723285
1000000000 1.435 0.149593
1000000000 1.435 0.100792
1000000000 1.435 0.295923
1000000000 1.435 0.280515
1000000000 1.435 0.122426
1000000000 1.435 0.0992618
1000000000 1.435 0.33216
1000000000 1.435 0.185363
1000000000 1.435 0.179579
1000000000 1.435 0.249185
1000000000 1.435 0.0884419
1000000000 1.435 0.0668985
1000000000 1.435 0.133781
1000000000 1.435 0.0761519
1000000000 1.435 0.101281
1000000000 1.435 0.255159
1000000000 1.435 0.190914
1000000000 1.435 0.0914407
1000000000 1.435 0.162451
1000000000 1.435 0.126632
1000000000 1.435 0.1429
1000000000 1.435 0.0570555
1000000000 1.435 0.113611
1000000000 1.435 0.198749
1000000000 1.435 0.250691
1000000000 1.435 0.164415
1000000000 1.435 0.0842734
1000000000 1.435 0.0877794
1000000000 1.435 0.0825053
1000000000 1.435 0.148357
1000000000 1.435 0.159943
1000000000 1.435 0.257072
1000000000 1.435 0.132173
1000000000 1.435 0.100215
1000000000 1.435 0.256055
1000000000 1.435 0.177291
1000000000 1.435 0.247355
1000000000 1.435 0.187801
1000000000 1.435 0.157978
1000000000 1.435 0.0374993
1000000000 1.435 0.0954619
1000000000 1.435 0.146889
1000000000 1.435 0.214936
1000000000 1.435 0.135119
1000000000 1.435 0.149555
1000000000 1.435 0.101853
1000000000 1.435 0.160821
1000000000 1.435 0.092574
1000000000 1.435 0.12777
1000000000 1.435 0.30039
1000000000 1.435 0.121345
1000000000 1.435 0.224149
1000000000 1.435 0.129897
1000000000 1.435 0.159544
1000000000 1.435 0.0716646
1000000000 1.435 0.153014
1000000000 1.435 0.131545
1000000000 1.435 0.0610558
1000000000 1.435 0.240011
1000000000 1.435 0.0536803
1000000000 1.435 0.262656
1000000000 1.435 0.167463
1000000000 1.435 0.203556
1000000000 1.435 0.319254
1000000000 1.435 0.287146
1000000000 1.435 0.107495
1000000000 1.435 0.121754
1000000000 1.435 0.20016
1000000000 1.435 0.0912298
1000000000 1.435 0.186619
1000000000 1.435 0.137598
1000000000 1.435 0.161992
1000000000 1.435 0.189125
1000000000 1.435 0.143043
1000000000 1.435 0.0855046
1000000000 1.435 0.106111
1000000000 1.435 0.0994896
1000000000 1.435 0.126137
1000000000 1.435 0.237909
1000000000 1.435 0.113185
1000000000 1.435 0.0768919
1000000000 1.435 0.182046
1000000000 1.435 0.0771884
1000000000 1.435 0.100291
1000000000 1.435 0.197708
1000000000 1.435 0.172009
1000000000 1.435 0.0886278
1000000000 1.435 0.0775117
1000000000 1.435 0.139282
1000000000 1.435 0.0747809
