10000 1.435 0.6314
10000 1.435 0.7702
10000 1.435 0.5426
10000 1.435 0.7654
10000 1.435 0.724
10000 1.435 0.694
10000 1.435 0.7953
10000 1.435 0.7997
10000 1.435 0.8692
10000 1.435 0.7903
10000 1.435 0.8375
10000 1.435 0.7441
10000 1.435 0.7096
10000 1.435 0.6246
10000 1.435 0.7103
10000 1.435 0.3864
10000 1.435 0.5848
10000 1.435 0.8001
10000 1.435 0.846
10000 1.435 0.673
10000 1.435 0.7716
10000 1.435 0.7938
10000 1.435 0.6815
10000 1.435 0.6863
10000 1.435 0.523
10000 1.435 0.7657
10000 1.435 0.7894
10000 1.435 0.834
10000 1.435 0.815
10000 1.435 0.7493
10000 1.435 0.6727
10000 1.435 0.605
10000 1.435 0.6004
10000 1.435 0.8434
10000 1.435 0.6642
10000 1.435 0.7689
10000 1.435 0.7719
10000 1.435 0.8231
10000 1.435 0.427
10000 1.435 0.2666
10000 1.435 0.8497
10000 1.435 0.6679
10000 1.435 0.439
10000 1.435 0.564
10000 1.435 0.7104
10000 1.435 0.7819
10000 1.435 0.766
10000 1.435 0.5587
10000 1.435 0.7905
10000 1.435 0.6961
10000 1.435 0.7386
10000 1.435 0.6431
10000 1.435 0.7106
10000 1.435 0.6475
10000 1.435 0.5242
10000 1.435 0.7749
10000 1.435 0.7343
10000 1.435 0.7844
10000 1.435 0.8156
10000 1.435 0.7657
10000 1.435 0.7802
10000 1.435 0.7528
10000 1.435 0.714
10000 1.435 0.5391
10000 1.435 0.7052
10000 1.435 0.6896
10000 1.435 0.8256
10000 1.435 0.5287
10000 1.435 0.4684
10000 1.435 0.5584
10000 1.435 0.7496
10000 1.435 0.6891
10000 1.435 0.8603
10000 1.435 0.7982
10000 1.435 0.8533
10000 1.435 0.8028
10000 1.435 0.8045
10000 1.435 0.7637
10000 1.435 0.4489
10000 1.435 0.8687
10000 1.435 0.6672
10000 1.435 0.5847
10000 1.435 0.7394
10000 1.435 0.5381
10000 1.435 0.2971
10000 1.435 0.6932
10000 1.435 0.7902
10000 1.435 0.7421
10000 1.435 0.8435
10000 1.435 0.6831
10000 1.435 0.8273
10000 1.435 0.7998
10000 1.435 0.6349
10000 1.435 0.7593
10000 1.435 0.477
10000 1.435 0.7567
10000 1.435 0.8306
10000 1.435 0.7935
10000 1.435 0.7063
10000 1.435 0.7477
10000 1.435 0.663
10000 1.435 0.8848
10000 1.435 0.7049
10000 1.435 0.7228
10000 1.435 0.7289
10000 1.435 0.7632
10000 1.435 0.7279
10000 1.435 0.5224
10000 1.435 0.7213
10000 1.435 0.263
10000 1.435 0.7682
10000 1.435 0.6342
10000 1.435 0.7873
10000 1.435 0.3463
10000 1.435 0.7144
10000 1.435 0.5869
10000 1.435 0.7549
10000 1.435 0.3696
10000 1.435 0.8038
10000 1.435 0.7224
10000 1.435 0.6846
10000 1.435 0.8335
10000 1.435 0.7556
10000 1.435 0.6225
10000 1.435 0.8531
10000 1.435 0.768
10000 1.435 0.4457
10000 1.435 0.6787
10000 1.435 0.8337
10000 1.435 0.7645
10000 1.435 0.3484
10000 1.435 0.7894
10000 1.435 0.8022
10000 1.435 0.3599
10000 1.435 0.7351
10000 1.435 0.7924
10000 1.435 0.7361
10000 1.435 0.7553
10000 1.435 0.7309
10000 1.435 0.795
10000 1.435 0.786
10000 1.435 0.8506
10000 1.435 0.7202
10000 1.435 0.6494
10000 1.435 0.7091
10000 1.435 0.7328
10000 1.435 0.6562
10000 1.435 0.7897
10000 1.435 0.8433
10000 1.435 0.6824
10000 1.435 0.7868
10000 1.435 0.7485
10000 1.435 0.8132
10000 1.435 0.7741
10000 1.435 0.4949
10000 1.435 0.7647
10000 1.435 0.561
10000 1.435 0.589
10000 1.435 0.7598
10000 1.435 0.4523
10000 1.435 0.7459
10000 1.435 0.8092
10000 1.435 0.6671
10000 1.435 0.563
10000 1.435 0.7169
10000 1.435 0.7985
10000 1.435 0.6593
10000 1.435 0.6238
10000 1.435 0.8541
10000 1.435 0.6839
10000 1.435 0.7339
10000 1.435 0.7038
10000 1.435 0.7949
10000 1.435 0.5554
10000 1.435 0.7457
10000 1.435 0.8203
10000 1.435 0.7257
10000 1.435 0.7362
10000 1.435 0.6417
10000 1.435 0.8107
10000 1.435 0.6455
10000 1.435 0.5115
10000 1.435 0.638
10000 1.435 0.2504
10000 1.435 0.823
10000 1.435 0.7008
10000 1.435 0.7855
10000 1.435 0.8482
10000 1.435 0.4122
10000 1.435 0.7801
10000 1.435 0.8576
10000 1.435 0.5761
10000 1.435 0.5766
10000 1.435 0.738
10000 1.435 0.7691
10000 1.435 0.7345
10000 1.435 0.488
10000 1.435 0.627
10000 1.435 0.5983
10000 1.435 0.7906
10000 1.435 0.7783
10000 1.435 0.7321
10000 1.435 0.7699
10000 1.435 0.4606
10000 1.435 0.8028
10000 1.435 0.5412
10000 1.435 0.7294
10000 1.435 0.7396
10000 1.435 0.8157
10000 1.435 0.6463
10000 1.435 0.8142
10000 1.435 0.6239
10000 1.435 0.8168
10000 1.435 0.5461
10000 1.435 0.8789
10000 1.435 0.7973
10000 1.435 0.7499
10000 1.435 0.8085
10000 1.435 0.5666
10000 1.435 0.7319
10000 1.435 0.7107
10000 1.435 0.7724
10000 1.435 0.844
10000 1.435 0.5345
10000 1.435 0.8365
10000 1.435 0.7226
10000 1.435 0.6593
10000 1.435 0.8034
10000 1.435 0.7968
10000 1.435 0.6781
10000 1.435 0.7975
10000 1.435 0.4221
10000 1.435 0.6577
10000 1.435 0.8078
10000 1.435 0.6517
10000 1.435 0.7716
10000 1.435 0.3854
10000 1.435 0.8417
10000 1.435 0.4136
10000 1.435 0.785
10000 1.435 0.7987
10000 1.435 0.7802
10000 1.435 0.6046
10000 1.435 0.6152
10000 1.435 0.5372
10000 1.435 0.6417
10000 1.435 0.7389
10000 1.435 0.6701
10000 1.435 0.6772
10000 1.435 0.7093
10000 1.435 0.7878
10000 1.435 0.733
10000 1.435 0.7659
10000 1.435 0.3287
10000 1.435 0.8053
10000 1.435 0.8127
10000 1.435 0.7656
10000 1.435 0.8108
10000 1.435 0.7489
10000 1.435 0.8036
10000 1.435 0.853
10000 1.435 0.7329
10000 1.435 0.7528
10000 1.435 0.6988
10000 1.435 0.7092
10000 1.435 0.8249
10000 1.435 0.6841
10000 1.435 0.6981
10000 1.435 0.7761
10000 1.435 0.7229
10000 1.435 0.8515
10000 1.435 0.8152
10000 1.435 0.7568
10000 1.435 0.805
10000 1.435 0.6426
10000 1.435 0.6571
10000 1.435 0.7032
10000 1.435 0.5853
10000 1.435 0.8027
10000 1.435 0.8361
10000 1.435 0.757
10000 1.435 0.6966
10000 1.435 0.8583
10000 1.435 0.4376
10000 1.435 0.7164
10000 1.435 0.8599
10000 1.435 0.8393
10000 1.435 0.4365
10000 1.435 0.7465
10000 1.435 0.7303
10000 1.435 0.7886
10000 1.435 0.6935
10000 1.435 0.3924
10000 1.435 0.6611
10000 1.435 0.5702
10000 1.435 0.7385
10000 1.435 0.4599
10000 1.435 0.7357
10000 1.435 0.8133
10000 1.435 0.5817
10000 1.435 0.7105
10000 1.435 0.7647
10000 1.435 0.7245
10000 1.435 0.5079
10000 1.435 0.7975
10000 1.435 0.3773
10000 1.435 0.77
10000 1.435 0.6449
10000 1.435 0.754
10000 1.435 0.7376
10000 1.435 0.7677
10000 1.435 0.8467
10000 1.435 0.7018
10000 1.435 0.8476
10000 1.435 0.8133
10000 1.435 0.474
10000 1.435 0.6915
10000 1.435 0.6762
10000 1.435 0.788
10000 1.435 0.6908
10000 1.435 0.7002
10000 1.435 0.5638
10000 1.435 0.3453
10000 1.435 0.8141
10000 1.435 0.8478
10000 1.435 0.587
10000 1.435 0.823
10000 1.435 0.6483
10000 1.435 0.6049
10000 1.435 0.8216
10000 1.435 0.7203
10000 1.435 0.691
10000 1.435 0.8311
10000 1.435 0.5103
10000 1.435 0.5505
10000 1.435 0.6735
10000 1.435 0.7471
10000 1.435 0.649
10000 1.435 0.8171
10000 1.435 0.8309
10000 1.435 0.795
10000 1.435 0.7649
10000 1.435 0.7634
10000 1.435 0.8388
10000 1.435 0.6811
10000 1.435 0.4706
10000 1.435 0.7095
10000 1.435 0.6429
10000 1.435 0.7552
10000 1.435 0.516
10000 1.435 0.6702
10000 1.435 0.7036
10000 1.435 0.4337
10000 1.435 0.6106
10000 1.435 0.8051
10000 1.435 0.4908
10000 1.435 0.7587
10000 1.435 0.5181
10000 1.435 0.2703
10000 1.435 0.8391
10000 1.435 0.612
10000 1.435 0.707
10000 1.435 0.8008
10000 1.435 0.6471
10000 1.435 0.7719
10000 1.435 0.3785
10000 1.435 0.6735
10000 1.435 0.4833
10000 1.435 0.7804
10000 1.435 0.7588
10000 1.435 0.575
10000 1.435 0.7642
10000 1.435 0.7265
10000 1.435 0.5237
10000 1.435 0.8057
10000 1.435 0.7634
10000 1.435 0.6056
10000 1.435 0.344
10000 1.435 0.826
10000 1.435 0.7557
10000 1.435 0.6907
10000 1.435 0.57
10000 1.435 0.7572
10000 1.435 0.6682
10000 1.435 0.7122
10000 1.435 0.7257
10000 1.435 0.7523
10000 1.435 0.7224
10000 1.435 0.6028
10000 1.435 0.7913
10000 1.435 0.733
10000 1.435 0.809
10000 1.435 0.7021
10000 1.435 0.6803
10000 1.435 0.7745
10000 1.435 0.7384
10000 1.435 0.8143
10000 1.435 0.8254
10000 1.435 0.5799
10000 1.435 0.8006
10000 1.435 0.6364
10000 1.435 0.7859
10000 1.435 0.7266
10000 1.435 0.7581
10000 1.435 0.8221
10000 1.435 0.7196
10000 1.435 0.735
10000 1.435 0.8213
10000 1.435 0.7113
10000 1.435 0.3989
10000 1.435 0.6487
10000 1.435 0.8187
10000 1.435 0.7162
10000 1.435 0.7936
10000 1.435 0.8014
10000 1.435 0.7771
10000 1.435 0.7287
10000 1.435 0.7755
10000 1.435 0.7383
10000 1.435 0.8507
10000 1.435 0.7132
10000 1.435 0.8408
10000 1.435 0.8114
10000 1.435 0.5533
10000 1.435 0.675
10000 1.435 0.8223
10000 1.435 0.8738
10000 1.435 0.6846
10000 1.435 0.8159
10000 1.435 0.632
10000 1.435 0.6089
10000 1.435 0.8459
10000 1.435 0.4117
10000 1.435 0.6181
10000 1.435 0.615
10000 1.435 0.8113
10000 1.435 0.8471
10000 1.435 0.7615
10000 1.435 0.8618
10000 1.435 0.6766
10000 1.435 0.7565
10000 1.435 0.8214
10000 1.435 0.7546
10000 1.435 0.7328
10000 1.435 0.7994
10000 1.435 0.625
10000 1.435 0.6761
10000 1.435 0.7401
10000 1.435 0.6108
10000 1.435 0.7489
10000 1.435 0.8667
10000 1.435 0.7794
10000 1.435 0.7549
10000 1.435 0.7066
10000 1.435 0.7034
10000 1.435 0.7876
10000 1.435 0.8425
10000 1.435 0.7926
10000 1.435 0.6612
10000 1.435 0.6973
10000 1.435 0.2065
10000 1.435 0.7749
10000 1.435 0.75
10000 1.435 0.6058
10000 1.435 0.7548
10000 1.435 0.5686
10000 1.435 0.752
10000 1.435 0.8728
10000 1.435 0.8211
10000 1.435 0.8074
10000 1.435 0.7813
10000 1.435 0.7005
10000 1.435 0.7213
10000 1.435 0.7245
10000 1.435 0.661
10000 1.435 0.7617
10000 1.435 0.8291
10000 1.435 0.8385
10000 1.435 0.823
10000 1.435 0.7522
10000 1.435 0.743
10000 1.435 0.7427
10000 1.435 0.7327
10000 1.435 0.8952
10000 1.435 0.7784
10000 1.435 0.2526
10000 1.435 0.3224
10000 1.435 0.6316
10000 1.435 0.8227
10000 1.435 0.7698
10000 1.435 0.7923
10000 1.435 0.7616
10000 1.435 0.8244
10000 1.435 0.8355
10000 1.435 0.7552
10000 1.435 0.8258
10000 1.435 0.6885
10000 1.435 0.6103
10000 1.435 0.5698
10000 1.435 0.5996
10000 1.435 0.24
10000 1.435 0.8336
10000 1.435 0.8126
10000 1.435 0.8
10000 1.435 0.7623
10000 1.435 0.7697
10000 1.435 0.5405
10000 1.435 0.7392
10000 1.435 0.7496
10000 1.435 0.7826
10000 1.435 0.5343
10000 1.435 0.7907
10000 1.435 0.7573
10000 1.435 0.8015
10000 1.435 0.7729
10000 1.435 0.7197
10000 1.435 0.7468
10000 1.435 0.6379
10000 1.435 0.7022
10000 1.435 0.7677
10000 1.435 0.3258
10000 1.435 0.6596
10000 1.435 0.7306
10000 1.435 0.866
10000 1.435 0.6367
10000 1.435 0.7528
10000 1.435 0.7092
10000 1.435 0.8217
10000 1.435 0.5208
10000 1.435 0.7231
10000 1.435 0.8552
10000 1.435 0.5993
10000 1.435 0.7748
10000 1.435 0.7947
10000 1.435 0.8422
10000 1.435 0.625
10000 1.435 0.7584
10000 1.435 0.7208
10000 1.435 0.6585
10000 1.435 0.8317
10000 1.435 0.7932
10000 1.435 0.7458
10000 1.435 0.686
10000 1.435 0.4909
10000 1.435 0.5682
10000 1.435 0.5303
10000 1.435 0.6654
10000 1.435 0.8592
10000 1.435 0.7049
10000 1.435 0.7915
10000 1.435 0.7866
10000 1.435 0.8495
10000 1.435 0.7629
10000 1.435 0.7415
10000 1.435 0.7723
10000 1.435 0.6475
10000 1.435 0.6938
10000 1.435 0.51
10000 1.435 0.7259
10000 1.435 0.4734
10000 1.435 0.8874
10000 1.435 0.7895
10000 1.435 0.7986
10000 1.435 0.6669
10000 1.435 0.6242
10000 1.435 0.6041
10000 1.435 0.4326
10000 1.435 0.8124
10000 1.435 0.699
10000 1.435 0.7389
10000 1.435 0.7441
10000 1.435 0.7768
10000 1.435 0.7244
10000 1.435 0.7301
10000 1.435 0.6513
10000 1.435 0.7346
10000 1.435 0.5005
10000 1.435 0.664
10000 1.435 0.3978
10000 1.435 0.7903
10000 1.435 0.7935
10000 1.435 0.5681
10000 1.435 0.5961
10000 1.435 0.6262
10000 1.435 0.8059
10000 1.435 0.6974
10000 1.435 0.4
10000 1.435 0.8527
10000 1.435 0.6878
10000 1.435 0.8821
10000 1.435 0.7496
10000 1.435 0.7517
10000 1.435 0.7323
10000 1.435 0.7297
10000 1.435 0.5858
10000 1.435 0.5319
10000 1.435 0.7822
10000 1.435 0.6293
10000 1.435 0.7867
10000 1.435 0.5763
10000 1.435 0.4646
10000 1.435 0.7424
10000 1.435 0.7767
10000 1.435 0.7096
10000 1.435 0.5681
10000 1.435 0.6419
10000 1.435 0.5152
10000 1.435 0.7254
10000 1.435 0.7283
10000 1.435 0.4383
10000 1.435 0.311
10000 1.435 0.7334
10000 1.435 0.2124
10000 1.435 0.8038
10000 1.435 0.4494
10000 1.435 0.7491
10000 1.435 0.5476
10000 1.435 0.796
10000 1.435 0.6523
10000 1.435 0.878
10000 1.435 0.5609
10000 1.435 0.7996
10000 1.435 0.7944
10000 1.435 0.6745
10000 1.435 0.7387
10000 1.435 0.4598
10000 1.435 0.7312
10000 1.435 0.3952
10000 1.435 0.8199
10000 1.435 0.3823
10000 1.435 0.4905
10000 1.435 0.7007
10000 1.435 0.7932
10000 1.435 0.8306
10000 1.435 0.8612
10000 1.435 0.5006
10000 1.435 0.7882
10000 1.435 0.5744
10000 1.435 0.6656
10000 1.435 0.7161
10000 1.435 0.755
10000 1.435 0.8071
10000 1.435 0.4618
10000 1.435 0.7088
10000 1.435 0.6117
10000 1.435 0.7938
10000 1.435 0.7037
10000 1.435 0.8008
10000 1.435 0.652
10000 1.435 0.7167
10000 1.435 0.7366
10000 1.435 0.7368
10000 1.435 0.704
10000 1.435 0.7961
10000 1.435 0.8001
10000 1.435 0.5744
10000 1.435 0.3174
10000 1.435 0.6553
10000 1.435 0.7686
10000 1.435 0.7563
10000 1.435 0.7368
10000 1.435 0.7273
10000 1.435 0.8141
10000 1.435 0.7732
10000 1.435 0.7743
10000 1.435 0.7414
10000 1.435 0.7048
10000 1.435 0.6845
10000 1.435 0.8183
10000 1.435 0.7847
10000 1.435 0.7846
10000 1.435 0.8024
10000 1.435 0.8003
10000 1.435 0.7994
10000 1.435 0.3424
10000 1.435 0.5472
10000 1.435 0.8358
10000 1.435 0.7761
10000 1.435 0.808
10000 1.435 0.3895
10000 1.435 0.5518
10000 1.435 0.511
10000 1.435 0.626
10000 1.435 0.6434
10000 1.435 0.4975
10000 1.435 0.6461
10000 1.435 0.8602
10000 1.435 0.7208
10000 1.435 0.7027
10000 1.435 0.7932
10000 1.435 0.75
10000 1.435 0.6857
10000 1.435 0.79
10000 1.435 0.7779
10000 1.435 0.7794
10000 1.435 0.7495
10000 1.435 0.4831
10000 1.435 0.8581
10000 1.435 0.4206
10000 1.435 0.7031
10000 1.435 0.8293
10000 1.435 0.4954
10000 1.435 0.2728
10000 1.435 0.597
10000 1.435 0.6986
10000 1.435 0.7165
10000 1.435 0.7956
10000 1.435 0.7728
10000 1.435 0.7418
10000 1.435 0.4068
10000 1.435 0.5704
10000 1.435 0.8705
10000 1.435 0.6834
10000 1.435 0.7869
10000 1.435 0.7682
10000 1.435 0.4576
10000 1.435 0.7446
10000 1.435 0.6456
10000 1.435 0.5786
10000 1.435 0.7342
10000 1.435 0.4502
10000 1.435 0.7704
10000 1.435 0.6323
10000 1.435 0.7256
10000 1.435 0.8034
10000 1.435 0.3667
10000 1.435 0.4444
10000 1.435 0.7487
10000 1.435 0.7999
10000 1.435 0.7153
10000 1.435 0.5901
10000 1.435 0.8135
10000 1.435 0.7505
10000 1.435 0.4843
10000 1.435 0.5822
10000 1.435 0.7169
10000 1.435 0.772
10000 1.435 0.735
10000 1.435 0.5433
10000 1.435 0.7175
10000 1.435 0.8116
10000 1.435 0.7991
10000 1.435 0.5601
10000 1.435 0.7319
10000 1.435 0.7141
10000 1.435 0.6868
10000 1.435 0.6834
10000 1.435 0.7545
10000 1.435 0.7768
10000 1.435 0.1848
10000 1.435 0.6852
10000 1.435 0.7807
10000 1.435 0.7419
10000 1.435 0.6793
10000 1.435 0.7357
10000 1.435 0.8223
10000 1.435 0.6922
10000 1.435 0.605
10000 1.435 0.666
10000 1.435 0.8456
10000 1.435 0.6284
10000 1.435 0.4937
10000 1.435 0.7129
10000 1.435 0.5743
10000 1.435 0.7161
10000 1.435 0.4555
10000 1.435 0.8396
10000 1.435 0.7517
10000 1.435 0.7384
10000 1.435 0.7205
10000 1.435 0.4875
10000 1.435 0.786
10000 1.435 0.8312
10000 1.435 0.7743
10000 1.435 0.7562
10000 1.435 0.6219
10000 1.435 0.7614
10000 1.435 0.725
10000 1.435 0.8181
10000 1.435 0.7626
10000 1.435 0.6663
10000 1.435 0.6561
10000 1.435 0.8596
10000 1.435 0.5721
10000 1.435 0.6598
10000 1.435 0.5984
10000 1.435 0.7717
10000 1.435 0.8562
10000 1.435 0.706
10000 1.435 0.6325
10000 1.435 0.8052
10000 1.435 0.7129
10000 1.435 0.7723
10000 1.435 0.4784
10000 1.435 0.6729
10000 1.435 0.7414
10000 1.435 0.6504
10000 1.435 0.8292
10000 1.435 0.3405
10000 1.435 0.8137
10000 1.435 0.825
10000 1.435 0.7121
10000 1.435 0.8338
10000 1.435 0.6315
10000 1.435 0.8227
10000 1.435 0.7559
10000 1.435 0.7739
10000 1.435 0.7584
10000 1.435 0.8646
10000 1.435 0.4474
10000 1.435 0.8277
10000 1.435 0.8379
10000 1.435 0.6675
10000 1.435 0.7689
10000 1.435 0.5674
10000 1.435 0.7866
10000 1.435 0.8332
10000 1.435 0.7435
10000 1.435 0.7636
10000 1.435 0.8139
10000 1.435 0.5407
10000 1.435 0.7991
10000 1.435 0.7909
10000 1.435 0.674
10000 1.435 0.6451
10000 1.435 0.6894
10000 1.435 0.8606
10000 1.435 0.7955
10000 1.435 0.8355
10000 1.435 0.5758
10000 1.435 0.8118
10000 1.435 0.5735
10000 1.435 0.7213
10000 1.435 0.807
10000 1.435 0.8149
10000 1.435 0.7926
10000 1.435 0.5037
10000 1.435 0.7172
10000 1.435 0.3662
10000 1.435 0.7542
10000 1.435 0.6679
10000 1.435 0.583
10000 1.435 0.7401
10000 1.435 0.7758
10000 1.435 0.4273
10000 1.435 0.6767
10000 1.435 0.7969
10000 1.435 0.6248
10000 1.435 0.4433
10000 1.435 0.6978
10000 1.435 0.8058
10000 1.435 0.6518
10000 1.435 0.7331
10000 1.435 0.6836
10000 1.435 0.7675
10000 1.435 0.784
10000 1.435 0.5647
10000 1.435 0.6793
10000 1.435 0.693
10000 1.435 0.7346
10000 1.435 0.3471
10000 1.435 0.7013
10000 1.435 0.8308
10000 1.435 0.4837
10000 1.435 0.8552
10000 1.435 0.5545
10000 1.435 0.7572
10000 1.435 0.6027
10000 1.435 0.7358
10000 1.435 0.7388
10000 1.435 0.5783
10000 1.435 0.7534
10000 1.435 0.7794
10000 1.435 0.7357
10000 1.435 0.6559
10000 1.435 0.6093
10000 1.435 0.6753
10000 1.435 0.7746
10000 1.435 0.7343
10000 1.435 0.7906
10000 1.435 0.5468
10000 1.435 0.5049
10000 1.435 0.5263
10000 1.435 0.5229
10000 1.435 0.7634
10000 1.435 0.7959
10000 1.435 0.8068
10000 1.435 0.7471
10000 1.435 0.8
10000 1.435 0.8071
10000 1.435 0.7857
10000 1.435 0.5753
10000 1.435 0.3756
10000 1.435 0.6158
10000 1.435 0.7934
10000 1.435 0.8478
10000 1.435 0.7613
10000 1.435 0.6921
10000 1.435 0.7405
10000 1.435 0.4415
10000 1.435 0.836
10000 1.435 0.555
10000 1.435 0.7397
10000 1.435 0.6544
10000 1.435 0.6098
10000 1.435 0.731
10000 1.435 0.6501
10000 1.435 0.745
10000 1.435 0.7785
10000 1.435 0.8098
10000 1.435 0.6554
10000 1.435 0.4613
10000 1.435 0.8261
10000 1.435 0.7886
10000 1.435 0.6594
10000 1.435 0.6676
10000 1.435 0.7821
10000 1.435 0.7054
10000 1.435 0.5417
10000 1.435 0.5272
10000 1.435 0.459
10000 1.435 0.6988
10000 1.435 0.7339
10000 1.435 0.8229
10000 1.435 0.7935
10000 1.435 0.8593
10000 1.435 0.4069
10000 1.435 0.7939
10000 1.435 0.6245
10000 1.435 0.659
10000 1.435 0.6731
10000 1.435 0.4949
10000 1.435 0.5459
10000 1.435 0.5916
10000 1.435 0.7966
10000 1.435 0.7829
10000 1.435 0.7881
10000 1.435 0.4624
10000 1.435 0.8371
10000 1.435 0.7013
10000 1.435 0.738
10000 1.435 0.8526
10000 1.435 0.7681
10000 1.435 0.7388
10000 1.435 0.8184
10000 1.435 0.5831
10000 1.435 0.6454
10000 1.435 0.7882
10000 1.435 0.5952
10000 1.435 0.7675
10000 1.435 0.4346
10000 1.435 0.6516
10000 1.435 0.6663
10000 1.435 0.8284
10000 1.435 0.8611
10000 1.435 0.5696
10000 1.435 0.7452
10000 1.435 0.5154
10000 1.435 0.6734
10000 1.435 0.7305
10000 1.435 0.6016
10000 1.435 0.4038
10000 1.435 0.7896
10000 1.435 0.6749
10000 1.435 0.7288
10000 1.435 0.6872
10000 1.435 0.8
10000 1.435 0.767
10000 1.435 0.1357
10000 1.435 0.6728
10000 1.435 0.7219
10000 1.435 0.4567
10000 1.435 0.8319
10000 1.435 0.6742
10000 1.435 0.7944
10000 1.435 0.7242
10000 1.435 0.5562
10000 1.435 0.6737
10000 1.435 0.797
10000 1.435 0.8608
10000 1.435 0.7783
10000 1.435 0.7844
10000 1.435 0.8109
10000 1.435 0.7547
10000 1.435 0.6919
10000 1.435 0.7966
10000 1.435 0.6942
10000 1.435 0.7868
10000 1.435 0.7741
10000 1.435 0.8071
10000 1.435 0.7491
10000 1.435 0.6328
10000 1.435 0.7624
10000 1.435 0.8124
10000 1.435 0.62
10000 1.435 0.8216
10000 1.435 0.5133
10000 1.435 0.7783
10000 1.435 0.7372
10000 1.435 0.7862
