1000 1.435 0.791
1000 1.435 0.913
1000 1.435 0.699
1000 1.435 0.841
1000 1.435 0.862
1000 1.435 0.943
1000 1.435 0.895
1000 1.435 0.592
1000 1.435 0.466
1000 1.435 0.847
1000 1.435 0.8
1000 1.435 0.585
1000 1.435 0.688
1000 1.435 0.884
1000 1.435 0.888
1000 1.435 0.703
1000 1.435 0.829
1000 1.435 0.911
1000 1.435 0.919
1000 1.435 0.911
1000 1.435 0.858
1000 1.435 0.879
1000 1.435 0.443
1000 1.435 0.797
1000 1.435 0.751
1000 1.435 0.927
1000 1.435 0.905
1000 1.435 0.916
1000 1.435 0.778
1000 1.435 0.736
1000 1.435 0.729
1000 1.435 0.854
1000 1.435 0.897
1000 1.435 0.738
1000 1.435 0.893
1000 1.435 0.946
1000 1.435 0.886
1000 1.435 0.848
1000 1.435 0.705
1000 1.435 0.684
1000 1.435 0.783
1000 1.435 0.899
1000 1.435 0.849
1000 1.435 0.877
1000 1.435 0.862
1000 1.435 0.559
1000 1.435 0.906
1000 1.435 0.853
1000 1.435 0.638
1000 1.435 0.867
1000 1.435 0.898
1000 1.435 0.732
1000 1.435 0.739
1000 1.435 0.627
1000 1.435 0.763
1000 1.435 0.871
1000 1.435 0.72
1000 1.435 0.704
1000 1.435 0.742
1000 1.435 0.842
1000 1.435 0.504
1000 1.435 0.851
1000 1.435 0.894
1000 1.435 0.83
1000 1.435 0.923
1000 1.435 0.922
1000 1.435 0.573
1000 1.435 0.81
1000 1.435 0.891
1000 1.435 0.82
1000 1.435 0.671
1000 1.435 0.668
1000 1.435 0.873
1000 1.435 0.851
1000 1.435 0.931
1000 1.435 0.875
1000 1.435 0.638
1000 1.435 0.826
1000 1.435 0.727
1000 1.435 0.742
1000 1.435 0.916
1000 1.435 0.898
1000 1.435 0.778
1000 1.435 0.842
1000 1.435 0.866
1000 1.435 0.902
1000 1.435 0.9
1000 1.435 0.808
1000 1.435 0.829
1000 1.435 0.876
1000 1.435 0.619
1000 1.435 0.84
1000 1.435 0.843
1000 1.435 0.808
1000 1.435 0.532
1000 1.435 0.914
1000 1.435 0.892
1000 1.435 0.888
1000 1.435 0.809
1000 1.435 0.95
1000 1.435 0.894
1000 1.435 0.535
1000 1.435 0.899
1000 1.435 0.6
1000 1.435 0.865
1000 1.435 0.913
1000 1.435 0.936
1000 1.435 0.554
1000 1.435 0.675
1000 1.435 0.837
1000 1.435 0.622
1000 1.435 0.591
1000 1.435 0.552
1000 1.435 0.855
1000 1.435 0.869
1000 1.435 0.399
1000 1.435 0.902
1000 1.435 0.848
1000 1.435 0.704
1000 1.435 0.825
1000 1.435 0.948
1000 1.435 0.613
1000 1.435 0.788
1000 1.435 0.751
1000 1.435 0.783
1000 1.435 0.894
1000 1.435 0.794
1000 1.435 0.836
1000 1.435 0.592
1000 1.435 0.917
1000 1.435 0.871
1000 1.435 0.692
1000 1.435 0.935
1000 1.435 0.636
1000 1.435 0.884
1000 1.435 0.628
1000 1.435 0.844
1000 1.435 0.484
1000 1.435 0.458
1000 1.435 0.802
1000 1.435 0.803
1000 1.435 0.793
1000 1.435 0.873
1000 1.435 0.919
1000 1.435 0.856
1000 1.435 0.896
1000 1.435 0.697
1000 1.435 0.756
1000 1.435 0.412
1000 1.435 0.549
1000 1.435 0.432
1000 1.435 0.894
1000 1.435 0.763
1000 1.435 0.593
1000 1.435 0.861
1000 1.435 0.706
1000 1.435 0.731
1000 1.435 0.968
1000 1.435 0.871
1000 1.435 0.814
1000 1.435 0.888
1000 1.435 0.793
1000 1.435 0.866
1000 1.435 0.675
1000 1.435 0.801
1000 1.435 0.811
1000 1.435 0.829
1000 1.435 0.512
1000 1.435 0.887
1000 1.435 0.799
1000 1.435 0.894
1000 1.435 0.845
1000 1.435 0.63
1000 1.435 0.774
1000 1.435 0.883
1000 1.435 0.851
1000 1.435 0.915
1000 1.435 0.945
1000 1.435 0.867
1000 1.435 0.463
1000 1.435 0.804
1000 1.435 0.804
1000 1.435 0.887
1000 1.435 0.892
1000 1.435 0.799
1000 1.435 0.812
1000 1.435 0.906
1000 1.435 0.783
1000 1.435 0.801
1000 1.435 0.888
1000 1.435 0.752
1000 1.435 0.693
1000 1.435 0.938
1000 1.435 0.895
1000 1.435 0.758
1000 1.435 0.858
1000 1.435 0.434
1000 1.435 0.91
1000 1.435 0.85
1000 1.435 0.805
1000 1.435 0.516
1000 1.435 0.827
1000 1.435 0.901
1000 1.435 0.949
1000 1.435 0.809
1000 1.435 0.703
1000 1.435 0.899
1000 1.435 0.839
1000 1.435 0.915
1000 1.435 0.84
1000 1.435 0.872
1000 1.435 0.769
1000 1.435 0.96
1000 1.435 0.394
1000 1.435 0.788
1000 1.435 0.869
1000 1.435 0.928
1000 1.435 0.832
1000 1.435 0.814
1000 1.435 0.845
1000 1.435 0.771
1000 1.435 0.415
1000 1.435 0.858
1000 1.435 0.878
1000 1.435 0.88
1000 1.435 0.87
1000 1.435 0.857
1000 1.435 0.705
1000 1.435 0.899
1000 1.435 0.878
1000 1.435 0.574
1000 1.435 0.849
1000 1.435 0.804
1000 1.435 0.826
1000 1.435 0.843
1000 1.435 0.927
1000 1.435 0.916
1000 1.435 0.837
1000 1.435 0.943
1000 1.435 0.932
1000 1.435 0.843
1000 1.435 0.729
1000 1.435 0.914
1000 1.435 0.881
1000 1.435 0.88
1000 1.435 0.861
1000 1.435 0.325
1000 1.435 0.899
1000 1.435 0.885
1000 1.435 0.898
1000 1.435 0.846
1000 1.435 0.33
1000 1.435 0.937
1000 1.435 0.78
1000 1.435 0.446
1000 1.435 0.786
1000 1.435 0.902
1000 1.435 0.596
1000 1.435 0.668
1000 1.435 0.875
1000 1.435 0.757
1000 1.435 0.865
1000 1.435 0.913
1000 1.435 0.881
1000 1.435 0.944
1000 1.435 0.774
1000 1.435 0.928
1000 1.435 0.872
1000 1.435 0.852
1000 1.435 0.81
1000 1.435 0.64
1000 1.435 0.907
1000 1.435 0.776
1000 1.435 0.601
1000 1.435 0.76
1000 1.435 0.917
1000 1.435 0.711
1000 1.435 0.866
1000 1.435 0.728
1000 1.435 0.91
1000 1.435 0.867
1000 1.435 0.728
1000 1.435 0.89
1000 1.435 0.646
1000 1.435 0.841
1000 1.435 0.883
1000 1.435 0.778
1000 1.435 0.895
1000 1.435 0.87
1000 1.435 0.817
1000 1.435 0.663
1000 1.435 0.682
1000 1.435 0.608
1000 1.435 0.823
1000 1.435 0.819
1000 1.435 0.678
1000 1.435 0.742
1000 1.435 0.893
1000 1.435 0.538
1000 1.435 0.677
1000 1.435 0.87
1000 1.435 0.666
1000 1.435 0.848
1000 1.435 0.786
1000 1.435 0.896
1000 1.435 0.63
1000 1.435 0.778
1000 1.435 0.662
1000 1.435 0.792
1000 1.435 0.66
1000 1.435 0.9
1000 1.435 0.843
1000 1.435 0.921
1000 1.435 0.488
1000 1.435 0.862
1000 1.435 0.682
1000 1.435 0.866
1000 1.435 0.7
1000 1.435 0.929
1000 1.435 0.875
1000 1.435 0.933
1000 1.435 0.836
1000 1.435 0.797
1000 1.435 0.794
1000 1.435 0.533
1000 1.435 0.794
1000 1.435 0.895
1000 1.435 0.748
1000 1.435 0.82
1000 1.435 0.839
1000 1.435 0.927
1000 1.435 0.791
1000 1.435 0.57
1000 1.435 0.909
1000 1.435 0.777
1000 1.435 0.576
1000 1.435 0.38
1000 1.435 0.786
1000 1.435 0.869
1000 1.435 0.753
1000 1.435 0.622
1000 1.435 0.742
1000 1.435 0.72
1000 1.435 0.812
1000 1.435 0.883
1000 1.435 0.694
1000 1.435 0.884
1000 1.435 0.481
1000 1.435 0.879
1000 1.435 0.797
1000 1.435 0.8
1000 1.435 0.427
1000 1.435 0.707
1000 1.435 0.701
1000 1.435 0.782
1000 1.435 0.952
1000 1.435 0.881
1000 1.435 0.809
1000 1.435 0.724
1000 1.435 0.876
1000 1.435 0.855
1000 1.435 0.913
1000 1.435 0.89
1000 1.435 0.934
1000 1.435 0.793
1000 1.435 0.912
1000 1.435 0.82
1000 1.435 0.904
1000 1.435 0.931
1000 1.435 0.734
1000 1.435 0.894
1000 1.435 0.812
1000 1.435 0.739
1000 1.435 0.528
1000 1.435 0.848
1000 1.435 0.752
1000 1.435 0.877
1000 1.435 0.925
1000 1.435 0.833
1000 1.435 0.912
1000 1.435 0.63
1000 1.435 0.856
1000 1.435 0.846
1000 1.435 0.842
1000 1.435 0.434
1000 1.435 0.928
1000 1.435 0.785
1000 1.435 0.898
1000 1.435 0.922
1000 1.435 0.411
1000 1.435 0.925
1000 1.435 0.924
1000 1.435 0.8
1000 1.435 0.927
1000 1.435 0.518
1000 1.435 0.605
1000 1.435 0.881
1000 1.435 0.647
1000 1.435 0.898
1000 1.435 0.862
1000 1.435 0.866
1000 1.435 0.837
1000 1.435 0.789
1000 1.435 0.745
1000 1.435 0.774
1000 1.435 0.619
1000 1.435 0.527
1000 1.435 0.853
1000 1.435 0.634
1000 1.435 0.663
1000 1.435 0.7
1000 1.435 0.928
1000 1.435 0.831
1000 1.435 0.901
1000 1.435 0.421
1000 1.435 0.903
1000 1.435 0.9
1000 1.435 0.924
1000 1.435 0.838
1000 1.435 0.781
1000 1.435 0.748
1000 1.435 0.848
1000 1.435 0.763
1000 1.435 0.854
1000 1.435 0.891
1000 1.435 0.903
1000 1.435 0.82
1000 1.435 0.81
1000 1.435 0.753
1000 1.435 0.93
1000 1.435 0.724
1000 1.435 0.685
1000 1.435 0.904
1000 1.435 0.89
1000 1.435 0.952
1000 1.435 0.789
1000 1.435 0.596
1000 1.435 0.857
1000 1.435 0.738
1000 1.435 0.854
1000 1.435 0.942
1000 1.435 0.385
1000 1.435 0.869
1000 1.435 0.939
1000 1.435 0.889
1000 1.435 0.784
1000 1.435 0.829
1000 1.435 0.902
1000 1.435 0.889
1000 1.435 0.852
1000 1.435 0.865
1000 1.435 0.813
1000 1.435 0.899
1000 1.435 0.844
1000 1.435 0.782
1000 1.435 0.916
1000 1.435 0.885
1000 1.435 0.907
1000 1.435 0.814
1000 1.435 0.657
1000 1.435 0.791
1000 1.435 0.947
1000 1.435 0.875
1000 1.435 0.77
1000 1.435 0.93
1000 1.435 0.792
1000 1.435 0.945
1000 1.435 0.906
1000 1.435 0.934
1000 1.435 0.849
1000 1.435 0.88
1000 1.435 0.677
1000 1.435 0.848
1000 1.435 0.807
1000 1.435 0.447
1000 1.435 0.758
1000 1.435 0.891
1000 1.435 0.942
1000 1.435 0.773
1000 1.435 0.811
1000 1.435 0.561
1000 1.435 0.719
1000 1.435 0.793
1000 1.435 0.579
1000 1.435 0.827
1000 1.435 0.853
1000 1.435 0.875
1000 1.435 0.876
1000 1.435 0.865
1000 1.435 0.916
1000 1.435 0.906
1000 1.435 0.442
1000 1.435 0.894
1000 1.435 0.381
1000 1.435 0.923
1000 1.435 0.891
1000 1.435 0.717
1000 1.435 0.857
1000 1.435 0.854
1000 1.435 0.883
1000 1.435 0.789
1000 1.435 0.885
1000 1.435 0.925
1000 1.435 0.809
1000 1.435 0.83
1000 1.435 0.712
1000 1.435 0.667
1000 1.435 0.904
1000 1.435 0.82
1000 1.435 0.743
1000 1.435 0.76
1000 1.435 0.869
1000 1.435 0.84
1000 1.435 0.835
1000 1.435 0.914
1000 1.435 0.835
1000 1.435 0.823
1000 1.435 0.71
1000 1.435 0.663
1000 1.435 0.883
1000 1.435 0.887
1000 1.435 0.606
1000 1.435 0.791
1000 1.435 0.466
1000 1.435 0.93
1000 1.435 0.79
1000 1.435 0.848
1000 1.435 0.889
1000 1.435 0.877
1000 1.435 0.827
1000 1.435 0.841
1000 1.435 0.817
1000 1.435 0.795
1000 1.435 0.484
1000 1.435 0.582
1000 1.435 0.757
1000 1.435 0.936
1000 1.435 0.934
1000 1.435 0.865
1000 1.435 0.779
1000 1.435 0.902
1000 1.435 0.888
1000 1.435 0.801
1000 1.435 0.789
1000 1.435 0.756
1000 1.435 0.585
1000 1.435 0.686
1000 1.435 0.905
1000 1.435 0.817
1000 1.435 0.852
1000 1.435 0.631
1000 1.435 0.705
1000 1.435 0.661
1000 1.435 0.941
1000 1.435 0.765
1000 1.435 0.893
1000 1.435 0.745
1000 1.435 0.828
1000 1.435 0.808
1000 1.435 0.916
1000 1.435 0.516
1000 1.435 0.824
1000 1.435 0.885
1000 1.435 0.914
1000 1.435 0.699
1000 1.435 0.713
1000 1.435 0.814
1000 1.435 0.69
1000 1.435 0.603
1000 1.435 0.806
1000 1.435 0.932
1000 1.435 0.853
1000 1.435 0.851
1000 1.435 0.93
1000 1.435 0.841
1000 1.435 0.866
1000 1.435 0.615
1000 1.435 0.827
1000 1.435 0.881
1000 1.435 0.779
1000 1.435 0.903
1000 1.435 0.576
1000 1.435 0.692
1000 1.435 0.802
1000 1.435 0.731
1000 1.435 0.897
1000 1.435 0.607
1000 1.435 0.869
1000 1.435 0.807
1000 1.435 0.812
1000 1.435 0.507
1000 1.435 0.885
1000 1.435 0.536
1000 1.435 0.651
1000 1.435 0.759
1000 1.435 0.925
1000 1.435 0.551
1000 1.435 0.826
1000 1.435 0.765
1000 1.435 0.744
1000 1.435 0.869
1000 1.435 0.513
1000 1.435 0.43
1000 1.435 0.936
1000 1.435 0.861
1000 1.435 0.702
1000 1.435 0.398
1000 1.435 0.492
1000 1.435 0.91
1000 1.435 0.947
1000 1.435 0.895
1000 1.435 0.824
1000 1.435 0.829
1000 1.435 0.874
1000 1.435 0.926
1000 1.435 0.932
1000 1.435 0.919
1000 1.435 0.908
1000 1.435 0.825
1000 1.435 0.816
1000 1.435 0.777
1000 1.435 0.918
1000 1.435 0.805
1000 1.435 0.848
1000 1.435 0.54
1000 1.435 0.883
1000 1.435 0.938
1000 1.435 0.838
1000 1.435 0.947
1000 1.435 0.465
1000 1.435 0.853
1000 1.435 0.414
1000 1.435 0.729
1000 1.435 0.876
1000 1.435 0.906
1000 1.435 0.79
1000 1.435 0.78
1000 1.435 0.874
1000 1.435 0.924
1000 1.435 0.793
1000 1.435 0.532
1000 1.435 0.956
1000 1.435 0.88
1000 1.435 0.759
1000 1.435 0.824
1000 1.435 0.83
1000 1.435 0.69
1000 1.435 0.769
1000 1.435 0.905
1000 1.435 0.728
1000 1.435 0.848
1000 1.435 0.703
1000 1.435 0.539
1000 1.435 0.726
1000 1.435 0.458
1000 1.435 0.778
1000 1.435 0.747
1000 1.435 0.63
1000 1.435 0.942
1000 1.435 0.722
1000 1.435 0.763
1000 1.435 0.881
1000 1.435 0.798
1000 1.435 0.897
1000 1.435 0.426
1000 1.435 0.852
1000 1.435 0.82
1000 1.435 0.894
1000 1.435 0.747
1000 1.435 0.905
1000 1.435 0.892
1000 1.435 0.849
1000 1.435 0.931
1000 1.435 0.817
1000 1.435 0.702
1000 1.435 0.894
1000 1.435 0.778
1000 1.435 0.418
1000 1.435 0.596
1000 1.435 0.819
1000 1.435 0.846
1000 1.435 0.791
1000 1.435 0.766
1000 1.435 0.756
1000 1.435 0.826
1000 1.435 0.669
1000 1.435 0.927
1000 1.435 0.85
1000 1.435 0.923
1000 1.435 0.45
1000 1.435 0.841
1000 1.435 0.92
1000 1.435 0.914
1000 1.435 0.875
1000 1.435 0.829
1000 1.435 0.698
1000 1.435 0.935
1000 1.435 0.811
1000 1.435 0.911
1000 1.435 0.925
1000 1.435 0.681
1000 1.435 0.86
1000 1.435 0.827
1000 1.435 0.856
1000 1.435 0.929
1000 1.435 0.812
1000 1.435 0.883
1000 1.435 0.92
1000 1.435 0.845
1000 1.435 0.896
1000 1.435 0.613
1000 1.435 0.368
1000 1.435 0.862
1000 1.435 0.869
1000 1.435 0.782
1000 1.435 0.92
1000 1.435 0.968
1000 1.435 0.875
1000 1.435 0.872
1000 1.435 0.779
1000 1.435 0.92
1000 1.435 0.807
1000 1.435 0.91
1000 1.435 0.769
1000 1.435 0.92
1000 1.435 0.29
1000 1.435 0.837
1000 1.435 0.604
1000 1.435 0.936
1000 1.435 0.816
1000 1.435 0.733
1000 1.435 0.861
1000 1.435 0.923
1000 1.435 0.921
1000 1.435 0.873
1000 1.435 0.801
1000 1.435 0.703
1000 1.435 0.788
1000 1.435 0.815
1000 1.435 0.652
1000 1.435 0.877
1000 1.435 0.833
1000 1.435 0.685
1000 1.435 0.889
1000 1.435 0.687
1000 1.435 0.85
1000 1.435 0.81
1000 1.435 0.449
1000 1.435 0.431
1000 1.435 0.848
1000 1.435 0.838
1000 1.435 0.744
1000 1.435 0.889
1000 1.435 0.664
1000 1.435 0.323
1000 1.435 0.812
1000 1.435 0.576
1000 1.435 0.692
1000 1.435 0.696
1000 1.435 0.479
1000 1.435 0.787
1000 1.435 0.41
1000 1.435 0.71
1000 1.435 0.864
1000 1.435 0.757
1000 1.435 0.928
1000 1.435 0.787
1000 1.435 0.857
1000 1.435 0.427
1000 1.435 0.903
1000 1.435 0.864
1000 1.435 0.831
1000 1.435 0.706
1000 1.435 0.874
1000 1.435 0.895
1000 1.435 0.794
1000 1.435 0.79
1000 1.435 0.776
1000 1.435 0.826
1000 1.435 0.537
1000 1.435 0.713
1000 1.435 0.844
1000 1.435 0.88
1000 1.435 0.605
1000 1.435 0.771
1000 1.435 0.904
1000 1.435 0.874
1000 1.435 0.622
1000 1.435 0.592
1000 1.435 0.827
1000 1.435 0.932
1000 1.435 0.883
1000 1.435 0.768
1000 1.435 0.777
1000 1.435 0.959
1000 1.435 0.37
1000 1.435 0.806
1000 1.435 0.623
1000 1.435 0.736
1000 1.435 0.947
1000 1.435 0.425
1000 1.435 0.625
1000 1.435 0.522
1000 1.435 0.862
1000 1.435 0.877
1000 1.435 0.824
1000 1.435 0.535
1000 1.435 0.932
1000 1.435 0.893
1000 1.435 0.608
1000 1.435 0.863
1000 1.435 0.875
1000 1.435 0.902
1000 1.435 0.856
1000 1.435 0.827
1000 1.435 0.897
1000 1.435 0.965
1000 1.435 0.874
1000 1.435 0.911
1000 1.435 0.888
1000 1.435 0.805
1000 1.435 0.821
1000 1.435 0.871
1000 1.435 0.867
1000 1.435 0.86
1000 1.435 0.83
1000 1.435 0.836
1000 1.435 0.859
1000 1.435 0.82
1000 1.435 0.63
1000 1.435 0.793
1000 1.435 0.952
1000 1.435 0.88
1000 1.435 0.818
1000 1.435 0.78
1000 1.435 0.861
1000 1.435 0.883
1000 1.435 0.848
1000 1.435 0.829
1000 1.435 0.826
1000 1.435 0.793
1000 1.435 0.732
1000 1.435 0.588
1000 1.435 0.889
1000 1.435 0.816
1000 1.435 0.86
1000 1.435 0.884
1000 1.435 0.839
1000 1.435 0.807
1000 1.435 0.87
1000 1.435 0.933
1000 1.435 0.351
1000 1.435 0.734
1000 1.435 0.438
1000 1.435 0.842
1000 1.435 0.932
1000 1.435 0.587
1000 1.435 0.519
1000 1.435 0.796
1000 1.435 0.932
1000 1.435 0.865
1000 1.435 0.809
1000 1.435 0.725
1000 1.435 0.616
1000 1.435 0.897
1000 1.435 0.741
1000 1.435 0.848
1000 1.435 0.738
1000 1.435 0.693
1000 1.435 0.854
1000 1.435 0.501
1000 1.435 0.919
1000 1.435 0.853
1000 1.435 0.925
1000 1.435 0.916
1000 1.435 0.81
1000 1.435 0.891
1000 1.435 0.86
1000 1.435 0.76
1000 1.435 0.863
1000 1.435 0.885
1000 1.435 0.793
1000 1.435 0.793
1000 1.435 0.749
1000 1.435 0.786
1000 1.435 0.885
1000 1.435 0.886
1000 1.435 0.822
1000 1.435 0.762
1000 1.435 0.785
1000 1.435 0.808
1000 1.435 0.897
1000 1.435 0.594
1000 1.435 0.906
1000 1.435 0.859
1000 1.435 0.854
1000 1.435 0.502
1000 1.435 0.807
1000 1.435 0.697
1000 1.435 0.899
1000 1.435 0.859
1000 1.435 0.836
1000 1.435 0.875
1000 1.435 0.437
1000 1.435 0.901
1000 1.435 0.871
1000 1.435 0.583
1000 1.435 0.29
1000 1.435 0.721
1000 1.435 0.534
1000 1.435 0.87
1000 1.435 0.757
1000 1.435 0.806
1000 1.435 0.791
1000 1.435 0.836
1000 1.435 0.89
1000 1.435 0.879
1000 1.435 0.91
1000 1.435 0.891
1000 1.435 0.884
1000 1.435 0.946
1000 1.435 0.625
1000 1.435 0.781
1000 1.435 0.86
1000 1.435 0.909
1000 1.435 0.613
1000 1.435 0.742
1000 1.435 0.684
1000 1.435 0.854
1000 1.435 0.75
1000 1.435 0.714
1000 1.435 0.896
1000 1.435 0.592
1000 1.435 0.744
1000 1.435 0.906
1000 1.435 0.7
1000 1.435 0.829
1000 1.435 0.879
1000 1.435 0.847
1000 1.435 0.872
1000 1.435 0.881
1000 1.435 0.737
1000 1.435 0.874
1000 1.435 0.805
1000 1.435 0.829
1000 1.435 0.899
1000 1.435 0.828
1000 1.435 0.907
1000 1.435 0.74
1000 1.435 0.804
1000 1.435 0.801
1000 1.435 0.649
1000 1.435 0.764
1000 1.435 0.897
1000 1.435 0.756
1000 1.435 0.936
1000 1.435 0.912
1000 1.435 0.721
1000 1.435 0.845
1000 1.435 0.834
1000 1.435 0.833
1000 1.435 0.892
1000 1.435 0.726
1000 1.435 0.835
1000 1.435 0.795
1000 1.435 0.817
1000 1.435 0.789
1000 1.435 0.885
1000 1.435 0.702
1000 1.435 0.681
1000 1.435 0.882
1000 1.435 0.377
1000 1.435 0.894
1000 1.435 0.851
1000 1.435 0.909
1000 1.435 0.877
1000 1.435 0.948
1000 1.435 0.774
1000 1.435 0.792
1000 1.435 0.885
1000 1.435 0.825
1000 1.435 0.701
1000 1.435 0.892
1000 1.435 0.698
1000 1.435 0.949
1000 1.435 0.9
1000 1.435 0.875
1000 1.435 0.905
1000 1.435 0.8
1000 1.435 0.956
1000 1.435 0.862
1000 1.435 0.898
1000 1.435 0.895
1000 1.435 0.856
1000 1.435 0.844
1000 1.435 0.781
1000 1.435 0.746
1000 1.435 0.856
1000 1.435 0.871
1000 1.435 0.855
