10000000 1.438 0.605267
10000000 1.438 0.517614
10000000 1.438 0.561215
10000000 1.438 0.543747
10000000 1.438 0.470545
10000000 1.438 0.591
10000000 1.438 0.598417
10000000 1.438 0.601398
10000000 1.438 0.549965
10000000 1.438 0.577272
10000000 1.438 0.554457
10000000 1.438 0.519123
10000000 1.438 0.517966
10000000 1.438 0.457682
10000000 1.438 0.436667
10000000 1.438 0.233938
10000000 1.438 0.601966
10000000 1.438 0.555816
10000000 1.438 0.591906
10000000 1.438 0.493423
10000000 1.438 0.477565
10000000 1.438 0.536838
10000000 1.438 0.400609
10000000 1.438 0.548492
10000000 1.438 0.542994
10000000 1.438 0.572969
10000000 1.438 0.474694
10000000 1.438 0.549855
10000000 1.438 0.624688
10000000 1.438 0.559083
10000000 1.438 0.575961
10000000 1.438 0.491279
10000000 1.438 0.613899
10000000 1.438 0.540028
10000000 1.438 0.534747
10000000 1.438 0.58443
10000000 1.438 0.567624
10000000 1.438 0.341869
10000000 1.438 0.628954
10000000 1.438 0.444836
10000000 1.438 0.460238
10000000 1.438 0.496539
10000000 1.438 0.511042
10000000 1.438 0.443232
10000000 1.438 0.583776
10000000 1.438 0.542725
10000000 1.438 0.545335
10000000 1.438 0.524536
10000000 1.438 0.529485
10000000 1.438 0.526598
10000000 1.438 0.620515
10000000 1.438 0.404633
10000000 1.438 0.547483
10000000 1.438 0.598851
10000000 1.438 0.458814
10000000 1.438 0.635671
10000000 1.438 0.526075
10000000 1.438 0.635096
10000000 1.438 0.586487
10000000 1.438 0.56802
10000000 1.438 0.527067
10000000 1.438 0.513815
10000000 1.438 0.473396
10000000 1.438 0.582016
10000000 1.438 0.622774
10000000 1.438 0.600375
10000000 1.438 0.54723
10000000 1.438 0.472174
10000000 1.438 0.521043
10000000 1.438 0.608856
10000000 1.438 0.625397
10000000 1.438 0.60553
10000000 1.438 0.615852
10000000 1.438 0.601448
10000000 1.438 0.556808
10000000 1.438 0.606079
10000000 1.438 0.596704
10000000 1.438 0.600295
10000000 1.438 0.551174
10000000 1.438 0.571331
10000000 1.438 0.571897
10000000 1.438 0.511901
10000000 1.438 0.580706
10000000 1.438 0.588399
10000000 1.438 0.589957
10000000 1.438 0.570652
10000000 1.438 0.525989
10000000 1.438 0.574517
10000000 1.438 0.604117
10000000 1.438 0.498518
10000000 1.438 0.521174
10000000 1.438 0.599318
10000000 1.438 0.550247
10000000 1.438 0.519351
10000000 1.438 0.57002
10000000 1.438 0.614807
10000000 1.438 0.623371
10000000 1.438 0.563321
10000000 1.438 0.508435
10000000 1.438 0.594997
10000000 1.438 0.542495
10000000 1.438 0.587937
10000000 1.438 0.598492
10000000 1.438 0.587008
10000000 1.438 0.588079
10000000 1.438 0.576595
10000000 1.438 0.589796
10000000 1.438 0.607935
10000000 1.438 0.57935
10000000 1.438 0.52693
10000000 1.438 0.542
10000000 1.438 0.58311
10000000 1.438 0.607495
10000000 1.438 0.595778
10000000 1.438 0.600088
10000000 1.438 0.586177
10000000 1.438 0.57282
10000000 1.438 0.421073
10000000 1.438 0.472965
10000000 1.438 0.523393
10000000 1.438 0.594222
10000000 1.438 0.442331
10000000 1.438 0.533354
10000000 1.438 0.598593
10000000 1.438 0.569466
10000000 1.438 0.544667
10000000 1.438 0.433515
10000000 1.438 0.551034
10000000 1.438 0.595119
10000000 1.438 0.382729
10000000 1.438 0.275292
10000000 1.438 0.617796
10000000 1.438 0.468771
10000000 1.438 0.505169
10000000 1.438 0.280741
10000000 1.438 0.532999
10000000 1.438 0.405456
10000000 1.438 0.570811
10000000 1.438 0.416362
10000000 1.438 0.591211
10000000 1.438 0.539851
10000000 1.438 0.568763
10000000 1.438 0.572438
10000000 1.438 0.567332
10000000 1.438 0.600848
10000000 1.438 0.470566
10000000 1.438 0.418169
10000000 1.438 0.531923
10000000 1.438 0.612839
10000000 1.438 0.633964
10000000 1.438 0.575104
10000000 1.438 0.510528
10000000 1.438 0.586068
10000000 1.438 0.578413
10000000 1.438 0.598232
10000000 1.438 0.594776
10000000 1.438 0.521056
10000000 1.438 0.61341
10000000 1.438 0.481991
10000000 1.438 0.645181
10000000 1.438 0.511941
10000000 1.438 0.57446
10000000 1.438 0.594684
10000000 1.438 0.570158
10000000 1.438 0.542481
10000000 1.438 0.554393
10000000 1.438 0.560193
10000000 1.438 0.544372
10000000 1.438 0.581811
10000000 1.438 0.306284
10000000 1.438 0.515712
10000000 1.438 0.552425
10000000 1.438 0.522795
10000000 1.438 0.527236
10000000 1.438 0.551494
10000000 1.438 0.604452
10000000 1.438 0.521123
10000000 1.438 0.281532
10000000 1.438 0.502712
10000000 1.438 0.513943
10000000 1.438 0.616642
10000000 1.438 0.606755
10000000 1.438 0.307098
10000000 1.438 0.599299
10000000 1.438 0.484809
10000000 1.438 0.445984
10000000 1.438 0.581619
10000000 1.438 0.487937
10000000 1.438 0.588054
10000000 1.438 0.579721
10000000 1.438 0.561485
10000000 1.438 0.365447
10000000 1.438 0.264713
10000000 1.438 0.440474
10000000 1.438 0.594048
10000000 1.438 0.609237
10000000 1.438 0.594415
10000000 1.438 0.572321
10000000 1.438 0.228043
10000000 1.438 0.5274
10000000 1.438 0.509226
10000000 1.438 0.578779
10000000 1.438 0.612194
10000000 1.438 0.615048
10000000 1.438 0.61464
10000000 1.438 0.43714
10000000 1.438 0.587329
10000000 1.438 0.543229
10000000 1.438 0.567005
10000000 1.438 0.585388
10000000 1.438 0.518777
10000000 1.438 0.540126
10000000 1.438 0.389929
10000000 1.438 0.645651
10000000 1.438 0.568988
10000000 1.438 0.607975
10000000 1.438 0.522863
10000000 1.438 0.584171
10000000 1.438 0.602823
10000000 1.438 0.591459
10000000 1.438 0.493064
10000000 1.438 0.550524
10000000 1.438 0.519625
10000000 1.438 0.628777
10000000 1.438 0.619787
10000000 1.438 0.603175
10000000 1.438 0.525537
10000000 1.438 0.512312
10000000 1.438 0.560065
10000000 1.438 0.616772
10000000 1.438 0.533266
10000000 1.438 0.506344
10000000 1.438 0.49307
10000000 1.438 0.266798
10000000 1.438 0.548776
10000000 1.438 0.603145
10000000 1.438 0.590632
10000000 1.438 0.617389
10000000 1.438 0.612035
10000000 1.438 0.583831
10000000 1.438 0.54211
10000000 1.438 0.577763
10000000 1.438 0.499107
10000000 1.438 0.561655
10000000 1.438 0.546735
10000000 1.438 0.586465
10000000 1.438 0.583954
10000000 1.438 0.513788
10000000 1.438 0.51215
10000000 1.438 0.509639
10000000 1.438 0.566558
10000000 1.438 0.597412
10000000 1.438 0.571513
10000000 1.438 0.406405
10000000 1.438 0.629748
10000000 1.438 0.562686
10000000 1.438 0.641066
10000000 1.438 0.598086
10000000 1.438 0.568328
10000000 1.438 0.606351
10000000 1.438 0.363812
10000000 1.438 0.491773
10000000 1.438 0.607373
10000000 1.438 0.550222
10000000 1.438 0.602774
10000000 1.438 0.572438
10000000 1.438 0.608541
10000000 1.438 0.530429
10000000 1.438 0.579321
10000000 1.438 0.545176
10000000 1.438 0.585313
10000000 1.438 0.56075
10000000 1.438 0.614746
10000000 1.438 0.627334
10000000 1.438 0.465106
10000000 1.438 0.532991
10000000 1.438 0.551169
10000000 1.438 0.619635
10000000 1.438 0.530257
10000000 1.438 0.566197
10000000 1.438 0.363714
10000000 1.438 0.501338
10000000 1.438 0.594595
10000000 1.438 0.484122
10000000 1.438 0.506427
10000000 1.438 0.586051
10000000 1.438 0.554849
10000000 1.438 0.568865
10000000 1.438 0.569612
10000000 1.438 0.589425
10000000 1.438 0.574158
10000000 1.438 0.603261
10000000 1.438 0.608767
10000000 1.438 0.556943
10000000 1.438 0.56337
10000000 1.438 0.414306
10000000 1.438 0.579032
10000000 1.438 0.578258
10000000 1.438 0.563041
10000000 1.438 0.573979
10000000 1.438 0.429819
10000000 1.438 0.48791
10000000 1.438 0.462728
10000000 1.438 0.578147
10000000 1.438 0.632372
10000000 1.438 0.610716
10000000 1.438 0.565503
10000000 1.438 0.575381
10000000 1.438 0.588686
10000000 1.438 0.599
10000000 1.438 0.422583
10000000 1.438 0.560945
10000000 1.438 0.530954
10000000 1.438 0.574776
10000000 1.438 0.344
10000000 1.438 0.52607
10000000 1.438 0.177834
10000000 1.438 0.568137
10000000 1.438 0.559889
10000000 1.438 0.604038
10000000 1.438 0.626524
10000000 1.438 0.622207
10000000 1.438 0.573584
10000000 1.438 0.552771
10000000 1.438 0.55272
10000000 1.438 0.527799
10000000 1.438 0.531954
10000000 1.438 0.540579
10000000 1.438 0.464335
10000000 1.438 0.544956
10000000 1.438 0.528231
10000000 1.438 0.568348
10000000 1.438 0.423094
10000000 1.438 0.632781
10000000 1.438 0.57882
10000000 1.438 0.521803
10000000 1.438 0.597147
10000000 1.438 0.520924
10000000 1.438 0.498116
10000000 1.438 0.444779
10000000 1.438 0.553921
10000000 1.438 0.564468
10000000 1.438 0.551714
10000000 1.438 0.535105
10000000 1.438 0.521639
10000000 1.438 0.576742
10000000 1.438 0.558888
10000000 1.438 0.510768
10000000 1.438 0.546698
10000000 1.438 0.513161
10000000 1.438 0.593039
10000000 1.438 0.514951
10000000 1.438 0.536288
10000000 1.438 0.404746
10000000 1.438 0.565016
10000000 1.438 0.610171
10000000 1.438 0.487306
10000000 1.438 0.420543
10000000 1.438 0.444126
10000000 1.438 0.576343
10000000 1.438 0.58362
10000000 1.438 0.562134
10000000 1.438 0.541527
10000000 1.438 0.582638
10000000 1.438 0.584367
10000000 1.438 0.61931
10000000 1.438 0.436859
10000000 1.438 0.577951
10000000 1.438 0.332534
10000000 1.438 0.636065
10000000 1.438 0.598442
10000000 1.438 0.636544
10000000 1.438 0.603981
10000000 1.438 0.610231
10000000 1.438 0.601246
10000000 1.438 0.625606
10000000 1.438 0.588338
10000000 1.438 0.570267
10000000 1.438 0.593717
10000000 1.438 0.563998
10000000 1.438 0.592668
10000000 1.438 0.541977
10000000 1.438 0.473792
10000000 1.438 0.590643
10000000 1.438 0.602664
10000000 1.438 0.612113
10000000 1.438 0.573994
10000000 1.438 0.476044
10000000 1.438 0.533598
10000000 1.438 0.624773
10000000 1.438 0.436157
10000000 1.438 0.567473
10000000 1.438 0.592966
10000000 1.438 0.548593
10000000 1.438 0.597756
10000000 1.438 0.590252
10000000 1.438 0.297055
10000000 1.438 0.585945
10000000 1.438 0.622058
10000000 1.438 0.477877
