1000000000 1.438 0.537557
1000000000 1.438 0.53437
1000000000 1.438 0.534173
1000000000 1.438 0.550623
1000000000 1.438 0.543172
1000000000 1.438 0.549692
1000000000 1.438 0.53292
1000000000 1.438 0.520049
1000000000 1.438 0.542418
1000000000 1.438 0.53986
1000000000 1.438 0.520164
1000000000 1.438 0.53401
1000000000 1.438 0.518824
1000000000 1.438 0.529
1000000000 1.438 0.543667
1000000000 1.438 0.544586
1000000000 1.438 0.546275
1000000000 1.438 0.517144
1000000000 1.438 0.540833
1000000000 1.438 0.519796
1000000000 1.438 0.529579
1000000000 1.438 0.489773
1000000000 1.438 0.535516
1000000000 1.438 0.521038
1000000000 1.438 0.539722
1000000000 1.438 0.524509
1000000000 1.438 0.535987
1000000000 1.438 0.509045
1000000000 1.438 0.522458
1000000000 1.438 0.550838
1000000000 1.438 0.543913
1000000000 1.438 0.540537
1000000000 1.438 0.536673
1000000000 1.438 0.5442
1000000000 1.438 0.543779
1000000000 1.438 0.505906
1000000000 1.438 0.531225
1000000000 1.438 0.510596
1000000000 1.438 0.550478
1000000000 1.438 0.475994
1000000000 1.438 0.511883
1000000000 1.438 0.509329
1000000000 1.438 0.514573
1000000000 1.438 0.524534
1000000000 1.438 0.552859
1000000000 1.438 0.522272
1000000000 1.438 0.525399
1000000000 1.438 0.517492
1000000000 1.438 0.509068
1000000000 1.438 0.519027
