100000000 1.438 0.525424
100000000 1.438 0.526424
100000000 1.438 0.504349
100000000 1.438 0.544956
100000000 1.438 0.546588
100000000 1.438 0.539776
100000000 1.438 0.515539
100000000 1.438 0.516549
100000000 1.438 0.5644
100000000 1.438 0.536111
100000000 1.438 0.575709
100000000 1.438 0.533904
100000000 1.438 0.517801
100000000 1.438 0.536876
100000000 1.438 0.476635
100000000 1.438 0.561532
100000000 1.438 0.563279
100000000 1.438 0.490228
100000000 1.438 0.276286
100000000 1.438 0.450893
100000000 1.438 0.579277
100000000 1.438 0.554303
100000000 1.438 0.563766
100000000 1.438 0.534719
100000000 1.438 0.582271
100000000 1.438 0.544806
100000000 1.438 0.576538
100000000 1.438 0.526066
100000000 1.438 0.532098
100000000 1.438 0.543215
100000000 1.438 0.600566
100000000 1.438 0.544378
100000000 1.438 0.550612
100000000 1.438 0.546467
100000000 1.438 0.58968
100000000 1.438 0.421288
100000000 1.438 0.497814
100000000 1.438 0.546609
100000000 1.438 0.571117
100000000 1.438 0.537732
100000000 1.438 0.56793
100000000 1.438 0.570692
100000000 1.438 0.559603
100000000 1.438 0.554875
100000000 1.438 0.551813
100000000 1.438 0.56178
100000000 1.438 0.553271
100000000 1.438 0.561065
100000000 1.438 0.533084
100000000 1.438 0.547702
100000000 1.438 0.53751
100000000 1.438 0.503539
100000000 1.438 0.399627
100000000 1.438 0.570924
100000000 1.438 0.539016
100000000 1.438 0.470049
100000000 1.438 0.514985
100000000 1.438 0.575415
100000000 1.438 0.573479
100000000 1.438 0.564376
100000000 1.438 0.455952
100000000 1.438 0.48862
100000000 1.438 0.446561
100000000 1.438 0.424781
100000000 1.438 0.577592
100000000 1.438 0.514161
100000000 1.438 0.518523
100000000 1.438 0.564603
100000000 1.438 0.587226
100000000 1.438 0.422333
100000000 1.438 0.525345
100000000 1.438 0.510968
100000000 1.438 0.570103
100000000 1.438 0.467644
100000000 1.438 0.559584
100000000 1.438 0.578461
100000000 1.438 0.527118
100000000 1.438 0.484797
100000000 1.438 0.475234
100000000 1.438 0.521567
100000000 1.438 0.557653
100000000 1.438 0.450231
100000000 1.438 0.542898
100000000 1.438 0.55122
100000000 1.438 0.559331
100000000 1.438 0.532042
100000000 1.438 0.519201
100000000 1.438 0.396075
100000000 1.438 0.50699
100000000 1.438 0.560878
100000000 1.438 0.53991
100000000 1.438 0.384391
100000000 1.438 0.533171
100000000 1.438 0.570925
100000000 1.438 0.542718
100000000 1.438 0.543119
100000000 1.438 0.446724
100000000 1.438 0.537892
100000000 1.438 0.552771
100000000 1.438 0.488876
100000000 1.438 0.56633
100000000 1.438 0.555797
100000000 1.438 0.54501
100000000 1.438 0.279409
100000000 1.438 0.554364
100000000 1.438 0.574754
100000000 1.438 0.560934
100000000 1.438 0.574675
100000000 1.438 0.543314
100000000 1.438 0.578497
100000000 1.438 0.558233
100000000 1.438 0.555959
100000000 1.438 0.504787
100000000 1.438 0.571877
100000000 1.438 0.493302
100000000 1.438 0.553844
100000000 1.438 0.501331
100000000 1.438 0.53341
100000000 1.438 0.550119
100000000 1.438 0.515683
100000000 1.438 0.455854
100000000 1.438 0.536978
100000000 1.438 0.495567
100000000 1.438 0.497881
100000000 1.438 0.564085
100000000 1.438 0.559059
100000000 1.438 0.566245
100000000 1.438 0.521496
100000000 1.438 0.565993
100000000 1.438 0.552851
100000000 1.438 0.55439
100000000 1.438 0.578795
100000000 1.438 0.540869
100000000 1.438 0.534037
100000000 1.438 0.509765
100000000 1.438 0.534461
100000000 1.438 0.538828
100000000 1.438 0.522305
100000000 1.438 0.58581
100000000 1.438 0.548787
100000000 1.438 0.502643
100000000 1.438 0.521523
100000000 1.438 0.571033
100000000 1.438 0.491664
100000000 1.438 0.563717
100000000 1.438 0.527931
100000000 1.438 0.543605
100000000 1.438 0.564375
100000000 1.438 0.562358
100000000 1.438 0.550839
100000000 1.438 0.57806
100000000 1.438 0.582198
100000000 1.438 0.511783
100000000 1.438 0.552843
100000000 1.438 0.478222
100000000 1.438 0.558298
100000000 1.438 0.575807
100000000 1.438 0.517915
100000000 1.438 0.552102
100000000 1.438 0.570781
100000000 1.438 0.575861
100000000 1.438 0.539719
100000000 1.438 0.571951
100000000 1.438 0.537339
100000000 1.438 0.488618
100000000 1.438 0.557927
100000000 1.438 0.572766
100000000 1.438 0.552105
100000000 1.438 0.538077
100000000 1.438 0.492455
100000000 1.438 0.56506
100000000 1.438 0.496859
100000000 1.438 0.574957
100000000 1.438 0.458428
100000000 1.438 0.525695
100000000 1.438 0.543646
100000000 1.438 0.497372
100000000 1.438 0.542686
100000000 1.438 0.558502
100000000 1.438 0.569513
100000000 1.438 0.411147
100000000 1.438 0.565179
100000000 1.438 0.519808
100000000 1.438 0.5286
100000000 1.438 0.527046
100000000 1.438 0.546939
100000000 1.438 0.531853
100000000 1.438 0.532945
100000000 1.438 0.539637
100000000 1.438 0.574629
100000000 1.438 0.536828
100000000 1.438 0.264523
100000000 1.438 0.527952
100000000 1.438 0.572614
100000000 1.438 0.535433
100000000 1.438 0.560317
100000000 1.438 0.370507
100000000 1.438 0.528728
100000000 1.438 0.584088
100000000 1.438 0.512341
