1000000 1.438 0.584109
1000000 1.438 0.599365
1000000 1.438 0.541915
1000000 1.438 0.597228
1000000 1.438 0.608432
1000000 1.438 0.665896
1000000 1.438 0.629823
1000000 1.438 0.525706
1000000 1.438 0.603823
1000000 1.438 0.647006
1000000 1.438 0.522107
1000000 1.438 0.49171
1000000 1.438 0.658184
1000000 1.438 0.570492
1000000 1.438 0.560319
1000000 1.438 0.600593
1000000 1.438 0.592328
1000000 1.438 0.307589
1000000 1.438 0.661252
1000000 1.438 0.631837
1000000 1.438 0.672046
1000000 1.438 0.658429
1000000 1.438 0.554265
1000000 1.438 0.665767
1000000 1.438 0.488979
1000000 1.438 0.436752
1000000 1.438 0.389368
1000000 1.438 0.639836
1000000 1.438 0.575352
1000000 1.438 0.633578
1000000 1.438 0.611692
1000000 1.438 0.602707
1000000 1.438 0.658054
1000000 1.438 0.551806
1000000 1.438 0.542954
1000000 1.438 0.598648
1000000 1.438 0.633711
1000000 1.438 0.581916
1000000 1.438 0.412911
1000000 1.438 0.42426
1000000 1.438 0.573887
1000000 1.438 0.643816
1000000 1.438 0.59069
1000000 1.438 0.642991
1000000 1.438 0.5487
1000000 1.438 0.588244
1000000 1.438 0.680277
1000000 1.438 0.637264
1000000 1.438 0.563254
1000000 1.438 0.682211
1000000 1.438 0.377444
1000000 1.438 0.603561
1000000 1.438 0.19447
1000000 1.438 0.608609
1000000 1.438 0.667551
1000000 1.438 0.606038
1000000 1.438 0.576339
1000000 1.438 0.672905
1000000 1.438 0.540487
1000000 1.438 0.537773
1000000 1.438 0.580872
1000000 1.438 0.699944
1000000 1.438 0.628122
1000000 1.438 0.620159
1000000 1.438 0.63605
1000000 1.438 0.66039
1000000 1.438 0.533563
1000000 1.438 0.66262
1000000 1.438 0.682716
1000000 1.438 0.634313
1000000 1.438 0.622953
1000000 1.438 0.613456
1000000 1.438 0.449755
1000000 1.438 0.609283
1000000 1.438 0.567865
1000000 1.438 0.591336
1000000 1.438 0.512629
1000000 1.438 0.601253
1000000 1.438 0.634847
1000000 1.438 0.561422
1000000 1.438 0.51115
1000000 1.438 0.665258
1000000 1.438 0.611049
1000000 1.438 0.365177
1000000 1.438 0.634244
1000000 1.438 0.611628
1000000 1.438 0.600396
1000000 1.438 0.706957
1000000 1.438 0.237557
1000000 1.438 0.560369
1000000 1.438 0.613735
1000000 1.438 0.636113
1000000 1.438 0.388511
1000000 1.438 0.631917
1000000 1.438 0.597434
1000000 1.438 0.592549
1000000 1.438 0.589231
1000000 1.438 0.660843
1000000 1.438 0.531479
1000000 1.438 0.626743
1000000 1.438 0.579499
1000000 1.438 0.661916
1000000 1.438 0.504933
1000000 1.438 0.570762
1000000 1.438 0.606501
1000000 1.438 0.43595
1000000 1.438 0.601043
1000000 1.438 0.608136
1000000 1.438 0.505494
1000000 1.438 0.590799
1000000 1.438 0.482563
1000000 1.438 0.690497
1000000 1.438 0.657362
1000000 1.438 0.658903
1000000 1.438 0.676542
1000000 1.438 0.604863
1000000 1.438 0.5534
1000000 1.438 0.480241
1000000 1.438 0.329368
1000000 1.438 0.604439
1000000 1.438 0.614485
1000000 1.438 0.62111
1000000 1.438 0.618892
1000000 1.438 0.616649
1000000 1.438 0.165424
1000000 1.438 0.496723
1000000 1.438 0.69575
1000000 1.438 0.645707
1000000 1.438 0.496345
1000000 1.438 0.668992
1000000 1.438 0.659658
1000000 1.438 0.603974
1000000 1.438 0.613131
1000000 1.438 0.598728
1000000 1.438 0.585663
1000000 1.438 0.523824
1000000 1.438 0.635589
1000000 1.438 0.583325
1000000 1.438 0.499532
1000000 1.438 0.57525
1000000 1.438 0.68997
1000000 1.438 0.480782
1000000 1.438 0.326501
1000000 1.438 0.590872
1000000 1.438 0.673407
1000000 1.438 0.541432
1000000 1.438 0.470921
1000000 1.438 0.652471
1000000 1.438 0.620067
1000000 1.438 0.668332
1000000 1.438 0.619623
1000000 1.438 0.658936
1000000 1.438 0.569758
1000000 1.438 0.590396
1000000 1.438 0.667516
1000000 1.438 0.685983
1000000 1.438 0.518025
1000000 1.438 0.542222
1000000 1.438 0.606772
1000000 1.438 0.638506
1000000 1.438 0.569221
1000000 1.438 0.538453
1000000 1.438 0.536264
1000000 1.438 0.628556
1000000 1.438 0.686623
1000000 1.438 0.548988
1000000 1.438 0.394421
1000000 1.438 0.550374
1000000 1.438 0.658887
1000000 1.438 0.669925
1000000 1.438 0.600686
1000000 1.438 0.494997
1000000 1.438 0.613263
1000000 1.438 0.357887
1000000 1.438 0.599819
1000000 1.438 0.564684
1000000 1.438 0.196805
1000000 1.438 0.601374
1000000 1.438 0.680977
1000000 1.438 0.613993
1000000 1.438 0.634454
1000000 1.438 0.626593
1000000 1.438 0.57351
1000000 1.438 0.715535
1000000 1.438 0.606542
1000000 1.438 0.661033
1000000 1.438 0.550258
1000000 1.438 0.671144
1000000 1.438 0.46864
1000000 1.438 0.36881
1000000 1.438 0.524641
1000000 1.438 0.650383
1000000 1.438 0.577283
1000000 1.438 0.618312
1000000 1.438 0.568819
1000000 1.438 0.634674
1000000 1.438 0.615945
1000000 1.438 0.402308
1000000 1.438 0.571665
1000000 1.438 0.596092
1000000 1.438 0.684236
1000000 1.438 0.679935
1000000 1.438 0.701459
1000000 1.438 0.532314
1000000 1.438 0.683076
1000000 1.438 0.509117
1000000 1.438 0.651191
1000000 1.438 0.665416
1000000 1.438 0.648062
1000000 1.438 0.655166
1000000 1.438 0.668567
1000000 1.438 0.308096
1000000 1.438 0.622233
1000000 1.438 0.614512
1000000 1.438 0.651187
1000000 1.438 0.654189
1000000 1.438 0.427999
1000000 1.438 0.596615
1000000 1.438 0.295455
1000000 1.438 0.64003
1000000 1.438 0.535133
1000000 1.438 0.617983
1000000 1.438 0.304123
1000000 1.438 0.647223
1000000 1.438 0.624479
1000000 1.438 0.496937
1000000 1.438 0.633979
1000000 1.438 0.629175
1000000 1.438 0.629909
1000000 1.438 0.619966
1000000 1.438 0.628366
1000000 1.438 0.622026
1000000 1.438 0.605722
1000000 1.438 0.628416
1000000 1.438 0.537461
1000000 1.438 0.370495
1000000 1.438 0.601453
1000000 1.438 0.616871
1000000 1.438 0.61099
1000000 1.438 0.594578
1000000 1.438 0.588564
1000000 1.438 0.609345
1000000 1.438 0.554718
1000000 1.438 0.391493
1000000 1.438 0.659211
1000000 1.438 0.614513
1000000 1.438 0.625096
1000000 1.438 0.370974
1000000 1.438 0.576514
1000000 1.438 0.663917
1000000 1.438 0.403367
1000000 1.438 0.53322
1000000 1.438 0.41909
1000000 1.438 0.618115
1000000 1.438 0.293319
1000000 1.438 0.683761
1000000 1.438 0.387944
1000000 1.438 0.686508
1000000 1.438 0.568819
1000000 1.438 0.624797
1000000 1.438 0.664005
1000000 1.438 0.530267
1000000 1.438 0.547047
1000000 1.438 0.565246
1000000 1.438 0.528118
1000000 1.438 0.521793
1000000 1.438 0.636577
1000000 1.438 0.554294
1000000 1.438 0.661957
1000000 1.438 0.658658
1000000 1.438 0.594555
1000000 1.438 0.270771
1000000 1.438 0.675708
1000000 1.438 0.378551
1000000 1.438 0.670806
1000000 1.438 0.603067
1000000 1.438 0.527218
1000000 1.438 0.624905
1000000 1.438 0.688614
1000000 1.438 0.672943
1000000 1.438 0.44893
1000000 1.438 0.506999
1000000 1.438 0.605246
1000000 1.438 0.496761
1000000 1.438 0.601768
1000000 1.438 0.637184
1000000 1.438 0.307082
1000000 1.438 0.591846
1000000 1.438 0.496737
1000000 1.438 0.563046
1000000 1.438 0.674772
1000000 1.438 0.598702
1000000 1.438 0.639371
1000000 1.438 0.655537
1000000 1.438 0.6647
1000000 1.438 0.625548
1000000 1.438 0.27018
1000000 1.438 0.48541
1000000 1.438 0.495635
1000000 1.438 0.539258
1000000 1.438 0.594784
1000000 1.438 0.55155
1000000 1.438 0.629723
1000000 1.438 0.552193
1000000 1.438 0.490255
1000000 1.438 0.684824
1000000 1.438 0.652296
1000000 1.438 0.569173
1000000 1.438 0.65912
1000000 1.438 0.659544
1000000 1.438 0.309748
1000000 1.438 0.633952
1000000 1.438 0.642604
1000000 1.438 0.423357
1000000 1.438 0.580409
1000000 1.438 0.451901
1000000 1.438 0.638151
1000000 1.438 0.236439
1000000 1.438 0.602831
1000000 1.438 0.63678
1000000 1.438 0.668249
1000000 1.438 0.453035
1000000 1.438 0.614382
1000000 1.438 0.649874
1000000 1.438 0.503382
1000000 1.438 0.425648
1000000 1.438 0.684849
1000000 1.438 0.454157
1000000 1.438 0.509413
1000000 1.438 0.608919
1000000 1.438 0.57291
1000000 1.438 0.528111
1000000 1.438 0.599371
1000000 1.438 0.446884
1000000 1.438 0.284851
1000000 1.438 0.642662
1000000 1.438 0.594499
1000000 1.438 0.575644
1000000 1.438 0.694489
1000000 1.438 0.693429
1000000 1.438 0.648373
1000000 1.438 0.583315
1000000 1.438 0.549905
1000000 1.438 0.566255
1000000 1.438 0.582639
1000000 1.438 0.559215
1000000 1.438 0.463378
1000000 1.438 0.51249
1000000 1.438 0.634617
1000000 1.438 0.634517
1000000 1.438 0.567605
1000000 1.438 0.608251
1000000 1.438 0.612747
1000000 1.438 0.506174
1000000 1.438 0.578554
1000000 1.438 0.666881
1000000 1.438 0.587098
1000000 1.438 0.690343
1000000 1.438 0.647594
1000000 1.438 0.632324
1000000 1.438 0.618606
1000000 1.438 0.605364
1000000 1.438 0.635142
1000000 1.438 0.424953
1000000 1.438 0.66399
1000000 1.438 0.505617
1000000 1.438 0.655845
1000000 1.438 0.62708
1000000 1.438 0.667354
1000000 1.438 0.716683
1000000 1.438 0.597899
1000000 1.438 0.588526
1000000 1.438 0.675211
1000000 1.438 0.615489
1000000 1.438 0.594994
1000000 1.438 0.645102
1000000 1.438 0.604012
1000000 1.438 0.525131
1000000 1.438 0.619029
1000000 1.438 0.668705
1000000 1.438 0.272274
1000000 1.438 0.541494
1000000 1.438 0.58788
1000000 1.438 0.62715
1000000 1.438 0.629364
1000000 1.438 0.688621
1000000 1.438 0.555571
1000000 1.438 0.579304
1000000 1.438 0.571334
1000000 1.438 0.622452
1000000 1.438 0.557361
1000000 1.438 0.656154
1000000 1.438 0.540139
1000000 1.438 0.582397
1000000 1.438 0.678359
1000000 1.438 0.702569
1000000 1.438 0.648266
1000000 1.438 0.56564
1000000 1.438 0.637132
1000000 1.438 0.546123
1000000 1.438 0.611231
1000000 1.438 0.581695
1000000 1.438 0.6625
1000000 1.438 0.480163
1000000 1.438 0.688746
1000000 1.438 0.602135
1000000 1.438 0.690071
1000000 1.438 0.602242
1000000 1.438 0.687504
1000000 1.438 0.631723
1000000 1.438 0.595453
1000000 1.438 0.638815
1000000 1.438 0.589226
1000000 1.438 0.633739
1000000 1.438 0.657669
1000000 1.438 0.658953
1000000 1.438 0.445852
1000000 1.438 0.545987
1000000 1.438 0.455965
1000000 1.438 0.486619
1000000 1.438 0.677165
1000000 1.438 0.668639
1000000 1.438 0.64615
1000000 1.438 0.679779
1000000 1.438 0.657514
1000000 1.438 0.604563
1000000 1.438 0.422001
1000000 1.438 0.594665
1000000 1.438 0.403001
1000000 1.438 0.473968
1000000 1.438 0.670721
1000000 1.438 0.49803
1000000 1.438 0.640294
1000000 1.438 0.679896
1000000 1.438 0.611227
1000000 1.438 0.675973
1000000 1.438 0.646129
1000000 1.438 0.645684
1000000 1.438 0.584477
1000000 1.438 0.559301
1000000 1.438 0.560866
1000000 1.438 0.677865
1000000 1.438 0.596812
1000000 1.438 0.540807
1000000 1.438 0.62286
1000000 1.438 0.644754
1000000 1.438 0.258757
1000000 1.438 0.629714
1000000 1.438 0.502595
1000000 1.438 0.625606
1000000 1.438 0.657875
1000000 1.438 0.643575
1000000 1.438 0.652429
1000000 1.438 0.692579
1000000 1.438 0.570581
1000000 1.438 0.635842
1000000 1.438 0.501116
1000000 1.438 0.587545
1000000 1.438 0.636935
1000000 1.438 0.43801
1000000 1.438 0.643334
1000000 1.438 0.585367
1000000 1.438 0.464314
1000000 1.438 0.586754
1000000 1.438 0.643096
1000000 1.438 0.696698
1000000 1.438 0.628945
1000000 1.438 0.387229
1000000 1.438 0.639039
1000000 1.438 0.471874
1000000 1.438 0.676341
1000000 1.438 0.436513
1000000 1.438 0.540635
1000000 1.438 0.675788
1000000 1.438 0.692802
1000000 1.438 0.573663
1000000 1.438 0.58572
1000000 1.438 0.616047
1000000 1.438 0.520446
1000000 1.438 0.720231
1000000 1.438 0.634524
1000000 1.438 0.638746
1000000 1.438 0.606562
1000000 1.438 0.601519
1000000 1.438 0.525445
1000000 1.438 0.553421
1000000 1.438 0.675032
1000000 1.438 0.6218
1000000 1.438 0.582211
1000000 1.438 0.532835
1000000 1.438 0.55365
1000000 1.438 0.578723
1000000 1.438 0.559166
1000000 1.438 0.616793
1000000 1.438 0.616448
1000000 1.438 0.193818
1000000 1.438 0.629242
1000000 1.438 0.557566
1000000 1.438 0.60295
1000000 1.438 0.491525
