100000 1.438 0.6784
100000 1.438 0.70566
100000 1.438 0.74233
100000 1.438 0.64
100000 1.438 0.52131
100000 1.438 0.70789
100000 1.438 0.74663
100000 1.438 0.75109
100000 1.438 0.75089
100000 1.438 0.75408
100000 1.438 0.64325
100000 1.438 0.54542
100000 1.438 0.73715
100000 1.438 0.7706
100000 1.438 0.6529
100000 1.438 0.75518
100000 1.438 0.68498
100000 1.438 0.53149
100000 1.438 0.64975
100000 1.438 0.70264
100000 1.438 0.62555
100000 1.438 0.25061
100000 1.438 0.71055
100000 1.438 0.60027
100000 1.438 0.70933
100000 1.438 0.66166
100000 1.438 0.69641
100000 1.438 0.72403
100000 1.438 0.76995
100000 1.438 0.63829
100000 1.438 0.6121
100000 1.438 0.65949
100000 1.438 0.6834
100000 1.438 0.73052
100000 1.438 0.4112
100000 1.438 0.37892
100000 1.438 0.73122
100000 1.438 0.53325
100000 1.438 0.72187
100000 1.438 0.75082
100000 1.438 0.62077
100000 1.438 0.67291
100000 1.438 0.75687
100000 1.438 0.78645
100000 1.438 0.59563
100000 1.438 0.70001
100000 1.438 0.73135
100000 1.438 0.5202
100000 1.438 0.62715
100000 1.438 0.64268
100000 1.438 0.69336
100000 1.438 0.61128
100000 1.438 0.54003
100000 1.438 0.55524
100000 1.438 0.67314
100000 1.438 0.7164
100000 1.438 0.76035
100000 1.438 0.50496
100000 1.438 0.68769
100000 1.438 0.76108
100000 1.438 0.67367
100000 1.438 0.54055
100000 1.438 0.71523
100000 1.438 0.75802
100000 1.438 0.73858
100000 1.438 0.57049
100000 1.438 0.6946
100000 1.438 0.63591
100000 1.438 0.48712
100000 1.438 0.63562
100000 1.438 0.7057
100000 1.438 0.74944
100000 1.438 0.70261
100000 1.438 0.6193
100000 1.438 0.3496
100000 1.438 0.19746
100000 1.438 0.68816
100000 1.438 0.60527
100000 1.438 0.55855
100000 1.438 0.4734
100000 1.438 0.75024
100000 1.438 0.77572
100000 1.438 0.53429
100000 1.438 0.5593
100000 1.438 0.42362
100000 1.438 0.74044
100000 1.438 0.69226
100000 1.438 0.62455
100000 1.438 0.65044
100000 1.438 0.60052
100000 1.438 0.61787
100000 1.438 0.69707
100000 1.438 0.79718
100000 1.438 0.53234
100000 1.438 0.77263
100000 1.438 0.57638
100000 1.438 0.68153
100000 1.438 0.71707
100000 1.438 0.71643
100000 1.438 0.61143
100000 1.438 0.73054
100000 1.438 0.2906
100000 1.438 0.59146
100000 1.438 0.66801
100000 1.438 0.5367
100000 1.438 0.6127
100000 1.438 0.56699
100000 1.438 0.70633
100000 1.438 0.69277
100000 1.438 0.50485
100000 1.438 0.70432
100000 1.438 0.56211
100000 1.438 0.6776
100000 1.438 0.67591
100000 1.438 0.66671
100000 1.438 0.73267
100000 1.438 0.66123
100000 1.438 0.73282
100000 1.438 0.7029
100000 1.438 0.70208
100000 1.438 0.73322
100000 1.438 0.61198
100000 1.438 0.57727
100000 1.438 0.61231
100000 1.438 0.76011
100000 1.438 0.62232
100000 1.438 0.69195
100000 1.438 0.69193
100000 1.438 0.5848
100000 1.438 0.60428
100000 1.438 0.73864
100000 1.438 0.61146
100000 1.438 0.6817
100000 1.438 0.65834
100000 1.438 0.53213
100000 1.438 0.53315
100000 1.438 0.72291
100000 1.438 0.63716
100000 1.438 0.75749
100000 1.438 0.60854
100000 1.438 0.74643
100000 1.438 0.68432
100000 1.438 0.53988
100000 1.438 0.67239
100000 1.438 0.58659
100000 1.438 0.76389
100000 1.438 0.66112
100000 1.438 0.73626
100000 1.438 0.76792
100000 1.438 0.73791
100000 1.438 0.69642
100000 1.438 0.75826
100000 1.438 0.68367
100000 1.438 0.61327
100000 1.438 0.66089
100000 1.438 0.70809
100000 1.438 0.633
100000 1.438 0.69365
100000 1.438 0.70212
100000 1.438 0.4058
100000 1.438 0.65808
100000 1.438 0.67829
100000 1.438 0.7638
100000 1.438 0.63161
100000 1.438 0.70567
100000 1.438 0.66961
100000 1.438 0.73854
100000 1.438 0.4382
100000 1.438 0.62922
100000 1.438 0.39508
100000 1.438 0.6515
100000 1.438 0.75681
100000 1.438 0.74256
100000 1.438 0.70264
100000 1.438 0.61863
100000 1.438 0.54417
100000 1.438 0.45835
100000 1.438 0.72408
100000 1.438 0.68472
100000 1.438 0.74079
100000 1.438 0.71848
100000 1.438 0.73332
100000 1.438 0.74131
100000 1.438 0.62153
100000 1.438 0.73511
100000 1.438 0.43786
100000 1.438 0.5456
100000 1.438 0.64448
100000 1.438 0.68984
100000 1.438 0.73266
100000 1.438 0.61156
100000 1.438 0.59532
100000 1.438 0.73205
100000 1.438 0.66449
100000 1.438 0.70181
100000 1.438 0.66328
100000 1.438 0.6872
100000 1.438 0.64323
100000 1.438 0.70301
100000 1.438 0.73911
100000 1.438 0.73648
100000 1.438 0.53923
100000 1.438 0.31487
100000 1.438 0.74679
100000 1.438 0.68189
100000 1.438 0.72468
100000 1.438 0.72504
100000 1.438 0.74659
100000 1.438 0.53768
100000 1.438 0.66332
100000 1.438 0.71168
100000 1.438 0.66601
100000 1.438 0.5756
100000 1.438 0.652
100000 1.438 0.66807
100000 1.438 0.62716
100000 1.438 0.57275
100000 1.438 0.64641
100000 1.438 0.58625
100000 1.438 0.69683
100000 1.438 0.58397
100000 1.438 0.79974
100000 1.438 0.63328
100000 1.438 0.72888
100000 1.438 0.65071
100000 1.438 0.62597
100000 1.438 0.69446
100000 1.438 0.41088
100000 1.438 0.37009
100000 1.438 0.6736
100000 1.438 0.58739
100000 1.438 0.47518
100000 1.438 0.71602
100000 1.438 0.70145
100000 1.438 0.68696
100000 1.438 0.69717
100000 1.438 0.73979
100000 1.438 0.22314
100000 1.438 0.57101
100000 1.438 0.75692
100000 1.438 0.58619
100000 1.438 0.71898
100000 1.438 0.67773
100000 1.438 0.75037
100000 1.438 0.7638
100000 1.438 0.70064
100000 1.438 0.75934
100000 1.438 0.63561
100000 1.438 0.65035
100000 1.438 0.70528
100000 1.438 0.67043
100000 1.438 0.6667
100000 1.438 0.75229
100000 1.438 0.40027
100000 1.438 0.50425
100000 1.438 0.70641
100000 1.438 0.46811
100000 1.438 0.73713
100000 1.438 0.64173
100000 1.438 0.61441
100000 1.438 0.63841
100000 1.438 0.68419
100000 1.438 0.51765
100000 1.438 0.58645
100000 1.438 0.64146
100000 1.438 0.65337
100000 1.438 0.65221
100000 1.438 0.73753
100000 1.438 0.72284
100000 1.438 0.74722
100000 1.438 0.37436
100000 1.438 0.69076
100000 1.438 0.76334
100000 1.438 0.48277
100000 1.438 0.65754
100000 1.438 0.72842
100000 1.438 0.4661
100000 1.438 0.72249
100000 1.438 0.62794
100000 1.438 0.70686
100000 1.438 0.56478
100000 1.438 0.74723
100000 1.438 0.69249
100000 1.438 0.33308
100000 1.438 0.52465
100000 1.438 0.67462
100000 1.438 0.60912
100000 1.438 0.50502
100000 1.438 0.7007
100000 1.438 0.63992
100000 1.438 0.65158
100000 1.438 0.71329
100000 1.438 0.76256
100000 1.438 0.65976
100000 1.438 0.51188
100000 1.438 0.7681
100000 1.438 0.70126
100000 1.438 0.66713
100000 1.438 0.28331
100000 1.438 0.72916
100000 1.438 0.63414
100000 1.438 0.72771
100000 1.438 0.76876
100000 1.438 0.3721
100000 1.438 0.61793
100000 1.438 0.66651
100000 1.438 0.64516
100000 1.438 0.7332
100000 1.438 0.41317
100000 1.438 0.75161
100000 1.438 0.46651
100000 1.438 0.68386
100000 1.438 0.68314
100000 1.438 0.69088
100000 1.438 0.49073
100000 1.438 0.73649
100000 1.438 0.62629
100000 1.438 0.68992
100000 1.438 0.45613
100000 1.438 0.52967
100000 1.438 0.72212
100000 1.438 0.51384
100000 1.438 0.69437
100000 1.438 0.74959
100000 1.438 0.72259
100000 1.438 0.61274
100000 1.438 0.59737
100000 1.438 0.66397
100000 1.438 0.77217
100000 1.438 0.74427
100000 1.438 0.68348
100000 1.438 0.23272
100000 1.438 0.15493
100000 1.438 0.69529
100000 1.438 0.67674
100000 1.438 0.75796
100000 1.438 0.67451
100000 1.438 0.62904
100000 1.438 0.74463
100000 1.438 0.74953
100000 1.438 0.66855
100000 1.438 0.63606
100000 1.438 0.66392
100000 1.438 0.75221
100000 1.438 0.62418
100000 1.438 0.75268
100000 1.438 0.73015
100000 1.438 0.63647
100000 1.438 0.6239
100000 1.438 0.69531
100000 1.438 0.32821
100000 1.438 0.7672
100000 1.438 0.62759
100000 1.438 0.7374
100000 1.438 0.69593
100000 1.438 0.49762
100000 1.438 0.70961
100000 1.438 0.7436
100000 1.438 0.39056
100000 1.438 0.63067
100000 1.438 0.55181
100000 1.438 0.75567
100000 1.438 0.39626
100000 1.438 0.66234
100000 1.438 0.76714
100000 1.438 0.56697
100000 1.438 0.45477
100000 1.438 0.59943
100000 1.438 0.70878
100000 1.438 0.58036
100000 1.438 0.64483
100000 1.438 0.69018
100000 1.438 0.716
100000 1.438 0.46532
100000 1.438 0.60465
100000 1.438 0.75569
100000 1.438 0.72975
100000 1.438 0.62283
100000 1.438 0.52858
100000 1.438 0.72721
100000 1.438 0.5499
100000 1.438 0.59002
100000 1.438 0.63942
100000 1.438 0.70391
100000 1.438 0.71413
100000 1.438 0.66565
100000 1.438 0.69508
100000 1.438 0.72883
100000 1.438 0.54755
100000 1.438 0.23599
100000 1.438 0.69439
100000 1.438 0.57001
100000 1.438 0.58432
100000 1.438 0.5701
100000 1.438 0.71522
100000 1.438 0.72503
100000 1.438 0.67199
100000 1.438 0.74324
100000 1.438 0.70181
100000 1.438 0.38571
100000 1.438 0.70963
100000 1.438 0.7099
100000 1.438 0.40068
100000 1.438 0.6651
100000 1.438 0.27722
100000 1.438 0.63938
100000 1.438 0.75905
100000 1.438 0.78386
100000 1.438 0.67845
100000 1.438 0.69927
100000 1.438 0.56118
100000 1.438 0.66035
100000 1.438 0.67346
100000 1.438 0.62595
100000 1.438 0.63098
100000 1.438 0.58432
100000 1.438 0.67239
100000 1.438 0.65957
100000 1.438 0.6472
100000 1.438 0.43608
100000 1.438 0.29548
100000 1.438 0.62921
100000 1.438 0.76927
100000 1.438 0.71703
100000 1.438 0.61116
100000 1.438 0.61899
100000 1.438 0.70488
100000 1.438 0.73203
100000 1.438 0.7456
100000 1.438 0.73762
100000 1.438 0.54011
100000 1.438 0.68712
100000 1.438 0.67407
100000 1.438 0.58491
100000 1.438 0.70838
100000 1.438 0.75396
100000 1.438 0.71715
100000 1.438 0.23355
100000 1.438 0.72527
100000 1.438 0.74589
100000 1.438 0.68818
100000 1.438 0.66196
100000 1.438 0.53045
100000 1.438 0.71126
100000 1.438 0.73147
100000 1.438 0.68891
100000 1.438 0.6911
100000 1.438 0.6017
100000 1.438 0.72097
100000 1.438 0.62548
100000 1.438 0.67508
100000 1.438 0.65674
100000 1.438 0.63642
100000 1.438 0.72125
100000 1.438 0.67295
100000 1.438 0.75501
100000 1.438 0.56672
100000 1.438 0.6764
100000 1.438 0.73282
100000 1.438 0.71411
100000 1.438 0.72473
100000 1.438 0.71631
100000 1.438 0.47115
100000 1.438 0.71584
100000 1.438 0.73418
100000 1.438 0.71073
100000 1.438 0.72131
100000 1.438 0.51151
100000 1.438 0.6806
100000 1.438 0.78397
100000 1.438 0.60038
100000 1.438 0.50083
100000 1.438 0.74088
100000 1.438 0.7227
100000 1.438 0.73926
100000 1.438 0.64227
100000 1.438 0.61019
100000 1.438 0.37592
100000 1.438 0.74184
100000 1.438 0.33678
100000 1.438 0.58969
100000 1.438 0.71386
100000 1.438 0.69098
100000 1.438 0.65708
100000 1.438 0.71806
100000 1.438 0.68849
100000 1.438 0.61264
100000 1.438 0.731
100000 1.438 0.68619
100000 1.438 0.47726
100000 1.438 0.58093
100000 1.438 0.41297
100000 1.438 0.7238
100000 1.438 0.72815
100000 1.438 0.64321
100000 1.438 0.73383
100000 1.438 0.68337
100000 1.438 0.58652
100000 1.438 0.75577
100000 1.438 0.74643
100000 1.438 0.68761
100000 1.438 0.71663
100000 1.438 0.43669
100000 1.438 0.75613
100000 1.438 0.68272
100000 1.438 0.43413
100000 1.438 0.72847
100000 1.438 0.73285
100000 1.438 0.64952
100000 1.438 0.6922
100000 1.438 0.67771
100000 1.438 0.50363
100000 1.438 0.6369
100000 1.438 0.31499
100000 1.438 0.63894
100000 1.438 0.68698
100000 1.438 0.73343
100000 1.438 0.67278
100000 1.438 0.73204
100000 1.438 0.54724
100000 1.438 0.60277
100000 1.438 0.7294
100000 1.438 0.68888
100000 1.438 0.31828
100000 1.438 0.30003
100000 1.438 0.50378
100000 1.438 0.74189
100000 1.438 0.70123
100000 1.438 0.73424
100000 1.438 0.7144
100000 1.438 0.5047
100000 1.438 0.74755
100000 1.438 0.75648
100000 1.438 0.4417
100000 1.438 0.64757
100000 1.438 0.64069
100000 1.438 0.72318
100000 1.438 0.64644
100000 1.438 0.7195
100000 1.438 0.52522
100000 1.438 0.72994
100000 1.438 0.48905
100000 1.438 0.7287
100000 1.438 0.63826
100000 1.438 0.66144
100000 1.438 0.65842
100000 1.438 0.75082
100000 1.438 0.57276
100000 1.438 0.69898
100000 1.438 0.53272
100000 1.438 0.47248
100000 1.438 0.51377
100000 1.438 0.65336
100000 1.438 0.6882
100000 1.438 0.38598
100000 1.438 0.68821
100000 1.438 0.59424
100000 1.438 0.56246
100000 1.438 0.72423
100000 1.438 0.73615
100000 1.438 0.53892
100000 1.438 0.73005
100000 1.438 0.65221
100000 1.438 0.6375
100000 1.438 0.77489
100000 1.438 0.65563
100000 1.438 0.6727
100000 1.438 0.57781
100000 1.438 0.71616
100000 1.438 0.52359
100000 1.438 0.63095
100000 1.438 0.6646
100000 1.438 0.63134
100000 1.438 0.42197
100000 1.438 0.745
100000 1.438 0.58938
100000 1.438 0.76759
100000 1.438 0.66129
100000 1.438 0.72881
100000 1.438 0.51263
100000 1.438 0.77266
100000 1.438 0.63283
100000 1.438 0.73288
100000 1.438 0.67938
100000 1.438 0.71199
100000 1.438 0.76416
100000 1.438 0.69459
100000 1.438 0.69046
100000 1.438 0.62954
100000 1.438 0.62263
100000 1.438 0.58552
100000 1.438 0.65967
100000 1.438 0.61847
100000 1.438 0.34085
100000 1.438 0.4798
100000 1.438 0.6336
100000 1.438 0.77442
100000 1.438 0.72396
100000 1.438 0.72718
100000 1.438 0.72731
100000 1.438 0.61736
100000 1.438 0.6676
100000 1.438 0.66814
100000 1.438 0.69807
100000 1.438 0.52899
100000 1.438 0.62694
100000 1.438 0.49651
100000 1.438 0.49837
100000 1.438 0.56974
100000 1.438 0.67826
100000 1.438 0.71911
100000 1.438 0.70432
100000 1.438 0.69043
100000 1.438 0.69483
100000 1.438 0.29852
100000 1.438 0.72934
100000 1.438 0.70741
100000 1.438 0.69416
100000 1.438 0.72524
100000 1.438 0.48599
100000 1.438 0.72441
100000 1.438 0.7128
100000 1.438 0.60962
100000 1.438 0.69588
100000 1.438 0.71783
100000 1.438 0.36379
100000 1.438 0.14247
100000 1.438 0.70477
100000 1.438 0.64907
100000 1.438 0.61238
100000 1.438 0.53429
100000 1.438 0.73196
100000 1.438 0.52708
100000 1.438 0.76473
100000 1.438 0.35293
100000 1.438 0.63056
100000 1.438 0.67541
100000 1.438 0.6373
100000 1.438 0.69456
100000 1.438 0.44115
100000 1.438 0.57634
100000 1.438 0.36113
100000 1.438 0.61637
100000 1.438 0.66994
100000 1.438 0.50047
100000 1.438 0.57188
100000 1.438 0.73868
100000 1.438 0.62739
100000 1.438 0.52041
100000 1.438 0.74614
100000 1.438 0.70097
100000 1.438 0.52546
100000 1.438 0.7091
100000 1.438 0.66542
100000 1.438 0.64131
100000 1.438 0.46652
100000 1.438 0.73448
100000 1.438 0.49106
100000 1.438 0.71468
100000 1.438 0.53331
100000 1.438 0.44212
100000 1.438 0.69001
100000 1.438 0.60688
100000 1.438 0.67637
100000 1.438 0.619
100000 1.438 0.57852
100000 1.438 0.72563
100000 1.438 0.35173
100000 1.438 0.42784
100000 1.438 0.69549
100000 1.438 0.61945
100000 1.438 0.67311
100000 1.438 0.74867
100000 1.438 0.61782
100000 1.438 0.71562
100000 1.438 0.61317
100000 1.438 0.73321
100000 1.438 0.57509
100000 1.438 0.59302
100000 1.438 0.63952
100000 1.438 0.68164
100000 1.438 0.49312
100000 1.438 0.64585
100000 1.438 0.61888
100000 1.438 0.7543
100000 1.438 0.53394
100000 1.438 0.26779
100000 1.438 0.75157
100000 1.438 0.69527
100000 1.438 0.62989
100000 1.438 0.76425
100000 1.438 0.68024
100000 1.438 0.67673
100000 1.438 0.70336
100000 1.438 0.72184
100000 1.438 0.733
100000 1.438 0.60823
100000 1.438 0.45283
100000 1.438 0.67936
100000 1.438 0.67338
100000 1.438 0.62847
100000 1.438 0.69801
100000 1.438 0.54767
100000 1.438 0.48193
100000 1.438 0.39452
100000 1.438 0.65668
100000 1.438 0.59353
100000 1.438 0.58103
100000 1.438 0.56155
100000 1.438 0.66499
100000 1.438 0.74691
100000 1.438 0.76782
100000 1.438 0.56739
100000 1.438 0.65419
100000 1.438 0.73102
100000 1.438 0.75951
100000 1.438 0.6139
100000 1.438 0.66199
100000 1.438 0.6845
100000 1.438 0.71646
100000 1.438 0.72018
100000 1.438 0.2443
100000 1.438 0.56655
100000 1.438 0.56889
100000 1.438 0.69802
100000 1.438 0.38483
100000 1.438 0.67689
100000 1.438 0.41035
100000 1.438 0.73104
100000 1.438 0.77633
100000 1.438 0.71078
100000 1.438 0.72799
100000 1.438 0.69236
100000 1.438 0.647
100000 1.438 0.17869
100000 1.438 0.61762
100000 1.438 0.75151
100000 1.438 0.63986
100000 1.438 0.75041
100000 1.438 0.54593
100000 1.438 0.60444
100000 1.438 0.72489
100000 1.438 0.56157
100000 1.438 0.69005
100000 1.438 0.52219
100000 1.438 0.68482
100000 1.438 0.66762
100000 1.438 0.60127
100000 1.438 0.72322
100000 1.438 0.65757
100000 1.438 0.67312
100000 1.438 0.69773
100000 1.438 0.57493
100000 1.438 0.68879
100000 1.438 0.64609
100000 1.438 0.53417
100000 1.438 0.77905
100000 1.438 0.72889
100000 1.438 0.74561
100000 1.438 0.69715
100000 1.438 0.73639
100000 1.438 0.34076
100000 1.438 0.56664
100000 1.438 0.54618
100000 1.438 0.71089
100000 1.438 0.66065
100000 1.438 0.72362
100000 1.438 0.35419
100000 1.438 0.60015
100000 1.438 0.60874
100000 1.438 0.76223
100000 1.438 0.66836
100000 1.438 0.73761
100000 1.438 0.74205
100000 1.438 0.74545
100000 1.438 0.56975
100000 1.438 0.45692
100000 1.438 0.65946
100000 1.438 0.66495
100000 1.438 0.67039
100000 1.438 0.68846
100000 1.438 0.67306
100000 1.438 0.6762
100000 1.438 0.51865
100000 1.438 0.70308
100000 1.438 0.64712
100000 1.438 0.29529
100000 1.438 0.36904
100000 1.438 0.66264
100000 1.438 0.6737
100000 1.438 0.68755
100000 1.438 0.52139
100000 1.438 0.48591
100000 1.438 0.71956
100000 1.438 0.70943
100000 1.438 0.65069
100000 1.438 0.69516
100000 1.438 0.75144
100000 1.438 0.76231
100000 1.438 0.71083
100000 1.438 0.78841
100000 1.438 0.66796
100000 1.438 0.6419
100000 1.438 0.72939
100000 1.438 0.62717
100000 1.438 0.6766
100000 1.438 0.70686
100000 1.438 0.73126
100000 1.438 0.42498
100000 1.438 0.70278
100000 1.438 0.69011
100000 1.438 0.6916
100000 1.438 0.7349
100000 1.438 0.66792
100000 1.438 0.71514
100000 1.438 0.73757
100000 1.438 0.62561
100000 1.438 0.63656
100000 1.438 0.59189
100000 1.438 0.48745
100000 1.438 0.71467
100000 1.438 0.76852
100000 1.438 0.50471
100000 1.438 0.65792
100000 1.438 0.67848
100000 1.438 0.75823
100000 1.438 0.19154
100000 1.438 0.70066
100000 1.438 0.72964
100000 1.438 0.51139
100000 1.438 0.71291
100000 1.438 0.78719
100000 1.438 0.63902
100000 1.438 0.21604
100000 1.438 0.70211
100000 1.438 0.61394
100000 1.438 0.5775
100000 1.438 0.75034
100000 1.438 0.70411
100000 1.438 0.70282
100000 1.438 0.56404
100000 1.438 0.78536
100000 1.438 0.45437
100000 1.438 0.26832
100000 1.438 0.65364
100000 1.438 0.74187
100000 1.438 0.65426
100000 1.438 0.64139
100000 1.438 0.7066
100000 1.438 0.5296
100000 1.438 0.55507
100000 1.438 0.48227
100000 1.438 0.68294
100000 1.438 0.74385
100000 1.438 0.66561
100000 1.438 0.42175
100000 1.438 0.67643
100000 1.438 0.71081
100000 1.438 0.6857
100000 1.438 0.70322
100000 1.438 0.68176
100000 1.438 0.72526
100000 1.438 0.68202
100000 1.438 0.7549
100000 1.438 0.65998
100000 1.438 0.71723
100000 1.438 0.75361
100000 1.438 0.54522
100000 1.438 0.66644
100000 1.438 0.60955
100000 1.438 0.69533
100000 1.438 0.25336
100000 1.438 0.72924
100000 1.438 0.73231
100000 1.438 0.69249
100000 1.438 0.72547
100000 1.438 0.6314
100000 1.438 0.59248
100000 1.438 0.68572
100000 1.438 0.58853
100000 1.438 0.74494
100000 1.438 0.63613
100000 1.438 0.5135
100000 1.438 0.75566
100000 1.438 0.58627
100000 1.438 0.64014
100000 1.438 0.68209
100000 1.438 0.41321
100000 1.438 0.72898
100000 1.438 0.4792
100000 1.438 0.69892
100000 1.438 0.59159
100000 1.438 0.64743
100000 1.438 0.64676
100000 1.438 0.73722
100000 1.438 0.62852
100000 1.438 0.66268
100000 1.438 0.66757
100000 1.438 0.54424
100000 1.438 0.74929
100000 1.438 0.70481
100000 1.438 0.60458
100000 1.438 0.68527
100000 1.438 0.74704
100000 1.438 0.76829
100000 1.438 0.44094
100000 1.438 0.68598
100000 1.438 0.4942
100000 1.438 0.70387
100000 1.438 0.63863
100000 1.438 0.59679
100000 1.438 0.69793
100000 1.438 0.73373
100000 1.438 0.71873
100000 1.438 0.63508
100000 1.438 0.71367
100000 1.438 0.68997
100000 1.438 0.67798
100000 1.438 0.54439
100000 1.438 0.43996
100000 1.438 0.69191
100000 1.438 0.39816
100000 1.438 0.62356
100000 1.438 0.7374
100000 1.438 0.6639
100000 1.438 0.61437
100000 1.438 0.69201
100000 1.438 0.69705
100000 1.438 0.57621
100000 1.438 0.73278
100000 1.438 0.6456
100000 1.438 0.33947
100000 1.438 0.72202
100000 1.438 0.70176
100000 1.438 0.58533
100000 1.438 0.56591
100000 1.438 0.75453
100000 1.438 0.66917
100000 1.438 0.66949
100000 1.438 0.65865
100000 1.438 0.63964
100000 1.438 0.54474
100000 1.438 0.68313
100000 1.438 0.73742
100000 1.438 0.64546
100000 1.438 0.68076
100000 1.438 0.73435
100000 1.438 0.6695
100000 1.438 0.49065
100000 1.438 0.68364
100000 1.438 0.67417
100000 1.438 0.64471
100000 1.438 0.59229
100000 1.438 0.63496
100000 1.438 0.54122
100000 1.438 0.54937
100000 1.438 0.6475
100000 1.438 0.76024
100000 1.438 0.73928
100000 1.438 0.52901
100000 1.438 0.61962
100000 1.438 0.72139
100000 1.438 0.72886
100000 1.438 0.72352
100000 1.438 0.61061
100000 1.438 0.653
100000 1.438 0.6894
100000 1.438 0.59122
100000 1.438 0.67568
100000 1.438 0.57357
100000 1.438 0.71625
100000 1.438 0.45362
100000 1.438 0.52744
100000 1.438 0.75858
100000 1.438 0.74687
100000 1.438 0.6505
100000 1.438 0.71774
100000 1.438 0.68971
100000 1.438 0.65688
100000 1.438 0.74972
100000 1.438 0.7251
100000 1.438 0.42115
100000 1.438 0.67035
100000 1.438 0.69179
100000 1.438 0.71371
100000 1.438 0.76247
100000 1.438 0.57824
100000 1.438 0.63781
100000 1.438 0.70885
100000 1.438 0.71611
100000 1.438 0.69719
100000 1.438 0.34938
100000 1.438 0.58912
100000 1.438 0.6733
100000 1.438 0.43559
100000 1.438 0.40976
100000 1.438 0.71795
100000 1.438 0.68591
100000 1.438 0.61748
100000 1.438 0.69909
