1000 1.438 0.797
1000 1.438 0.688
1000 1.438 0.951
1000 1.438 0.819
1000 1.438 0.788
1000 1.438 0.927
1000 1.438 0.888
1000 1.438 0.827
1000 1.438 0.895
1000 1.438 0.898
1000 1.438 0.889
1000 1.438 0.746
1000 1.438 0.831
1000 1.438 0.543
1000 1.438 0.81
1000 1.438 0.876
1000 1.438 0.884
1000 1.438 0.82
1000 1.438 0.867
1000 1.438 0.857
1000 1.438 0.821
1000 1.438 0.402
1000 1.438 0.899
1000 1.438 0.882
1000 1.438 0.891
1000 1.438 0.864
1000 1.438 0.768
1000 1.438 0.879
1000 1.438 0.927
1000 1.438 0.526
1000 1.438 0.826
1000 1.438 0.723
1000 1.438 0.885
1000 1.438 0.873
1000 1.438 0.902
1000 1.438 0.819
1000 1.438 0.588
1000 1.438 0.916
1000 1.438 0.816
1000 1.438 0.851
1000 1.438 0.818
1000 1.438 0.836
1000 1.438 0.733
1000 1.438 0.785
1000 1.438 0.917
1000 1.438 0.89
1000 1.438 0.883
1000 1.438 0.862
1000 1.438 0.864
1000 1.438 0.86
1000 1.438 0.877
1000 1.438 0.834
1000 1.438 0.917
1000 1.438 0.912
1000 1.438 0.895
1000 1.438 0.734
1000 1.438 0.944
1000 1.438 0.564
1000 1.438 0.809
1000 1.438 0.862
1000 1.438 0.909
1000 1.438 0.607
1000 1.438 0.775
1000 1.438 0.711
1000 1.438 0.738
1000 1.438 0.922
1000 1.438 0.868
1000 1.438 0.774
1000 1.438 0.922
1000 1.438 0.83
1000 1.438 0.88
1000 1.438 0.835
1000 1.438 0.953
1000 1.438 0.834
1000 1.438 0.95
1000 1.438 0.731
1000 1.438 0.964
1000 1.438 0.833
1000 1.438 0.512
1000 1.438 0.863
1000 1.438 0.933
1000 1.438 0.829
1000 1.438 0.874
1000 1.438 0.843
1000 1.438 0.887
1000 1.438 0.916
1000 1.438 0.919
1000 1.438 0.897
1000 1.438 0.805
1000 1.438 0.542
1000 1.438 0.485
1000 1.438 0.864
1000 1.438 0.815
1000 1.438 0.898
1000 1.438 0.712
1000 1.438 0.835
1000 1.438 0.911
1000 1.438 0.785
1000 1.438 0.766
1000 1.438 0.812
1000 1.438 0.799
1000 1.438 0.682
1000 1.438 0.883
1000 1.438 0.866
1000 1.438 0.542
1000 1.438 0.893
1000 1.438 0.657
1000 1.438 0.934
1000 1.438 0.841
1000 1.438 0.833
1000 1.438 0.894
1000 1.438 0.761
1000 1.438 0.844
1000 1.438 0.394
1000 1.438 0.778
1000 1.438 0.604
1000 1.438 0.766
1000 1.438 0.902
1000 1.438 0.823
1000 1.438 0.775
1000 1.438 0.785
1000 1.438 0.661
1000 1.438 0.723
1000 1.438 0.783
1000 1.438 0.694
1000 1.438 0.749
1000 1.438 0.903
1000 1.438 0.698
1000 1.438 0.879
1000 1.438 0.619
1000 1.438 0.925
1000 1.438 0.894
1000 1.438 0.694
1000 1.438 0.886
1000 1.438 0.835
1000 1.438 0.875
1000 1.438 0.891
1000 1.438 0.908
1000 1.438 0.925
1000 1.438 0.835
1000 1.438 0.642
1000 1.438 0.869
1000 1.438 0.869
1000 1.438 0.822
1000 1.438 0.829
1000 1.438 0.95
1000 1.438 0.825
1000 1.438 0.405
1000 1.438 0.872
1000 1.438 0.434
1000 1.438 0.878
1000 1.438 0.769
1000 1.438 0.898
1000 1.438 0.857
1000 1.438 0.89
1000 1.438 0.925
1000 1.438 0.878
1000 1.438 0.882
1000 1.438 0.914
1000 1.438 0.659
1000 1.438 0.536
1000 1.438 0.937
1000 1.438 0.727
1000 1.438 0.91
1000 1.438 0.696
1000 1.438 0.643
1000 1.438 0.867
1000 1.438 0.764
1000 1.438 0.903
1000 1.438 0.863
1000 1.438 0.909
1000 1.438 0.83
1000 1.438 0.784
1000 1.438 0.289
1000 1.438 0.845
1000 1.438 0.865
1000 1.438 0.923
1000 1.438 0.74
1000 1.438 0.874
1000 1.438 0.843
1000 1.438 0.788
1000 1.438 0.716
1000 1.438 0.849
1000 1.438 0.835
1000 1.438 0.911
1000 1.438 0.732
1000 1.438 0.836
1000 1.438 0.784
1000 1.438 0.92
1000 1.438 0.908
1000 1.438 0.502
1000 1.438 0.95
1000 1.438 0.765
1000 1.438 0.444
1000 1.438 0.909
1000 1.438 0.835
1000 1.438 0.846
1000 1.438 0.926
1000 1.438 0.819
1000 1.438 0.946
1000 1.438 0.8
1000 1.438 0.839
1000 1.438 0.729
1000 1.438 0.68
1000 1.438 0.873
1000 1.438 0.587
1000 1.438 0.747
1000 1.438 0.836
1000 1.438 0.872
1000 1.438 0.537
1000 1.438 0.885
1000 1.438 0.862
1000 1.438 0.795
1000 1.438 0.832
1000 1.438 0.352
1000 1.438 0.725
1000 1.438 0.883
1000 1.438 0.709
1000 1.438 0.553
1000 1.438 0.822
1000 1.438 0.822
1000 1.438 0.893
1000 1.438 0.889
1000 1.438 0.801
1000 1.438 0.898
1000 1.438 0.706
1000 1.438 0.935
1000 1.438 0.864
1000 1.438 0.848
1000 1.438 0.813
1000 1.438 0.445
1000 1.438 0.635
1000 1.438 0.8
1000 1.438 0.889
1000 1.438 0.864
1000 1.438 0.848
1000 1.438 0.909
1000 1.438 0.77
1000 1.438 0.962
1000 1.438 0.917
1000 1.438 0.696
1000 1.438 0.659
1000 1.438 0.574
1000 1.438 0.869
1000 1.438 0.851
1000 1.438 0.886
1000 1.438 0.875
1000 1.438 0.834
1000 1.438 0.782
1000 1.438 0.905
1000 1.438 0.56
1000 1.438 0.831
1000 1.438 0.598
1000 1.438 0.792
1000 1.438 0.89
1000 1.438 0.685
1000 1.438 0.583
1000 1.438 0.513
1000 1.438 0.64
1000 1.438 0.83
1000 1.438 0.776
1000 1.438 0.819
1000 1.438 0.841
1000 1.438 0.842
1000 1.438 0.867
1000 1.438 0.852
1000 1.438 0.409
1000 1.438 0.679
1000 1.438 0.792
1000 1.438 0.785
1000 1.438 0.902
1000 1.438 0.786
1000 1.438 0.771
1000 1.438 0.851
1000 1.438 0.807
1000 1.438 0.778
1000 1.438 0.862
1000 1.438 0.655
1000 1.438 0.871
1000 1.438 0.954
1000 1.438 0.659
1000 1.438 0.773
1000 1.438 0.862
1000 1.438 0.917
1000 1.438 0.698
1000 1.438 0.911
1000 1.438 0.938
1000 1.438 0.829
1000 1.438 0.776
1000 1.438 0.857
1000 1.438 0.765
1000 1.438 0.864
1000 1.438 0.944
1000 1.438 0.516
1000 1.438 0.796
1000 1.438 0.869
1000 1.438 0.548
1000 1.438 0.824
1000 1.438 0.873
1000 1.438 0.88
1000 1.438 0.82
1000 1.438 0.855
1000 1.438 0.91
1000 1.438 0.893
1000 1.438 0.92
1000 1.438 0.743
1000 1.438 0.862
1000 1.438 0.82
1000 1.438 0.927
1000 1.438 0.924
1000 1.438 0.909
1000 1.438 0.758
1000 1.438 0.652
1000 1.438 0.544
1000 1.438 0.822
1000 1.438 0.77
1000 1.438 0.871
1000 1.438 0.904
1000 1.438 0.783
1000 1.438 0.838
1000 1.438 0.86
1000 1.438 0.916
1000 1.438 0.575
1000 1.438 0.879
1000 1.438 0.953
1000 1.438 0.878
1000 1.438 0.693
1000 1.438 0.857
1000 1.438 0.848
1000 1.438 0.828
1000 1.438 0.874
1000 1.438 0.948
1000 1.438 0.817
1000 1.438 0.776
1000 1.438 0.82
1000 1.438 0.856
1000 1.438 0.853
1000 1.438 0.808
1000 1.438 0.917
1000 1.438 0.772
1000 1.438 0.863
1000 1.438 0.869
1000 1.438 0.867
1000 1.438 0.889
1000 1.438 0.857
1000 1.438 0.839
1000 1.438 0.855
1000 1.438 0.845
1000 1.438 0.65
1000 1.438 0.872
1000 1.438 0.739
1000 1.438 0.737
1000 1.438 0.866
1000 1.438 0.632
1000 1.438 0.919
1000 1.438 0.97
1000 1.438 0.874
1000 1.438 0.681
1000 1.438 0.718
1000 1.438 0.878
1000 1.438 0.831
1000 1.438 0.715
1000 1.438 0.814
1000 1.438 0.759
1000 1.438 0.815
1000 1.438 0.852
1000 1.438 0.875
1000 1.438 0.845
1000 1.438 0.877
1000 1.438 0.744
1000 1.438 0.932
1000 1.438 0.457
1000 1.438 0.88
1000 1.438 0.822
1000 1.438 0.925
1000 1.438 0.918
1000 1.438 0.504
1000 1.438 0.795
1000 1.438 0.773
1000 1.438 0.898
1000 1.438 0.885
1000 1.438 0.835
1000 1.438 0.886
1000 1.438 0.948
1000 1.438 0.885
1000 1.438 0.806
1000 1.438 0.859
1000 1.438 0.914
1000 1.438 0.847
1000 1.438 0.852
1000 1.438 0.788
1000 1.438 0.888
1000 1.438 0.381
1000 1.438 0.839
1000 1.438 0.946
1000 1.438 0.923
1000 1.438 0.851
1000 1.438 0.913
1000 1.438 0.73
1000 1.438 0.89
1000 1.438 0.914
1000 1.438 0.78
1000 1.438 0.912
1000 1.438 0.756
1000 1.438 0.857
1000 1.438 0.648
1000 1.438 0.847
1000 1.438 0.912
1000 1.438 0.816
1000 1.438 0.712
1000 1.438 0.86
1000 1.438 0.933
1000 1.438 0.823
1000 1.438 0.839
1000 1.438 0.818
1000 1.438 0.772
1000 1.438 0.835
1000 1.438 0.813
1000 1.438 0.896
1000 1.438 0.833
1000 1.438 0.89
1000 1.438 0.9
1000 1.438 0.853
1000 1.438 0.697
1000 1.438 0.879
1000 1.438 0.78
1000 1.438 0.924
1000 1.438 0.693
1000 1.438 0.884
1000 1.438 0.83
1000 1.438 0.894
1000 1.438 0.911
1000 1.438 0.665
1000 1.438 0.841
1000 1.438 0.926
1000 1.438 0.605
1000 1.438 0.675
1000 1.438 0.664
1000 1.438 0.888
1000 1.438 0.661
1000 1.438 0.913
1000 1.438 0.802
1000 1.438 0.931
1000 1.438 0.89
1000 1.438 0.494
1000 1.438 0.718
1000 1.438 0.844
1000 1.438 0.746
1000 1.438 0.717
1000 1.438 0.717
1000 1.438 0.83
1000 1.438 0.673
1000 1.438 0.889
1000 1.438 0.951
1000 1.438 0.798
1000 1.438 0.714
1000 1.438 0.759
1000 1.438 0.708
1000 1.438 0.872
1000 1.438 0.75
1000 1.438 0.745
1000 1.438 0.87
1000 1.438 0.649
1000 1.438 0.839
1000 1.438 0.894
1000 1.438 0.809
1000 1.438 0.932
1000 1.438 0.935
1000 1.438 0.899
1000 1.438 0.787
1000 1.438 0.739
1000 1.438 0.887
1000 1.438 0.88
1000 1.438 0.419
1000 1.438 0.858
1000 1.438 0.951
1000 1.438 0.812
1000 1.438 0.791
1000 1.438 0.836
1000 1.438 0.808
1000 1.438 0.773
1000 1.438 0.558
1000 1.438 0.802
1000 1.438 0.825
1000 1.438 0.865
1000 1.438 0.716
1000 1.438 0.769
1000 1.438 0.842
1000 1.438 0.854
1000 1.438 0.795
1000 1.438 0.917
1000 1.438 0.333
1000 1.438 0.942
1000 1.438 0.532
1000 1.438 0.554
1000 1.438 0.78
1000 1.438 0.769
1000 1.438 0.831
1000 1.438 0.802
1000 1.438 0.709
1000 1.438 0.822
1000 1.438 0.825
1000 1.438 0.82
1000 1.438 0.769
1000 1.438 0.835
1000 1.438 0.91
1000 1.438 0.952
1000 1.438 0.873
1000 1.438 0.912
1000 1.438 0.777
1000 1.438 0.522
1000 1.438 0.875
1000 1.438 0.838
1000 1.438 0.951
1000 1.438 0.816
1000 1.438 0.77
1000 1.438 0.801
1000 1.438 0.661
1000 1.438 0.663
1000 1.438 0.665
1000 1.438 0.859
1000 1.438 0.89
1000 1.438 0.714
1000 1.438 0.904
1000 1.438 0.798
1000 1.438 0.865
1000 1.438 0.911
1000 1.438 0.777
1000 1.438 0.864
1000 1.438 0.685
1000 1.438 0.768
1000 1.438 0.338
1000 1.438 0.899
1000 1.438 0.698
1000 1.438 0.746
1000 1.438 0.904
1000 1.438 0.904
1000 1.438 0.897
1000 1.438 0.759
1000 1.438 0.262
1000 1.438 0.562
1000 1.438 0.787
1000 1.438 0.849
1000 1.438 0.899
1000 1.438 0.885
1000 1.438 0.772
1000 1.438 0.805
1000 1.438 0.87
1000 1.438 0.711
1000 1.438 0.914
1000 1.438 0.8
1000 1.438 0.665
1000 1.438 0.781
1000 1.438 0.67
1000 1.438 0.74
1000 1.438 0.774
1000 1.438 0.8
1000 1.438 0.807
1000 1.438 0.726
1000 1.438 0.895
1000 1.438 0.747
1000 1.438 0.778
1000 1.438 0.721
1000 1.438 0.844
1000 1.438 0.688
1000 1.438 0.717
1000 1.438 0.69
1000 1.438 0.813
1000 1.438 0.812
1000 1.438 0.951
1000 1.438 0.73
1000 1.438 0.706
1000 1.438 0.809
1000 1.438 0.814
1000 1.438 0.792
1000 1.438 0.903
1000 1.438 0.868
1000 1.438 0.764
1000 1.438 0.35
1000 1.438 0.896
1000 1.438 0.758
1000 1.438 0.904
1000 1.438 0.936
1000 1.438 0.83
1000 1.438 0.465
1000 1.438 0.898
1000 1.438 0.773
1000 1.438 0.917
1000 1.438 0.96
1000 1.438 0.869
1000 1.438 0.679
1000 1.438 0.849
1000 1.438 0.915
1000 1.438 0.837
1000 1.438 0.94
1000 1.438 0.911
1000 1.438 0.765
1000 1.438 0.827
1000 1.438 0.748
1000 1.438 0.746
1000 1.438 0.85
1000 1.438 0.746
1000 1.438 0.784
1000 1.438 0.724
1000 1.438 0.862
1000 1.438 0.891
1000 1.438 0.823
1000 1.438 0.787
1000 1.438 0.778
1000 1.438 0.871
1000 1.438 0.879
1000 1.438 0.882
1000 1.438 0.869
1000 1.438 0.669
1000 1.438 0.826
1000 1.438 0.855
1000 1.438 0.813
1000 1.438 0.874
1000 1.438 0.682
1000 1.438 0.715
1000 1.438 0.748
1000 1.438 0.885
1000 1.438 0.928
1000 1.438 0.878
1000 1.438 0.894
1000 1.438 0.743
1000 1.438 0.717
1000 1.438 0.872
1000 1.438 0.809
1000 1.438 0.873
1000 1.438 0.888
1000 1.438 0.783
1000 1.438 0.454
1000 1.438 0.657
1000 1.438 0.903
1000 1.438 0.739
1000 1.438 0.72
1000 1.438 0.875
1000 1.438 0.872
1000 1.438 0.809
1000 1.438 0.818
1000 1.438 0.917
1000 1.438 0.826
1000 1.438 0.397
1000 1.438 0.955
1000 1.438 0.911
1000 1.438 0.949
1000 1.438 0.649
1000 1.438 0.885
1000 1.438 0.892
1000 1.438 0.64
1000 1.438 0.678
1000 1.438 0.57
1000 1.438 0.876
1000 1.438 0.888
1000 1.438 0.928
1000 1.438 0.836
1000 1.438 0.872
1000 1.438 0.953
1000 1.438 0.589
1000 1.438 0.935
1000 1.438 0.88
1000 1.438 0.885
1000 1.438 0.52
1000 1.438 0.641
1000 1.438 0.836
1000 1.438 0.589
1000 1.438 0.826
1000 1.438 0.89
1000 1.438 0.522
1000 1.438 0.755
1000 1.438 0.791
1000 1.438 0.411
1000 1.438 0.409
1000 1.438 0.899
1000 1.438 0.858
1000 1.438 0.431
1000 1.438 0.895
1000 1.438 0.684
1000 1.438 0.874
1000 1.438 0.734
1000 1.438 0.823
1000 1.438 0.889
1000 1.438 0.835
1000 1.438 0.801
1000 1.438 0.948
1000 1.438 0.792
1000 1.438 0.842
1000 1.438 0.686
1000 1.438 0.875
1000 1.438 0.739
1000 1.438 0.889
1000 1.438 0.901
1000 1.438 0.923
1000 1.438 0.941
1000 1.438 0.881
1000 1.438 0.548
1000 1.438 0.902
1000 1.438 0.895
1000 1.438 0.888
1000 1.438 0.858
1000 1.438 0.623
1000 1.438 0.796
1000 1.438 0.452
1000 1.438 0.726
1000 1.438 0.756
1000 1.438 0.718
1000 1.438 0.841
1000 1.438 0.705
1000 1.438 0.927
1000 1.438 0.884
1000 1.438 0.735
1000 1.438 0.93
1000 1.438 0.859
1000 1.438 0.919
1000 1.438 0.738
1000 1.438 0.944
1000 1.438 0.77
1000 1.438 0.904
1000 1.438 0.781
1000 1.438 0.705
1000 1.438 0.819
1000 1.438 0.896
1000 1.438 0.819
1000 1.438 0.853
1000 1.438 0.822
1000 1.438 0.537
1000 1.438 0.642
1000 1.438 0.866
1000 1.438 0.588
1000 1.438 0.902
1000 1.438 0.815
1000 1.438 0.686
1000 1.438 0.915
1000 1.438 0.735
1000 1.438 0.942
1000 1.438 0.882
1000 1.438 0.813
1000 1.438 0.834
1000 1.438 0.874
1000 1.438 0.878
1000 1.438 0.916
1000 1.438 0.864
1000 1.438 0.953
1000 1.438 0.853
1000 1.438 0.616
1000 1.438 0.576
1000 1.438 0.826
1000 1.438 0.873
1000 1.438 0.726
1000 1.438 0.931
1000 1.438 0.889
1000 1.438 0.879
1000 1.438 0.922
1000 1.438 0.636
1000 1.438 0.715
1000 1.438 0.609
1000 1.438 0.962
1000 1.438 0.736
1000 1.438 0.809
1000 1.438 0.853
1000 1.438 0.532
1000 1.438 0.738
1000 1.438 0.822
1000 1.438 0.845
1000 1.438 0.774
1000 1.438 0.901
1000 1.438 0.839
1000 1.438 0.824
1000 1.438 0.908
1000 1.438 0.864
1000 1.438 0.574
1000 1.438 0.848
1000 1.438 0.63
1000 1.438 0.853
1000 1.438 0.879
1000 1.438 0.452
1000 1.438 0.897
1000 1.438 0.622
1000 1.438 0.746
1000 1.438 0.892
1000 1.438 0.775
1000 1.438 0.884
1000 1.438 0.821
1000 1.438 0.541
1000 1.438 0.746
1000 1.438 0.671
1000 1.438 0.699
1000 1.438 0.944
1000 1.438 0.678
1000 1.438 0.77
1000 1.438 0.557
1000 1.438 0.702
1000 1.438 0.831
1000 1.438 0.882
1000 1.438 0.844
1000 1.438 0.8
1000 1.438 0.648
1000 1.438 0.733
1000 1.438 0.841
1000 1.438 0.867
1000 1.438 0.811
1000 1.438 0.746
1000 1.438 0.691
1000 1.438 0.939
1000 1.438 0.78
1000 1.438 0.906
1000 1.438 0.782
1000 1.438 0.933
1000 1.438 0.786
1000 1.438 0.87
1000 1.438 0.688
1000 1.438 0.903
1000 1.438 0.827
1000 1.438 0.869
1000 1.438 0.787
1000 1.438 0.861
1000 1.438 0.833
1000 1.438 0.604
1000 1.438 0.624
1000 1.438 0.855
1000 1.438 0.933
1000 1.438 0.779
1000 1.438 0.838
1000 1.438 0.88
1000 1.438 0.794
1000 1.438 0.66
1000 1.438 0.673
1000 1.438 0.854
1000 1.438 0.89
1000 1.438 0.856
1000 1.438 0.665
1000 1.438 0.891
1000 1.438 0.94
1000 1.438 0.841
1000 1.438 0.9
1000 1.438 0.734
1000 1.438 0.918
1000 1.438 0.576
1000 1.438 0.911
1000 1.438 0.606
1000 1.438 0.645
1000 1.438 0.845
1000 1.438 0.927
1000 1.438 0.644
1000 1.438 0.815
1000 1.438 0.842
1000 1.438 0.865
1000 1.438 0.675
1000 1.438 0.87
1000 1.438 0.523
1000 1.438 0.902
1000 1.438 0.86
1000 1.438 0.829
1000 1.438 0.847
1000 1.438 0.863
1000 1.438 0.693
1000 1.438 0.746
1000 1.438 0.795
1000 1.438 0.834
1000 1.438 0.615
1000 1.438 0.833
1000 1.438 0.944
1000 1.438 0.351
1000 1.438 0.912
1000 1.438 0.793
1000 1.438 0.324
1000 1.438 0.892
1000 1.438 0.758
1000 1.438 0.905
1000 1.438 0.908
1000 1.438 0.929
1000 1.438 0.883
1000 1.438 0.917
1000 1.438 0.808
1000 1.438 0.957
1000 1.438 0.745
1000 1.438 0.902
1000 1.438 0.857
1000 1.438 0.495
1000 1.438 0.88
1000 1.438 0.797
1000 1.438 0.923
1000 1.438 0.388
1000 1.438 0.823
1000 1.438 0.907
1000 1.438 0.679
1000 1.438 0.917
1000 1.438 0.903
1000 1.438 0.858
1000 1.438 0.864
1000 1.438 0.25
1000 1.438 0.732
1000 1.438 0.848
1000 1.438 0.881
1000 1.438 0.875
1000 1.438 0.875
1000 1.438 0.895
1000 1.438 0.911
1000 1.438 0.433
1000 1.438 0.719
1000 1.438 0.752
1000 1.438 0.714
1000 1.438 0.828
1000 1.438 0.923
1000 1.438 0.801
1000 1.438 0.734
1000 1.438 0.816
1000 1.438 0.884
1000 1.438 0.906
1000 1.438 0.824
1000 1.438 0.731
1000 1.438 0.758
1000 1.438 0.829
1000 1.438 0.907
1000 1.438 0.934
1000 1.438 0.902
1000 1.438 0.837
1000 1.438 0.904
1000 1.438 0.759
1000 1.438 0.816
1000 1.438 0.867
1000 1.438 0.874
1000 1.438 0.844
1000 1.438 0.889
1000 1.438 0.855
1000 1.438 0.731
1000 1.438 0.758
1000 1.438 0.772
1000 1.438 0.512
1000 1.438 0.928
1000 1.438 0.748
1000 1.438 0.882
1000 1.438 0.826
1000 1.438 0.896
1000 1.438 0.93
1000 1.438 0.9
1000 1.438 0.917
1000 1.438 0.84
1000 1.438 0.713
1000 1.438 0.64
1000 1.438 0.922
1000 1.438 0.847
1000 1.438 0.793
1000 1.438 0.807
1000 1.438 0.871
1000 1.438 0.684
1000 1.438 0.769
1000 1.438 0.821
1000 1.438 0.739
1000 1.438 0.479
1000 1.438 0.853
1000 1.438 0.84
1000 1.438 0.811
1000 1.438 0.684
1000 1.438 0.855
1000 1.438 0.845
1000 1.438 0.612
1000 1.438 0.793
1000 1.438 0.493
1000 1.438 0.796
1000 1.438 0.622
1000 1.438 0.887
1000 1.438 0.744
1000 1.438 0.934
1000 1.438 0.918
1000 1.438 0.694
1000 1.438 0.746
1000 1.438 0.733
1000 1.438 0.889
1000 1.438 0.82
1000 1.438 0.89
1000 1.438 0.928
1000 1.438 0.859
1000 1.438 0.712
1000 1.438 0.915
1000 1.438 0.302
1000 1.438 0.367
1000 1.438 0.907
1000 1.438 0.886
1000 1.438 0.668
1000 1.438 0.871
1000 1.438 0.915
1000 1.438 0.838
1000 1.438 0.917
1000 1.438 0.815
1000 1.438 0.912
1000 1.438 0.845
1000 1.438 0.586
1000 1.438 0.657
1000 1.438 0.931
1000 1.438 0.796
1000 1.438 0.794
1000 1.438 0.946
1000 1.438 0.813
1000 1.438 0.858
1000 1.438 0.865
1000 1.438 0.893
1000 1.438 0.822
1000 1.438 0.487
