10000000000 1.438 0.527063
10000000000 1.438 0.532324
10000000000 1.438 0.535225
10000000000 1.438 0.521016
10000000000 1.438 0.527551
10000000000 1.438 0.527582
10000000000 1.438 0.532074
10000000000 1.438 0.536927
10000000000 1.438 0.530032
10000000000 1.438 0.53529
10000000000 1.438 0.524281
10000000000 1.438 0.534529
10000000000 1.438 0.535637
10000000000 1.438 0.523456
10000000000 1.438 0.536984
10000000000 1.438 0.533454
10000000000 1.438 0.533588
10000000000 1.438 0.530091
10000000000 1.438 0.522505
10000000000 1.438 0.52621
10000000000 1.438 0.53401
10000000000 1.438 0.532715
10000000000 1.438 0.527678
10000000000 1.438 0.535122
10000000000 1.438 0.532122
10000000000 1.438 0.531512
10000000000 1.438 0.539575
10000000000 1.438 0.530147
10000000000 1.438 0.52907
10000000000 1.438 0.528657
10000000000 1.438 0.533617
10000000000 1.438 0.530049
10000000000 1.438 0.530696
10000000000 1.438 0.530212
10000000000 1.438 0.533028
10000000000 1.438 0.528059
10000000000 1.438 0.532484
10000000000 1.438 0.529549
10000000000 1.438 0.529707
10000000000 1.438 0.526347
10000000000 1.438 0.536733
10000000000 1.438 0.528741
10000000000 1.438 0.533626
10000000000 1.438 0.537068
10000000000 1.438 0.529762
10000000000 1.438 0.53493
10000000000 1.438 0.533248
10000000000 1.438 0.535751
10000000000 1.438 0.53321
10000000000 1.438 0.536861
10000000000 1.438 0.524453
10000000000 1.438 0.533607
10000000000 1.438 0.518154
10000000000 1.438 0.520949
10000000000 1.438 0.537902
10000000000 1.438 0.531174
10000000000 1.438 0.53904
10000000000 1.438 0.533252
10000000000 1.438 0.523611
10000000000 1.438 0.528081
10000000000 1.438 0.533551
10000000000 1.438 0.535952
10000000000 1.438 0.520573
10000000000 1.438 0.532403
10000000000 1.438 0.522669
10000000000 1.438 0.52578
10000000000 1.438 0.53226
10000000000 1.438 0.530062
10000000000 1.438 0.533766
10000000000 1.438 0.532349
10000000000 1.438 0.527684
10000000000 1.438 0.529108
10000000000 1.438 0.534741
10000000000 1.438 0.534797
10000000000 1.438 0.524773
10000000000 1.438 0.532294
10000000000 1.438 0.530705
10000000000 1.438 0.532981
10000000000 1.438 0.527395
10000000000 1.438 0.53383
10000000000 1.438 0.523262
10000000000 1.438 0.531395
10000000000 1.438 0.527273
10000000000 1.438 0.522317
10000000000 1.438 0.534232
10000000000 1.438 0.531316
10000000000 1.438 0.530933
10000000000 1.438 0.533064
10000000000 1.438 0.531022
10000000000 1.438 0.53238
10000000000 1.438 0.525765
10000000000 1.438 0.528205
10000000000 1.438 0.529185
10000000000 1.438 0.530911
10000000000 1.438 0.522802
10000000000 1.438 0.53373
10000000000 1.438 0.531213
10000000000 1.438 0.534834
10000000000 1.438 0.532112
10000000000 1.438 0.528929
