10000 1.438 0.7978
10000 1.438 0.715
10000 1.438 0.5989
10000 1.438 0.801
10000 1.438 0.5783
10000 1.438 0.8403
10000 1.438 0.7954
10000 1.438 0.797
10000 1.438 0.6734
10000 1.438 0.6916
10000 1.438 0.7006
10000 1.438 0.844
10000 1.438 0.5265
10000 1.438 0.736
10000 1.438 0.8215
10000 1.438 0.6862
10000 1.438 0.6701
10000 1.438 0.751
10000 1.438 0.3815
10000 1.438 0.6089
10000 1.438 0.814
10000 1.438 0.7728
10000 1.438 0.8489
10000 1.438 0.8121
10000 1.438 0.7408
10000 1.438 0.6185
10000 1.438 0.5741
10000 1.438 0.6765
10000 1.438 0.6114
10000 1.438 0.7079
10000 1.438 0.8499
10000 1.438 0.6653
10000 1.438 0.8548
10000 1.438 0.7813
10000 1.438 0.3491
10000 1.438 0.8114
10000 1.438 0.674
10000 1.438 0.8288
10000 1.438 0.7158
10000 1.438 0.8512
10000 1.438 0.7939
10000 1.438 0.7583
10000 1.438 0.8675
10000 1.438 0.7233
10000 1.438 0.7962
10000 1.438 0.6896
10000 1.438 0.769
10000 1.438 0.7231
10000 1.438 0.838
10000 1.438 0.7728
10000 1.438 0.798
10000 1.438 0.6418
10000 1.438 0.8182
10000 1.438 0.3894
10000 1.438 0.4923
10000 1.438 0.6926
10000 1.438 0.777
10000 1.438 0.6767
10000 1.438 0.7949
10000 1.438 0.8155
10000 1.438 0.7899
10000 1.438 0.5552
10000 1.438 0.4163
10000 1.438 0.8091
10000 1.438 0.7372
10000 1.438 0.7651
10000 1.438 0.7566
10000 1.438 0.5706
10000 1.438 0.7155
10000 1.438 0.8481
10000 1.438 0.7668
10000 1.438 0.7433
10000 1.438 0.6786
10000 1.438 0.7759
10000 1.438 0.3592
10000 1.438 0.7973
10000 1.438 0.7698
10000 1.438 0.7932
10000 1.438 0.8426
10000 1.438 0.7497
10000 1.438 0.342
10000 1.438 0.7896
10000 1.438 0.8213
10000 1.438 0.6334
10000 1.438 0.6286
10000 1.438 0.8317
10000 1.438 0.8224
10000 1.438 0.5455
10000 1.438 0.7176
10000 1.438 0.8056
10000 1.438 0.4544
10000 1.438 0.7827
10000 1.438 0.7256
10000 1.438 0.3341
10000 1.438 0.8718
10000 1.438 0.2299
10000 1.438 0.3014
10000 1.438 0.783
10000 1.438 0.7293
10000 1.438 0.8037
10000 1.438 0.8348
10000 1.438 0.5728
10000 1.438 0.7972
10000 1.438 0.5952
10000 1.438 0.777
10000 1.438 0.6896
10000 1.438 0.7193
10000 1.438 0.7625
10000 1.438 0.6061
10000 1.438 0.6
10000 1.438 0.7897
10000 1.438 0.728
10000 1.438 0.74
10000 1.438 0.4466
10000 1.438 0.7702
10000 1.438 0.8842
10000 1.438 0.7342
10000 1.438 0.8129
10000 1.438 0.6421
10000 1.438 0.4893
10000 1.438 0.6987
10000 1.438 0.368
10000 1.438 0.4991
10000 1.438 0.7683
10000 1.438 0.7723
10000 1.438 0.6798
10000 1.438 0.8393
10000 1.438 0.8542
10000 1.438 0.7915
10000 1.438 0.5131
10000 1.438 0.5035
10000 1.438 0.6887
10000 1.438 0.8281
10000 1.438 0.8302
10000 1.438 0.6664
10000 1.438 0.8671
10000 1.438 0.8323
10000 1.438 0.7972
10000 1.438 0.838
10000 1.438 0.5438
10000 1.438 0.7625
10000 1.438 0.6361
10000 1.438 0.8124
10000 1.438 0.4235
10000 1.438 0.2758
10000 1.438 0.5593
10000 1.438 0.8126
10000 1.438 0.7956
10000 1.438 0.7397
10000 1.438 0.7982
10000 1.438 0.796
10000 1.438 0.3729
10000 1.438 0.8468
10000 1.438 0.8492
10000 1.438 0.8093
10000 1.438 0.496
10000 1.438 0.5185
10000 1.438 0.7369
10000 1.438 0.6471
10000 1.438 0.7866
10000 1.438 0.5763
10000 1.438 0.5535
10000 1.438 0.7162
10000 1.438 0.7614
10000 1.438 0.7513
10000 1.438 0.8021
10000 1.438 0.4465
10000 1.438 0.8236
10000 1.438 0.8095
10000 1.438 0.7285
10000 1.438 0.5732
10000 1.438 0.79
10000 1.438 0.7524
10000 1.438 0.643
10000 1.438 0.5404
10000 1.438 0.7693
10000 1.438 0.663
10000 1.438 0.8161
10000 1.438 0.7376
10000 1.438 0.804
10000 1.438 0.675
10000 1.438 0.7614
10000 1.438 0.7679
10000 1.438 0.6944
10000 1.438 0.8333
10000 1.438 0.829
10000 1.438 0.6817
10000 1.438 0.843
10000 1.438 0.7714
10000 1.438 0.788
10000 1.438 0.682
10000 1.438 0.8783
10000 1.438 0.7886
10000 1.438 0.8247
10000 1.438 0.7451
10000 1.438 0.7795
10000 1.438 0.7273
10000 1.438 0.8064
10000 1.438 0.7527
10000 1.438 0.7267
10000 1.438 0.7822
10000 1.438 0.7302
10000 1.438 0.7963
10000 1.438 0.7674
10000 1.438 0.7146
10000 1.438 0.8145
10000 1.438 0.8173
10000 1.438 0.8333
10000 1.438 0.3318
10000 1.438 0.7031
10000 1.438 0.7343
10000 1.438 0.7424
10000 1.438 0.6768
10000 1.438 0.7925
10000 1.438 0.7488
10000 1.438 0.7807
10000 1.438 0.8467
10000 1.438 0.7367
10000 1.438 0.6813
10000 1.438 0.6673
10000 1.438 0.7457
10000 1.438 0.75
10000 1.438 0.7607
10000 1.438 0.8151
10000 1.438 0.822
10000 1.438 0.8215
10000 1.438 0.8144
10000 1.438 0.7402
10000 1.438 0.8397
10000 1.438 0.787
10000 1.438 0.7345
10000 1.438 0.4437
10000 1.438 0.1966
10000 1.438 0.738
10000 1.438 0.658
10000 1.438 0.3833
10000 1.438 0.6784
10000 1.438 0.6898
10000 1.438 0.7717
10000 1.438 0.7839
10000 1.438 0.4756
10000 1.438 0.7385
10000 1.438 0.7525
10000 1.438 0.7376
10000 1.438 0.4084
10000 1.438 0.526
10000 1.438 0.4452
10000 1.438 0.8487
10000 1.438 0.7481
10000 1.438 0.8196
10000 1.438 0.5931
10000 1.438 0.6934
10000 1.438 0.6349
10000 1.438 0.8233
10000 1.438 0.8052
10000 1.438 0.826
10000 1.438 0.5961
10000 1.438 0.7517
10000 1.438 0.7355
10000 1.438 0.7251
10000 1.438 0.861
10000 1.438 0.571
10000 1.438 0.6094
10000 1.438 0.6725
10000 1.438 0.6073
10000 1.438 0.7756
10000 1.438 0.7649
10000 1.438 0.3376
10000 1.438 0.8581
10000 1.438 0.839
10000 1.438 0.7341
10000 1.438 0.8052
10000 1.438 0.8106
10000 1.438 0.7778
10000 1.438 0.7867
10000 1.438 0.8049
10000 1.438 0.6807
10000 1.438 0.7641
10000 1.438 0.5876
10000 1.438 0.6798
10000 1.438 0.7797
10000 1.438 0.8065
10000 1.438 0.8256
10000 1.438 0.7602
10000 1.438 0.7944
10000 1.438 0.3714
10000 1.438 0.8173
10000 1.438 0.7269
10000 1.438 0.7895
10000 1.438 0.8314
10000 1.438 0.6529
10000 1.438 0.801
10000 1.438 0.7136
10000 1.438 0.6122
10000 1.438 0.5997
10000 1.438 0.8882
10000 1.438 0.6877
10000 1.438 0.8217
10000 1.438 0.7359
10000 1.438 0.8316
10000 1.438 0.7305
10000 1.438 0.8029
10000 1.438 0.693
10000 1.438 0.7899
10000 1.438 0.6819
10000 1.438 0.8356
10000 1.438 0.7889
10000 1.438 0.7723
10000 1.438 0.7968
10000 1.438 0.8095
10000 1.438 0.6626
10000 1.438 0.665
10000 1.438 0.3649
10000 1.438 0.4076
10000 1.438 0.5827
10000 1.438 0.8262
10000 1.438 0.8488
10000 1.438 0.751
10000 1.438 0.842
10000 1.438 0.8182
10000 1.438 0.8244
10000 1.438 0.7223
10000 1.438 0.6865
10000 1.438 0.7755
10000 1.438 0.6994
10000 1.438 0.796
10000 1.438 0.8055
10000 1.438 0.8299
10000 1.438 0.7913
10000 1.438 0.3029
10000 1.438 0.6658
10000 1.438 0.8158
10000 1.438 0.8191
10000 1.438 0.7018
10000 1.438 0.719
10000 1.438 0.5536
10000 1.438 0.8465
10000 1.438 0.6393
10000 1.438 0.8004
10000 1.438 0.7789
10000 1.438 0.8249
10000 1.438 0.8079
10000 1.438 0.8364
10000 1.438 0.833
10000 1.438 0.7412
10000 1.438 0.7507
10000 1.438 0.7837
10000 1.438 0.8303
10000 1.438 0.3858
10000 1.438 0.7287
10000 1.438 0.8047
10000 1.438 0.8217
10000 1.438 0.8006
10000 1.438 0.8607
10000 1.438 0.769
10000 1.438 0.7916
10000 1.438 0.7166
10000 1.438 0.6355
10000 1.438 0.8299
10000 1.438 0.2835
10000 1.438 0.8343
10000 1.438 0.8252
10000 1.438 0.7833
10000 1.438 0.7632
10000 1.438 0.7923
10000 1.438 0.6988
10000 1.438 0.8311
10000 1.438 0.7559
10000 1.438 0.6943
10000 1.438 0.6427
10000 1.438 0.6697
10000 1.438 0.7586
10000 1.438 0.7155
10000 1.438 0.5675
10000 1.438 0.7769
10000 1.438 0.6801
10000 1.438 0.8111
10000 1.438 0.8478
10000 1.438 0.7237
10000 1.438 0.6625
10000 1.438 0.8415
10000 1.438 0.5851
10000 1.438 0.7759
10000 1.438 0.7126
10000 1.438 0.5862
10000 1.438 0.7217
10000 1.438 0.8789
10000 1.438 0.776
10000 1.438 0.8076
10000 1.438 0.4956
10000 1.438 0.7032
10000 1.438 0.7337
10000 1.438 0.5657
10000 1.438 0.5556
10000 1.438 0.8064
10000 1.438 0.5411
10000 1.438 0.7922
10000 1.438 0.8228
10000 1.438 0.8321
10000 1.438 0.7367
10000 1.438 0.7482
10000 1.438 0.5865
10000 1.438 0.4196
10000 1.438 0.5094
10000 1.438 0.7381
10000 1.438 0.7144
10000 1.438 0.5871
10000 1.438 0.7801
10000 1.438 0.6806
10000 1.438 0.7291
10000 1.438 0.8121
10000 1.438 0.8784
10000 1.438 0.7115
10000 1.438 0.6954
10000 1.438 0.7588
10000 1.438 0.7231
10000 1.438 0.8387
10000 1.438 0.6386
10000 1.438 0.8638
10000 1.438 0.7911
10000 1.438 0.7948
10000 1.438 0.3932
10000 1.438 0.6526
10000 1.438 0.3277
10000 1.438 0.7438
10000 1.438 0.7311
10000 1.438 0.7796
10000 1.438 0.8058
10000 1.438 0.8538
10000 1.438 0.1734
10000 1.438 0.6809
10000 1.438 0.7993
10000 1.438 0.7776
10000 1.438 0.7295
10000 1.438 0.626
10000 1.438 0.6256
10000 1.438 0.7887
10000 1.438 0.5169
10000 1.438 0.8236
10000 1.438 0.7954
10000 1.438 0.3319
10000 1.438 0.7637
10000 1.438 0.7132
10000 1.438 0.7975
10000 1.438 0.7683
10000 1.438 0.7834
10000 1.438 0.8044
10000 1.438 0.799
10000 1.438 0.7032
10000 1.438 0.781
10000 1.438 0.4608
10000 1.438 0.6436
10000 1.438 0.6223
10000 1.438 0.8005
10000 1.438 0.5211
10000 1.438 0.7075
10000 1.438 0.5972
10000 1.438 0.6721
10000 1.438 0.8346
10000 1.438 0.6426
10000 1.438 0.7712
10000 1.438 0.5911
10000 1.438 0.7479
10000 1.438 0.7598
10000 1.438 0.7641
10000 1.438 0.7586
10000 1.438 0.7245
10000 1.438 0.8153
10000 1.438 0.8414
10000 1.438 0.7064
10000 1.438 0.7685
10000 1.438 0.7849
10000 1.438 0.6769
10000 1.438 0.6274
10000 1.438 0.7412
10000 1.438 0.8046
10000 1.438 0.4275
10000 1.438 0.7899
10000 1.438 0.8129
10000 1.438 0.8312
10000 1.438 0.8262
10000 1.438 0.7606
10000 1.438 0.8057
10000 1.438 0.762
10000 1.438 0.8263
10000 1.438 0.7705
10000 1.438 0.7781
10000 1.438 0.8221
10000 1.438 0.7083
10000 1.438 0.6834
10000 1.438 0.693
10000 1.438 0.6303
10000 1.438 0.6599
10000 1.438 0.8518
10000 1.438 0.8794
10000 1.438 0.7924
10000 1.438 0.7984
10000 1.438 0.7262
10000 1.438 0.5035
10000 1.438 0.8177
10000 1.438 0.8318
10000 1.438 0.8338
10000 1.438 0.5749
10000 1.438 0.7297
10000 1.438 0.6407
10000 1.438 0.7449
10000 1.438 0.7375
10000 1.438 0.8285
10000 1.438 0.8123
10000 1.438 0.7263
10000 1.438 0.8294
10000 1.438 0.33
10000 1.438 0.7018
10000 1.438 0.816
10000 1.438 0.7051
10000 1.438 0.718
10000 1.438 0.8314
10000 1.438 0.6812
10000 1.438 0.7059
10000 1.438 0.5842
10000 1.438 0.8153
10000 1.438 0.6862
10000 1.438 0.5466
10000 1.438 0.7332
10000 1.438 0.7176
10000 1.438 0.5441
10000 1.438 0.7816
10000 1.438 0.4296
10000 1.438 0.5929
10000 1.438 0.4164
10000 1.438 0.7396
10000 1.438 0.8172
10000 1.438 0.7871
10000 1.438 0.8825
10000 1.438 0.6826
10000 1.438 0.786
10000 1.438 0.6006
10000 1.438 0.7976
10000 1.438 0.5509
10000 1.438 0.7221
10000 1.438 0.551
10000 1.438 0.3885
10000 1.438 0.7396
10000 1.438 0.8057
10000 1.438 0.7419
10000 1.438 0.7388
10000 1.438 0.6075
10000 1.438 0.6336
10000 1.438 0.7863
10000 1.438 0.8439
10000 1.438 0.6473
10000 1.438 0.8737
10000 1.438 0.6338
10000 1.438 0.8047
10000 1.438 0.5085
10000 1.438 0.8424
10000 1.438 0.4783
10000 1.438 0.792
10000 1.438 0.7947
10000 1.438 0.8401
10000 1.438 0.8469
10000 1.438 0.2889
10000 1.438 0.5565
10000 1.438 0.7905
10000 1.438 0.8213
10000 1.438 0.7566
10000 1.438 0.5983
10000 1.438 0.4973
10000 1.438 0.7228
10000 1.438 0.605
10000 1.438 0.7593
10000 1.438 0.7759
10000 1.438 0.786
10000 1.438 0.7179
10000 1.438 0.6953
10000 1.438 0.7636
10000 1.438 0.7414
10000 1.438 0.8363
10000 1.438 0.7444
10000 1.438 0.4765
10000 1.438 0.8567
10000 1.438 0.756
10000 1.438 0.7914
10000 1.438 0.8637
10000 1.438 0.6916
10000 1.438 0.7702
10000 1.438 0.2787
10000 1.438 0.5465
10000 1.438 0.7226
10000 1.438 0.546
10000 1.438 0.7743
10000 1.438 0.6704
10000 1.438 0.2348
10000 1.438 0.7814
10000 1.438 0.6641
10000 1.438 0.7178
10000 1.438 0.7399
10000 1.438 0.5803
10000 1.438 0.805
10000 1.438 0.7527
10000 1.438 0.706
10000 1.438 0.7939
10000 1.438 0.7757
10000 1.438 0.7208
10000 1.438 0.8241
10000 1.438 0.7
10000 1.438 0.7664
10000 1.438 0.8101
10000 1.438 0.2521
10000 1.438 0.8167
10000 1.438 0.6861
10000 1.438 0.6427
10000 1.438 0.819
10000 1.438 0.732
10000 1.438 0.4473
10000 1.438 0.7759
10000 1.438 0.7394
10000 1.438 0.7872
10000 1.438 0.6023
10000 1.438 0.7701
10000 1.438 0.7577
10000 1.438 0.8003
10000 1.438 0.8052
10000 1.438 0.5092
10000 1.438 0.5337
10000 1.438 0.4252
10000 1.438 0.8456
10000 1.438 0.6316
10000 1.438 0.7739
10000 1.438 0.702
10000 1.438 0.7693
10000 1.438 0.755
10000 1.438 0.6494
10000 1.438 0.7595
10000 1.438 0.7202
10000 1.438 0.7749
10000 1.438 0.7015
10000 1.438 0.6195
10000 1.438 0.8219
10000 1.438 0.4898
10000 1.438 0.6887
10000 1.438 0.7314
10000 1.438 0.8001
10000 1.438 0.751
10000 1.438 0.6627
10000 1.438 0.6536
10000 1.438 0.5719
10000 1.438 0.7582
10000 1.438 0.6546
10000 1.438 0.5402
10000 1.438 0.7996
10000 1.438 0.8379
10000 1.438 0.8318
10000 1.438 0.7866
10000 1.438 0.8259
10000 1.438 0.8139
10000 1.438 0.4974
10000 1.438 0.8529
10000 1.438 0.771
10000 1.438 0.8104
10000 1.438 0.8016
10000 1.438 0.8118
10000 1.438 0.792
10000 1.438 0.7442
10000 1.438 0.8051
10000 1.438 0.8334
10000 1.438 0.7178
10000 1.438 0.6233
10000 1.438 0.5847
10000 1.438 0.7826
10000 1.438 0.8849
10000 1.438 0.8278
10000 1.438 0.8075
10000 1.438 0.823
10000 1.438 0.6078
10000 1.438 0.8576
10000 1.438 0.7467
10000 1.438 0.8324
10000 1.438 0.7842
10000 1.438 0.8649
10000 1.438 0.8226
10000 1.438 0.8091
10000 1.438 0.8156
10000 1.438 0.643
10000 1.438 0.5009
10000 1.438 0.8501
10000 1.438 0.8494
10000 1.438 0.7399
10000 1.438 0.6747
10000 1.438 0.6851
10000 1.438 0.8433
10000 1.438 0.5842
10000 1.438 0.8813
10000 1.438 0.4265
10000 1.438 0.5709
10000 1.438 0.551
10000 1.438 0.8687
10000 1.438 0.7571
10000 1.438 0.7283
10000 1.438 0.8527
10000 1.438 0.7115
10000 1.438 0.8412
10000 1.438 0.7109
10000 1.438 0.7447
10000 1.438 0.8164
10000 1.438 0.3045
10000 1.438 0.7996
10000 1.438 0.703
10000 1.438 0.7554
10000 1.438 0.6914
10000 1.438 0.7089
10000 1.438 0.7596
10000 1.438 0.7834
10000 1.438 0.7756
10000 1.438 0.8261
10000 1.438 0.6507
10000 1.438 0.537
10000 1.438 0.7738
10000 1.438 0.7487
10000 1.438 0.804
10000 1.438 0.7962
10000 1.438 0.762
10000 1.438 0.8098
10000 1.438 0.7561
10000 1.438 0.8056
10000 1.438 0.7451
10000 1.438 0.5687
10000 1.438 0.8016
10000 1.438 0.7952
10000 1.438 0.6847
10000 1.438 0.6711
10000 1.438 0.5664
10000 1.438 0.7637
10000 1.438 0.6997
10000 1.438 0.8209
10000 1.438 0.7484
10000 1.438 0.8356
10000 1.438 0.7373
10000 1.438 0.8235
10000 1.438 0.8242
10000 1.438 0.7449
10000 1.438 0.7576
10000 1.438 0.7825
10000 1.438 0.8027
10000 1.438 0.6199
10000 1.438 0.5871
10000 1.438 0.7935
10000 1.438 0.8504
10000 1.438 0.7098
10000 1.438 0.5478
10000 1.438 0.7065
10000 1.438 0.7757
10000 1.438 0.8051
10000 1.438 0.5833
10000 1.438 0.7773
10000 1.438 0.5039
10000 1.438 0.7921
10000 1.438 0.6731
10000 1.438 0.7251
10000 1.438 0.5842
10000 1.438 0.7215
10000 1.438 0.78
10000 1.438 0.84
10000 1.438 0.7508
10000 1.438 0.7
10000 1.438 0.5911
10000 1.438 0.6975
10000 1.438 0.775
10000 1.438 0.7194
10000 1.438 0.8127
10000 1.438 0.7823
10000 1.438 0.7616
10000 1.438 0.3926
10000 1.438 0.808
10000 1.438 0.6647
10000 1.438 0.6755
10000 1.438 0.4524
10000 1.438 0.6653
10000 1.438 0.7382
10000 1.438 0.7858
10000 1.438 0.6868
10000 1.438 0.8036
10000 1.438 0.6855
10000 1.438 0.8158
10000 1.438 0.8317
10000 1.438 0.8349
10000 1.438 0.655
10000 1.438 0.8186
10000 1.438 0.7185
10000 1.438 0.6123
10000 1.438 0.631
10000 1.438 0.687
10000 1.438 0.5733
10000 1.438 0.7759
10000 1.438 0.7489
10000 1.438 0.8447
10000 1.438 0.8037
10000 1.438 0.7795
10000 1.438 0.802
10000 1.438 0.7089
10000 1.438 0.421
10000 1.438 0.7794
10000 1.438 0.7545
10000 1.438 0.7623
10000 1.438 0.7953
10000 1.438 0.7048
10000 1.438 0.7865
10000 1.438 0.4172
10000 1.438 0.5916
10000 1.438 0.6373
10000 1.438 0.7341
10000 1.438 0.7524
10000 1.438 0.6644
10000 1.438 0.4214
10000 1.438 0.8502
10000 1.438 0.5118
10000 1.438 0.7057
10000 1.438 0.7532
10000 1.438 0.8207
10000 1.438 0.5506
10000 1.438 0.7305
10000 1.438 0.5278
10000 1.438 0.8304
10000 1.438 0.6743
10000 1.438 0.7784
10000 1.438 0.8414
10000 1.438 0.7042
10000 1.438 0.7776
10000 1.438 0.7516
10000 1.438 0.7668
10000 1.438 0.7519
10000 1.438 0.8002
10000 1.438 0.753
10000 1.438 0.8705
10000 1.438 0.8585
10000 1.438 0.7444
10000 1.438 0.7186
10000 1.438 0.5775
10000 1.438 0.8733
10000 1.438 0.7538
10000 1.438 0.7309
10000 1.438 0.795
10000 1.438 0.6558
10000 1.438 0.2729
10000 1.438 0.8805
10000 1.438 0.6751
10000 1.438 0.7308
10000 1.438 0.6483
10000 1.438 0.7272
10000 1.438 0.7911
10000 1.438 0.5043
10000 1.438 0.3766
10000 1.438 0.6577
10000 1.438 0.7569
10000 1.438 0.8277
10000 1.438 0.7028
10000 1.438 0.7669
10000 1.438 0.7948
10000 1.438 0.7215
10000 1.438 0.8743
10000 1.438 0.8674
10000 1.438 0.5547
10000 1.438 0.8145
10000 1.438 0.6574
10000 1.438 0.8089
10000 1.438 0.8373
10000 1.438 0.6379
10000 1.438 0.7098
10000 1.438 0.7877
10000 1.438 0.3995
10000 1.438 0.31
10000 1.438 0.817
10000 1.438 0.5751
10000 1.438 0.6618
10000 1.438 0.816
10000 1.438 0.8316
10000 1.438 0.8617
10000 1.438 0.8569
10000 1.438 0.7144
10000 1.438 0.7491
10000 1.438 0.6935
10000 1.438 0.8194
10000 1.438 0.7778
10000 1.438 0.734
10000 1.438 0.7176
10000 1.438 0.7971
10000 1.438 0.566
10000 1.438 0.4503
10000 1.438 0.7305
10000 1.438 0.379
10000 1.438 0.5657
10000 1.438 0.7851
10000 1.438 0.7472
10000 1.438 0.8202
10000 1.438 0.6829
10000 1.438 0.8239
10000 1.438 0.8421
10000 1.438 0.7244
10000 1.438 0.3143
10000 1.438 0.6921
10000 1.438 0.4615
10000 1.438 0.6638
10000 1.438 0.7509
10000 1.438 0.707
10000 1.438 0.7546
10000 1.438 0.357
10000 1.438 0.7176
10000 1.438 0.8387
10000 1.438 0.6632
10000 1.438 0.6854
10000 1.438 0.8132
10000 1.438 0.7832
10000 1.438 0.7904
10000 1.438 0.7551
10000 1.438 0.7094
10000 1.438 0.7722
10000 1.438 0.6666
10000 1.438 0.7232
10000 1.438 0.8051
10000 1.438 0.6417
10000 1.438 0.7972
10000 1.438 0.4938
10000 1.438 0.7682
10000 1.438 0.7437
10000 1.438 0.8627
10000 1.438 0.8414
10000 1.438 0.4291
10000 1.438 0.735
10000 1.438 0.7553
10000 1.438 0.66
10000 1.438 0.7984
10000 1.438 0.3839
10000 1.438 0.4922
10000 1.438 0.6748
10000 1.438 0.7511
10000 1.438 0.3004
10000 1.438 0.6202
10000 1.438 0.8176
10000 1.438 0.2435
10000 1.438 0.8208
10000 1.438 0.7095
10000 1.438 0.77
10000 1.438 0.7461
10000 1.438 0.4215
10000 1.438 0.7692
10000 1.438 0.6798
10000 1.438 0.8553
10000 1.438 0.8496
10000 1.438 0.7799
10000 1.438 0.8009
10000 1.438 0.7296
10000 1.438 0.5787
10000 1.438 0.7519
10000 1.438 0.6266
10000 1.438 0.7821
10000 1.438 0.7327
10000 1.438 0.4868
10000 1.438 0.7228
10000 1.438 0.3762
10000 1.438 0.7508
10000 1.438 0.5697
10000 1.438 0.7897
10000 1.438 0.708
10000 1.438 0.8613
10000 1.438 0.4268
10000 1.438 0.4295
10000 1.438 0.5981
10000 1.438 0.7566
10000 1.438 0.6227
10000 1.438 0.8116
10000 1.438 0.8301
10000 1.438 0.3926
10000 1.438 0.6089
10000 1.438 0.8647
10000 1.438 0.7877
10000 1.438 0.5393
10000 1.438 0.7383
10000 1.438 0.7681
10000 1.438 0.7422
10000 1.438 0.7402
10000 1.438 0.7807
10000 1.438 0.4751
10000 1.438 0.5468
10000 1.438 0.8276
10000 1.438 0.6173
10000 1.438 0.5648
10000 1.438 0.8458
10000 1.438 0.7479
10000 1.438 0.5782
10000 1.438 0.7831
10000 1.438 0.6548
10000 1.438 0.6623
10000 1.438 0.4027
10000 1.438 0.525
10000 1.438 0.7465
10000 1.438 0.6578
10000 1.438 0.8498
10000 1.438 0.2718
10000 1.438 0.7767
10000 1.438 0.8566
