1000 1.439 0.845
1000 1.439 0.897
1000 1.439 0.78
1000 1.439 0.886
1000 1.439 0.876
1000 1.439 0.912
1000 1.439 0.834
1000 1.439 0.921
1000 1.439 0.867
1000 1.439 0.907
1000 1.439 0.879
1000 1.439 0.69
1000 1.439 0.874
1000 1.439 0.843
1000 1.439 0.922
1000 1.439 0.888
1000 1.439 0.849
1000 1.439 0.446
1000 1.439 0.824
1000 1.439 0.841
1000 1.439 0.815
1000 1.439 0.778
1000 1.439 0.518
1000 1.439 0.827
1000 1.439 0.915
1000 1.439 0.833
1000 1.439 0.853
1000 1.439 0.944
1000 1.439 0.884
1000 1.439 0.845
1000 1.439 0.666
1000 1.439 0.828
1000 1.439 0.767
1000 1.439 0.896
1000 1.439 0.914
1000 1.439 0.754
1000 1.439 0.824
1000 1.439 0.849
1000 1.439 0.859
1000 1.439 0.726
1000 1.439 0.899
1000 1.439 0.882
1000 1.439 0.9
1000 1.439 0.838
1000 1.439 0.626
1000 1.439 0.871
1000 1.439 0.81
1000 1.439 0.935
1000 1.439 0.916
1000 1.439 0.681
1000 1.439 0.918
1000 1.439 0.254
1000 1.439 0.762
1000 1.439 0.684
1000 1.439 0.914
1000 1.439 0.925
1000 1.439 0.816
1000 1.439 0.801
1000 1.439 0.679
1000 1.439 0.814
1000 1.439 0.889
1000 1.439 0.856
1000 1.439 0.791
1000 1.439 0.852
1000 1.439 0.95
1000 1.439 0.901
1000 1.439 0.865
1000 1.439 0.877
1000 1.439 0.79
1000 1.439 0.907
1000 1.439 0.883
1000 1.439 0.87
1000 1.439 0.868
1000 1.439 0.783
1000 1.439 0.869
1000 1.439 0.884
1000 1.439 0.914
1000 1.439 0.908
1000 1.439 0.721
1000 1.439 0.572
1000 1.439 0.893
1000 1.439 0.833
1000 1.439 0.65
1000 1.439 0.882
1000 1.439 0.642
1000 1.439 0.802
1000 1.439 0.53
1000 1.439 0.573
1000 1.439 0.905
1000 1.439 0.863
1000 1.439 0.924
1000 1.439 0.866
1000 1.439 0.873
1000 1.439 0.925
1000 1.439 0.807
1000 1.439 0.715
1000 1.439 0.817
1000 1.439 0.859
1000 1.439 0.86
1000 1.439 0.892
1000 1.439 0.881
1000 1.439 0.805
1000 1.439 0.747
1000 1.439 0.652
1000 1.439 0.9
1000 1.439 0.304
1000 1.439 0.714
1000 1.439 0.862
1000 1.439 0.911
1000 1.439 0.912
1000 1.439 0.872
1000 1.439 0.894
1000 1.439 0.797
1000 1.439 0.823
1000 1.439 0.811
1000 1.439 0.9
1000 1.439 0.819
1000 1.439 0.865
1000 1.439 0.753
1000 1.439 0.92
1000 1.439 0.716
1000 1.439 0.699
1000 1.439 0.787
1000 1.439 0.865
1000 1.439 0.744
1000 1.439 0.907
1000 1.439 0.88
1000 1.439 0.867
1000 1.439 0.923
1000 1.439 0.89
1000 1.439 0.898
1000 1.439 0.845
1000 1.439 0.838
1000 1.439 0.903
1000 1.439 0.864
1000 1.439 0.901
1000 1.439 0.893
1000 1.439 0.906
1000 1.439 0.737
1000 1.439 0.59
1000 1.439 0.827
1000 1.439 0.92
1000 1.439 0.829
1000 1.439 0.732
1000 1.439 0.87
1000 1.439 0.737
1000 1.439 0.766
1000 1.439 0.887
1000 1.439 0.776
1000 1.439 0.887
1000 1.439 0.893
1000 1.439 0.871
1000 1.439 0.934
1000 1.439 0.818
1000 1.439 0.874
1000 1.439 0.857
1000 1.439 0.773
1000 1.439 0.919
1000 1.439 0.724
1000 1.439 0.842
1000 1.439 0.75
1000 1.439 0.607
1000 1.439 0.961
1000 1.439 0.925
1000 1.439 0.86
1000 1.439 0.554
1000 1.439 0.772
1000 1.439 0.92
1000 1.439 0.887
1000 1.439 0.901
1000 1.439 0.929
1000 1.439 0.903
1000 1.439 0.767
1000 1.439 0.852
1000 1.439 0.747
1000 1.439 0.895
1000 1.439 0.867
1000 1.439 0.91
1000 1.439 0.682
1000 1.439 0.892
1000 1.439 0.804
1000 1.439 0.775
1000 1.439 0.881
1000 1.439 0.877
1000 1.439 0.896
1000 1.439 0.651
1000 1.439 0.888
1000 1.439 0.646
1000 1.439 0.924
1000 1.439 0.792
1000 1.439 0.741
1000 1.439 0.753
1000 1.439 0.561
1000 1.439 0.779
1000 1.439 0.532
1000 1.439 0.829
1000 1.439 0.891
1000 1.439 0.885
1000 1.439 0.826
1000 1.439 0.782
1000 1.439 0.865
1000 1.439 0.72
1000 1.439 0.906
1000 1.439 0.93
1000 1.439 0.495
1000 1.439 0.865
1000 1.439 0.899
1000 1.439 0.901
1000 1.439 0.858
1000 1.439 0.924
1000 1.439 0.847
1000 1.439 0.85
1000 1.439 0.758
1000 1.439 0.814
1000 1.439 0.797
1000 1.439 0.873
1000 1.439 0.644
1000 1.439 0.761
1000 1.439 0.879
1000 1.439 0.912
1000 1.439 0.87
1000 1.439 0.942
1000 1.439 0.829
1000 1.439 0.772
1000 1.439 0.699
1000 1.439 0.821
1000 1.439 0.847
1000 1.439 0.892
1000 1.439 0.836
1000 1.439 0.86
1000 1.439 0.868
1000 1.439 0.911
1000 1.439 0.875
1000 1.439 0.945
1000 1.439 0.783
1000 1.439 0.909
1000 1.439 0.809
1000 1.439 0.741
1000 1.439 0.951
1000 1.439 0.766
1000 1.439 0.712
1000 1.439 0.898
1000 1.439 0.865
1000 1.439 0.885
1000 1.439 0.872
1000 1.439 0.617
1000 1.439 0.866
1000 1.439 0.543
1000 1.439 0.949
1000 1.439 0.907
1000 1.439 0.934
1000 1.439 0.883
1000 1.439 0.848
1000 1.439 0.435
1000 1.439 0.819
1000 1.439 0.918
1000 1.439 0.95
1000 1.439 0.785
1000 1.439 0.937
1000 1.439 0.836
1000 1.439 0.799
1000 1.439 0.913
1000 1.439 0.872
1000 1.439 0.948
1000 1.439 0.881
1000 1.439 0.913
1000 1.439 0.935
1000 1.439 0.56
1000 1.439 0.814
1000 1.439 0.622
1000 1.439 0.926
1000 1.439 0.956
1000 1.439 0.437
1000 1.439 0.824
1000 1.439 0.951
1000 1.439 0.518
1000 1.439 0.842
1000 1.439 0.764
1000 1.439 0.789
1000 1.439 0.931
1000 1.439 0.873
1000 1.439 0.786
1000 1.439 0.94
1000 1.439 0.599
1000 1.439 0.771
1000 1.439 0.714
1000 1.439 0.89
1000 1.439 0.789
1000 1.439 0.678
1000 1.439 0.629
1000 1.439 0.825
1000 1.439 0.87
1000 1.439 0.755
1000 1.439 0.828
1000 1.439 0.84
1000 1.439 0.871
1000 1.439 0.445
1000 1.439 0.91
1000 1.439 0.623
1000 1.439 0.888
1000 1.439 0.783
1000 1.439 0.852
1000 1.439 0.931
1000 1.439 0.888
1000 1.439 0.846
1000 1.439 0.719
1000 1.439 0.873
1000 1.439 0.689
1000 1.439 0.774
1000 1.439 0.88
1000 1.439 0.792
1000 1.439 0.864
1000 1.439 0.884
1000 1.439 0.895
1000 1.439 0.648
1000 1.439 0.684
1000 1.439 0.504
1000 1.439 0.866
1000 1.439 0.362
1000 1.439 0.794
1000 1.439 0.955
1000 1.439 0.913
1000 1.439 0.532
1000 1.439 0.899
1000 1.439 0.941
1000 1.439 0.797
1000 1.439 0.897
1000 1.439 0.7
1000 1.439 0.806
1000 1.439 0.697
1000 1.439 0.878
1000 1.439 0.918
1000 1.439 0.813
1000 1.439 0.856
1000 1.439 0.833
1000 1.439 0.457
1000 1.439 0.491
1000 1.439 0.407
1000 1.439 0.765
1000 1.439 0.79
1000 1.439 0.785
1000 1.439 0.862
1000 1.439 0.635
1000 1.439 0.898
1000 1.439 0.785
1000 1.439 0.818
1000 1.439 0.782
1000 1.439 0.862
1000 1.439 0.747
1000 1.439 0.881
1000 1.439 0.833
1000 1.439 0.843
1000 1.439 0.765
1000 1.439 0.857
1000 1.439 0.82
1000 1.439 0.925
1000 1.439 0.818
1000 1.439 0.808
1000 1.439 0.776
1000 1.439 0.908
1000 1.439 0.863
1000 1.439 0.752
1000 1.439 0.819
1000 1.439 0.733
1000 1.439 0.867
1000 1.439 0.835
1000 1.439 0.708
1000 1.439 0.917
1000 1.439 0.387
1000 1.439 0.784
1000 1.439 0.932
1000 1.439 0.703
1000 1.439 0.869
1000 1.439 0.798
1000 1.439 0.864
1000 1.439 0.693
1000 1.439 0.862
1000 1.439 0.731
1000 1.439 0.869
1000 1.439 0.913
1000 1.439 0.822
1000 1.439 0.677
1000 1.439 0.875
1000 1.439 0.931
1000 1.439 0.796
1000 1.439 0.931
1000 1.439 0.676
1000 1.439 0.796
1000 1.439 0.939
1000 1.439 0.834
1000 1.439 0.905
1000 1.439 0.884
1000 1.439 0.842
1000 1.439 0.738
1000 1.439 0.454
1000 1.439 0.911
1000 1.439 0.655
1000 1.439 0.861
1000 1.439 0.958
1000 1.439 0.605
1000 1.439 0.87
1000 1.439 0.877
1000 1.439 0.348
1000 1.439 0.856
1000 1.439 0.651
1000 1.439 0.919
1000 1.439 0.732
1000 1.439 0.76
1000 1.439 0.86
1000 1.439 0.892
1000 1.439 0.869
1000 1.439 0.765
1000 1.439 0.87
1000 1.439 0.776
1000 1.439 0.684
1000 1.439 0.863
1000 1.439 0.831
1000 1.439 0.781
1000 1.439 0.939
1000 1.439 0.622
1000 1.439 0.802
1000 1.439 0.806
1000 1.439 0.92
1000 1.439 0.514
1000 1.439 0.79
1000 1.439 0.379
1000 1.439 0.901
1000 1.439 0.415
1000 1.439 0.711
1000 1.439 0.457
1000 1.439 0.594
1000 1.439 0.928
1000 1.439 0.951
1000 1.439 0.855
1000 1.439 0.885
1000 1.439 0.799
1000 1.439 0.925
1000 1.439 0.662
1000 1.439 0.811
1000 1.439 0.387
1000 1.439 0.843
1000 1.439 0.8
1000 1.439 0.847
1000 1.439 0.899
1000 1.439 0.816
1000 1.439 0.638
1000 1.439 0.948
1000 1.439 0.757
1000 1.439 0.87
1000 1.439 0.807
1000 1.439 0.9
1000 1.439 0.747
1000 1.439 0.812
1000 1.439 0.881
1000 1.439 0.911
1000 1.439 0.903
1000 1.439 0.918
1000 1.439 0.865
1000 1.439 0.657
1000 1.439 0.836
1000 1.439 0.884
1000 1.439 0.929
1000 1.439 0.793
1000 1.439 0.823
1000 1.439 0.843
1000 1.439 0.908
1000 1.439 0.817
1000 1.439 0.926
1000 1.439 0.854
1000 1.439 0.485
1000 1.439 0.615
1000 1.439 0.888
1000 1.439 0.35
1000 1.439 0.668
1000 1.439 0.92
1000 1.439 0.807
1000 1.439 0.749
1000 1.439 0.727
1000 1.439 0.924
1000 1.439 0.874
1000 1.439 0.65
1000 1.439 0.841
1000 1.439 0.902
1000 1.439 0.778
1000 1.439 0.857
1000 1.439 0.78
1000 1.439 0.909
1000 1.439 0.901
1000 1.439 0.836
1000 1.439 0.891
1000 1.439 0.706
1000 1.439 0.723
1000 1.439 0.808
1000 1.439 0.94
1000 1.439 0.716
1000 1.439 0.75
1000 1.439 0.805
1000 1.439 0.926
1000 1.439 0.637
1000 1.439 0.802
1000 1.439 0.639
1000 1.439 0.737
1000 1.439 0.852
1000 1.439 0.847
1000 1.439 0.874
1000 1.439 0.863
1000 1.439 0.836
1000 1.439 0.744
1000 1.439 0.873
1000 1.439 0.552
1000 1.439 0.872
1000 1.439 0.955
1000 1.439 0.701
1000 1.439 0.859
1000 1.439 0.847
1000 1.439 0.815
1000 1.439 0.818
1000 1.439 0.878
1000 1.439 0.827
1000 1.439 0.722
1000 1.439 0.928
1000 1.439 0.815
1000 1.439 0.848
1000 1.439 0.852
1000 1.439 0.847
1000 1.439 0.922
1000 1.439 0.878
1000 1.439 0.829
1000 1.439 0.725
1000 1.439 0.912
1000 1.439 0.749
1000 1.439 0.759
1000 1.439 0.801
1000 1.439 0.845
1000 1.439 0.91
1000 1.439 0.33
1000 1.439 0.694
1000 1.439 0.767
1000 1.439 0.541
1000 1.439 0.787
1000 1.439 0.884
1000 1.439 0.824
1000 1.439 0.842
1000 1.439 0.758
1000 1.439 0.873
1000 1.439 0.936
1000 1.439 0.816
1000 1.439 0.741
1000 1.439 0.741
1000 1.439 0.793
1000 1.439 0.287
1000 1.439 0.835
1000 1.439 0.565
1000 1.439 0.595
1000 1.439 0.777
1000 1.439 0.859
1000 1.439 0.69
1000 1.439 0.918
1000 1.439 0.734
1000 1.439 0.812
1000 1.439 0.895
1000 1.439 0.774
1000 1.439 0.822
1000 1.439 0.883
1000 1.439 0.733
1000 1.439 0.932
1000 1.439 0.764
1000 1.439 0.873
1000 1.439 0.817
1000 1.439 0.475
1000 1.439 0.879
1000 1.439 0.534
1000 1.439 0.845
1000 1.439 0.596
1000 1.439 0.931
1000 1.439 0.936
1000 1.439 0.829
1000 1.439 0.8
1000 1.439 0.822
1000 1.439 0.711
1000 1.439 0.409
1000 1.439 0.647
1000 1.439 0.906
1000 1.439 0.81
1000 1.439 0.769
1000 1.439 0.899
1000 1.439 0.856
1000 1.439 0.826
1000 1.439 0.677
1000 1.439 0.954
1000 1.439 0.894
1000 1.439 0.897
1000 1.439 0.919
1000 1.439 0.758
1000 1.439 0.865
1000 1.439 0.586
1000 1.439 0.782
1000 1.439 0.786
1000 1.439 0.908
1000 1.439 0.867
1000 1.439 0.819
1000 1.439 0.939
1000 1.439 0.835
1000 1.439 0.751
1000 1.439 0.893
1000 1.439 0.936
1000 1.439 0.718
1000 1.439 0.843
1000 1.439 0.851
1000 1.439 0.885
1000 1.439 0.687
1000 1.439 0.821
1000 1.439 0.845
1000 1.439 0.781
1000 1.439 0.652
1000 1.439 0.257
1000 1.439 0.907
1000 1.439 0.74
1000 1.439 0.968
1000 1.439 0.869
1000 1.439 0.907
1000 1.439 0.924
1000 1.439 0.551
1000 1.439 0.843
1000 1.439 0.829
1000 1.439 0.926
1000 1.439 0.706
1000 1.439 0.832
1000 1.439 0.779
1000 1.439 0.922
1000 1.439 0.78
1000 1.439 0.706
1000 1.439 0.824
1000 1.439 0.559
1000 1.439 0.645
1000 1.439 0.735
1000 1.439 0.715
1000 1.439 0.664
1000 1.439 0.952
1000 1.439 0.884
1000 1.439 0.723
1000 1.439 0.887
1000 1.439 0.828
1000 1.439 0.669
1000 1.439 0.76
1000 1.439 0.657
1000 1.439 0.88
1000 1.439 0.856
1000 1.439 0.723
1000 1.439 0.877
1000 1.439 0.917
1000 1.439 0.611
1000 1.439 0.915
1000 1.439 0.581
1000 1.439 0.771
1000 1.439 0.853
1000 1.439 0.948
1000 1.439 0.928
1000 1.439 0.908
1000 1.439 0.878
1000 1.439 0.842
1000 1.439 0.855
1000 1.439 0.878
1000 1.439 0.868
1000 1.439 0.808
1000 1.439 0.885
1000 1.439 0.887
1000 1.439 0.806
1000 1.439 0.844
1000 1.439 0.921
1000 1.439 0.45
1000 1.439 0.827
1000 1.439 0.709
1000 1.439 0.732
1000 1.439 0.884
1000 1.439 0.907
1000 1.439 0.694
1000 1.439 0.71
1000 1.439 0.806
1000 1.439 0.888
1000 1.439 0.78
1000 1.439 0.888
1000 1.439 0.83
1000 1.439 0.9
1000 1.439 0.943
1000 1.439 0.858
1000 1.439 0.887
1000 1.439 0.936
1000 1.439 0.799
1000 1.439 0.879
1000 1.439 0.905
1000 1.439 0.841
1000 1.439 0.824
1000 1.439 0.884
1000 1.439 0.81
1000 1.439 0.936
1000 1.439 0.791
1000 1.439 0.805
1000 1.439 0.789
1000 1.439 0.918
1000 1.439 0.819
1000 1.439 0.671
1000 1.439 0.805
1000 1.439 0.958
1000 1.439 0.952
1000 1.439 0.809
1000 1.439 0.874
1000 1.439 0.875
1000 1.439 0.836
1000 1.439 0.67
1000 1.439 0.372
1000 1.439 0.68
1000 1.439 0.817
1000 1.439 0.627
1000 1.439 0.822
1000 1.439 0.824
1000 1.439 0.916
1000 1.439 0.683
1000 1.439 0.825
1000 1.439 0.633
1000 1.439 0.914
1000 1.439 0.86
1000 1.439 0.372
1000 1.439 0.827
1000 1.439 0.884
1000 1.439 0.905
1000 1.439 0.894
1000 1.439 0.858
1000 1.439 0.871
1000 1.439 0.937
1000 1.439 0.811
1000 1.439 0.934
1000 1.439 0.948
1000 1.439 0.718
1000 1.439 0.833
1000 1.439 0.852
1000 1.439 0.522
1000 1.439 0.935
1000 1.439 0.883
1000 1.439 0.87
1000 1.439 0.855
1000 1.439 0.844
1000 1.439 0.82
1000 1.439 0.93
1000 1.439 0.847
1000 1.439 0.933
1000 1.439 0.853
1000 1.439 0.798
1000 1.439 0.809
1000 1.439 0.398
1000 1.439 0.713
1000 1.439 0.812
1000 1.439 0.592
1000 1.439 0.916
1000 1.439 0.891
1000 1.439 0.876
1000 1.439 0.805
1000 1.439 0.766
1000 1.439 0.816
1000 1.439 0.898
1000 1.439 0.853
1000 1.439 0.876
1000 1.439 0.846
1000 1.439 0.93
1000 1.439 0.898
1000 1.439 0.904
1000 1.439 0.775
1000 1.439 0.805
1000 1.439 0.872
1000 1.439 0.872
1000 1.439 0.858
1000 1.439 0.906
1000 1.439 0.804
1000 1.439 0.798
1000 1.439 0.906
1000 1.439 0.932
1000 1.439 0.88
1000 1.439 0.646
1000 1.439 0.726
1000 1.439 0.864
1000 1.439 0.7
1000 1.439 0.84
1000 1.439 0.926
1000 1.439 0.655
1000 1.439 0.901
1000 1.439 0.787
1000 1.439 0.602
1000 1.439 0.707
1000 1.439 0.718
1000 1.439 0.928
1000 1.439 0.9
1000 1.439 0.668
1000 1.439 0.756
1000 1.439 0.246
1000 1.439 0.386
1000 1.439 0.871
1000 1.439 0.751
1000 1.439 0.931
1000 1.439 0.926
1000 1.439 0.786
1000 1.439 0.536
1000 1.439 0.658
1000 1.439 0.607
1000 1.439 0.89
1000 1.439 0.904
1000 1.439 0.892
1000 1.439 0.634
1000 1.439 0.792
1000 1.439 0.925
1000 1.439 0.64
1000 1.439 0.8
1000 1.439 0.907
1000 1.439 0.938
1000 1.439 0.707
1000 1.439 0.888
1000 1.439 0.822
1000 1.439 0.909
1000 1.439 0.894
1000 1.439 0.815
1000 1.439 0.914
1000 1.439 0.59
1000 1.439 0.846
1000 1.439 0.795
1000 1.439 0.879
1000 1.439 0.513
1000 1.439 0.895
1000 1.439 0.634
1000 1.439 0.918
1000 1.439 0.893
1000 1.439 0.75
1000 1.439 0.841
1000 1.439 0.882
1000 1.439 0.834
1000 1.439 0.745
1000 1.439 0.882
1000 1.439 0.848
1000 1.439 0.903
1000 1.439 0.865
1000 1.439 0.417
1000 1.439 0.765
1000 1.439 0.866
1000 1.439 0.928
1000 1.439 0.939
1000 1.439 0.853
1000 1.439 0.84
1000 1.439 0.831
1000 1.439 0.944
1000 1.439 0.944
1000 1.439 0.86
1000 1.439 0.892
1000 1.439 0.834
1000 1.439 0.42
1000 1.439 0.962
1000 1.439 0.909
1000 1.439 0.882
1000 1.439 0.916
1000 1.439 0.871
1000 1.439 0.905
1000 1.439 0.801
1000 1.439 0.826
1000 1.439 0.794
1000 1.439 0.905
1000 1.439 0.876
1000 1.439 0.892
1000 1.439 0.621
1000 1.439 0.779
1000 1.439 0.897
1000 1.439 0.827
1000 1.439 0.832
1000 1.439 0.825
1000 1.439 0.91
1000 1.439 0.804
1000 1.439 0.845
1000 1.439 0.609
1000 1.439 0.623
1000 1.439 0.904
1000 1.439 0.842
1000 1.439 0.861
1000 1.439 0.94
1000 1.439 0.481
1000 1.439 0.919
1000 1.439 0.675
1000 1.439 0.874
1000 1.439 0.923
1000 1.439 0.694
1000 1.439 0.889
1000 1.439 0.938
1000 1.439 0.614
1000 1.439 0.278
1000 1.439 0.95
1000 1.439 0.769
1000 1.439 0.921
1000 1.439 0.864
1000 1.439 0.759
1000 1.439 0.786
1000 1.439 0.798
1000 1.439 0.574
1000 1.439 0.889
1000 1.439 0.706
1000 1.439 0.819
1000 1.439 0.694
1000 1.439 0.803
1000 1.439 0.883
1000 1.439 0.477
1000 1.439 0.931
1000 1.439 0.824
1000 1.439 0.721
1000 1.439 0.756
1000 1.439 0.896
1000 1.439 0.893
1000 1.439 0.805
1000 1.439 0.638
1000 1.439 0.856
1000 1.439 0.769
1000 1.439 0.951
1000 1.439 0.947
1000 1.439 0.902
1000 1.439 0.943
1000 1.439 0.439
1000 1.439 0.803
1000 1.439 0.855
1000 1.439 0.81
1000 1.439 0.837
1000 1.439 0.94
1000 1.439 0.774
1000 1.439 0.59
1000 1.439 0.701
1000 1.439 0.914
1000 1.439 0.917
1000 1.439 0.904
1000 1.439 0.732
1000 1.439 0.862
1000 1.439 0.835
1000 1.439 0.691
1000 1.439 0.646
1000 1.439 0.901
1000 1.439 0.936
1000 1.439 0.88
1000 1.439 0.846
1000 1.439 0.954
1000 1.439 0.825
1000 1.439 0.847
1000 1.439 0.81
1000 1.439 0.667
1000 1.439 0.861
1000 1.439 0.851
1000 1.439 0.829
1000 1.439 0.871
1000 1.439 0.835
1000 1.439 0.828
1000 1.439 0.778
1000 1.439 0.924
1000 1.439 0.897
1000 1.439 0.648
1000 1.439 0.737
1000 1.439 0.33
1000 1.439 0.723
1000 1.439 0.917
1000 1.439 0.454
1000 1.439 0.931
1000 1.439 0.949
1000 1.439 0.838
1000 1.439 0.784
1000 1.439 0.808
1000 1.439 0.874
1000 1.439 0.74
1000 1.439 0.667
1000 1.439 0.782
1000 1.439 0.884
1000 1.439 0.876
1000 1.439 0.865
1000 1.439 0.887
1000 1.439 0.896
1000 1.439 0.94
1000 1.439 0.82
1000 1.439 0.726
1000 1.439 0.847
1000 1.439 0.705
1000 1.439 0.714
1000 1.439 0.86
1000 1.439 0.824
1000 1.439 0.899
1000 1.439 0.846
1000 1.439 0.569
1000 1.439 0.761
1000 1.439 0.874
1000 1.439 0.762
1000 1.439 0.896
1000 1.439 0.857
1000 1.439 0.515
1000 1.439 0.845
1000 1.439 0.847
1000 1.439 0.845
1000 1.439 0.745
1000 1.439 0.812
1000 1.439 0.858
1000 1.439 0.783
1000 1.439 0.471
1000 1.439 0.889
1000 1.439 0.853
