100000000 1.439 0.562338
100000000 1.439 0.58424
100000000 1.439 0.595035
100000000 1.439 0.59296
100000000 1.439 0.575013
100000000 1.439 0.587312
100000000 1.439 0.549586
100000000 1.439 0.581943
100000000 1.439 0.515702
100000000 1.439 0.496904
100000000 1.439 0.534435
100000000 1.439 0.564028
100000000 1.439 0.577031
100000000 1.439 0.573221
100000000 1.439 0.581859
100000000 1.439 0.594469
100000000 1.439 0.575169
100000000 1.439 0.493309
100000000 1.439 0.5466
100000000 1.439 0.571257
100000000 1.439 0.57028
100000000 1.439 0.54893
100000000 1.439 0.553299
100000000 1.439 0.592158
100000000 1.439 0.510771
100000000 1.439 0.588575
100000000 1.439 0.580619
100000000 1.439 0.539196
100000000 1.439 0.572286
100000000 1.439 0.603796
100000000 1.439 0.567301
100000000 1.439 0.585215
100000000 1.439 0.583741
100000000 1.439 0.540692
100000000 1.439 0.564995
100000000 1.439 0.592392
100000000 1.439 0.551756
100000000 1.439 0.590182
100000000 1.439 0.566236
100000000 1.439 0.588881
100000000 1.439 0.585327
100000000 1.439 0.569134
100000000 1.439 0.562341
100000000 1.439 0.572819
100000000 1.439 0.585764
100000000 1.439 0.52624
100000000 1.439 0.585761
100000000 1.439 0.583193
100000000 1.439 0.593074
100000000 1.439 0.59518
100000000 1.439 0.5799
100000000 1.439 0.562337
100000000 1.439 0.573882
100000000 1.439 0.598406
100000000 1.439 0.549436
100000000 1.439 0.547156
100000000 1.439 0.576979
100000000 1.439 0.589299
100000000 1.439 0.557826
100000000 1.439 0.573504
100000000 1.439 0.569373
100000000 1.439 0.561381
100000000 1.439 0.545306
100000000 1.439 0.583091
100000000 1.439 0.579255
100000000 1.439 0.549041
100000000 1.439 0.499095
100000000 1.439 0.58723
100000000 1.439 0.602711
100000000 1.439 0.582028
100000000 1.439 0.512801
100000000 1.439 0.576541
100000000 1.439 0.563786
100000000 1.439 0.550386
100000000 1.439 0.578512
100000000 1.439 0.576715
100000000 1.439 0.529192
100000000 1.439 0.523426
100000000 1.439 0.470395
100000000 1.439 0.566636
100000000 1.439 0.583863
100000000 1.439 0.604414
100000000 1.439 0.585434
100000000 1.439 0.56533
100000000 1.439 0.546723
100000000 1.439 0.551425
100000000 1.439 0.573434
100000000 1.439 0.587413
100000000 1.439 0.553906
100000000 1.439 0.557794
100000000 1.439 0.585052
100000000 1.439 0.573465
100000000 1.439 0.57968
100000000 1.439 0.565676
100000000 1.439 0.518168
100000000 1.439 0.502077
100000000 1.439 0.603038
100000000 1.439 0.580374
100000000 1.439 0.594204
100000000 1.439 0.582249
