1000000 1.439 0.495348
1000000 1.439 0.518291
1000000 1.439 0.648851
1000000 1.439 0.619773
1000000 1.439 0.640797
1000000 1.439 0.681922
1000000 1.439 0.619797
1000000 1.439 0.619919
1000000 1.439 0.68215
1000000 1.439 0.622629
1000000 1.439 0.565995
1000000 1.439 0.603227
1000000 1.439 0.490079
1000000 1.439 0.597598
1000000 1.439 0.636257
1000000 1.439 0.654613
1000000 1.439 0.63626
1000000 1.439 0.647248
1000000 1.439 0.619321
1000000 1.439 0.592607
1000000 1.439 0.39566
1000000 1.439 0.631508
1000000 1.439 0.656221
1000000 1.439 0.625049
1000000 1.439 0.679108
1000000 1.439 0.606232
1000000 1.439 0.637757
1000000 1.439 0.690286
1000000 1.439 0.598313
1000000 1.439 0.456603
1000000 1.439 0.603923
1000000 1.439 0.673418
1000000 1.439 0.671012
1000000 1.439 0.711277
1000000 1.439 0.571892
1000000 1.439 0.595349
1000000 1.439 0.543453
1000000 1.439 0.6355
1000000 1.439 0.58524
1000000 1.439 0.605146
1000000 1.439 0.621343
1000000 1.439 0.605368
1000000 1.439 0.671927
1000000 1.439 0.639005
1000000 1.439 0.641773
1000000 1.439 0.638956
1000000 1.439 0.381571
1000000 1.439 0.599375
1000000 1.439 0.632931
1000000 1.439 0.545133
1000000 1.439 0.456804
1000000 1.439 0.629103
1000000 1.439 0.60428
1000000 1.439 0.582453
1000000 1.439 0.647223
1000000 1.439 0.63152
1000000 1.439 0.535692
1000000 1.439 0.692103
1000000 1.439 0.544059
1000000 1.439 0.631119
1000000 1.439 0.663112
1000000 1.439 0.553635
1000000 1.439 0.606702
1000000 1.439 0.548957
1000000 1.439 0.641423
1000000 1.439 0.606679
1000000 1.439 0.580557
1000000 1.439 0.593196
1000000 1.439 0.490255
1000000 1.439 0.663807
1000000 1.439 0.669947
1000000 1.439 0.507381
1000000 1.439 0.553409
1000000 1.439 0.617909
1000000 1.439 0.657607
1000000 1.439 0.513457
1000000 1.439 0.564964
1000000 1.439 0.519357
1000000 1.439 0.664415
1000000 1.439 0.647693
1000000 1.439 0.638513
1000000 1.439 0.596618
1000000 1.439 0.502223
1000000 1.439 0.490001
1000000 1.439 0.62982
1000000 1.439 0.63128
1000000 1.439 0.635355
1000000 1.439 0.454739
1000000 1.439 0.498277
1000000 1.439 0.639375
1000000 1.439 0.617618
1000000 1.439 0.537368
1000000 1.439 0.635944
1000000 1.439 0.578723
1000000 1.439 0.666649
1000000 1.439 0.577742
1000000 1.439 0.616255
1000000 1.439 0.661148
1000000 1.439 0.600416
1000000 1.439 0.620278
1000000 1.439 0.595115
1000000 1.439 0.571431
1000000 1.439 0.315257
1000000 1.439 0.691384
1000000 1.439 0.61297
1000000 1.439 0.644212
1000000 1.439 0.599504
1000000 1.439 0.656785
1000000 1.439 0.619748
1000000 1.439 0.672436
1000000 1.439 0.536377
1000000 1.439 0.696483
1000000 1.439 0.656731
1000000 1.439 0.630704
1000000 1.439 0.68163
1000000 1.439 0.550263
1000000 1.439 0.494066
1000000 1.439 0.64512
1000000 1.439 0.644928
1000000 1.439 0.599516
1000000 1.439 0.678428
1000000 1.439 0.641476
1000000 1.439 0.638556
1000000 1.439 0.548877
1000000 1.439 0.619142
1000000 1.439 0.551193
1000000 1.439 0.594206
1000000 1.439 0.621531
1000000 1.439 0.364498
1000000 1.439 0.637602
1000000 1.439 0.666894
1000000 1.439 0.582495
1000000 1.439 0.563732
1000000 1.439 0.708958
1000000 1.439 0.645887
1000000 1.439 0.582299
1000000 1.439 0.529918
1000000 1.439 0.616265
1000000 1.439 0.64264
1000000 1.439 0.505724
1000000 1.439 0.57273
1000000 1.439 0.658818
1000000 1.439 0.573783
1000000 1.439 0.440452
1000000 1.439 0.640088
1000000 1.439 0.601541
1000000 1.439 0.580204
1000000 1.439 0.58337
1000000 1.439 0.526414
1000000 1.439 0.679792
1000000 1.439 0.61584
1000000 1.439 0.672932
1000000 1.439 0.665859
1000000 1.439 0.50749
1000000 1.439 0.593103
1000000 1.439 0.568395
1000000 1.439 0.660079
1000000 1.439 0.614676
1000000 1.439 0.513768
1000000 1.439 0.588405
1000000 1.439 0.704913
1000000 1.439 0.625547
1000000 1.439 0.564088
1000000 1.439 0.608254
1000000 1.439 0.273794
1000000 1.439 0.662865
1000000 1.439 0.507594
1000000 1.439 0.677308
1000000 1.439 0.66507
1000000 1.439 0.658328
1000000 1.439 0.541684
1000000 1.439 0.554144
1000000 1.439 0.658324
1000000 1.439 0.655123
1000000 1.439 0.66966
1000000 1.439 0.619412
1000000 1.439 0.574722
1000000 1.439 0.636047
1000000 1.439 0.704446
1000000 1.439 0.614353
1000000 1.439 0.59489
1000000 1.439 0.644306
1000000 1.439 0.60461
1000000 1.439 0.649555
1000000 1.439 0.651719
1000000 1.439 0.661957
1000000 1.439 0.638992
1000000 1.439 0.624901
1000000 1.439 0.674194
1000000 1.439 0.646811
1000000 1.439 0.693323
1000000 1.439 0.559915
1000000 1.439 0.597667
1000000 1.439 0.573474
1000000 1.439 0.682356
1000000 1.439 0.461561
1000000 1.439 0.653221
1000000 1.439 0.389918
1000000 1.439 0.685168
1000000 1.439 0.547424
1000000 1.439 0.681156
1000000 1.439 0.47265
1000000 1.439 0.360489
1000000 1.439 0.627701
1000000 1.439 0.648347
1000000 1.439 0.659291
1000000 1.439 0.605646
1000000 1.439 0.343651
1000000 1.439 0.598962
1000000 1.439 0.483711
1000000 1.439 0.63393
1000000 1.439 0.65218
1000000 1.439 0.578205
1000000 1.439 0.571426
1000000 1.439 0.658968
1000000 1.439 0.627117
1000000 1.439 0.617465
1000000 1.439 0.670698
1000000 1.439 0.294935
1000000 1.439 0.6706
1000000 1.439 0.52575
1000000 1.439 0.590585
1000000 1.439 0.649107
1000000 1.439 0.634509
1000000 1.439 0.252856
1000000 1.439 0.62124
1000000 1.439 0.446113
1000000 1.439 0.652857
1000000 1.439 0.656055
1000000 1.439 0.641185
1000000 1.439 0.385016
1000000 1.439 0.631497
1000000 1.439 0.548262
1000000 1.439 0.611004
1000000 1.439 0.608413
1000000 1.439 0.702576
1000000 1.439 0.550453
1000000 1.439 0.62421
1000000 1.439 0.622875
1000000 1.439 0.593215
1000000 1.439 0.566788
1000000 1.439 0.5541
1000000 1.439 0.652533
1000000 1.439 0.555534
1000000 1.439 0.61335
1000000 1.439 0.669175
1000000 1.439 0.637094
1000000 1.439 0.570246
1000000 1.439 0.571992
1000000 1.439 0.626424
1000000 1.439 0.680306
1000000 1.439 0.655486
1000000 1.439 0.664688
1000000 1.439 0.657855
1000000 1.439 0.485008
1000000 1.439 0.610985
1000000 1.439 0.68726
1000000 1.439 0.668663
1000000 1.439 0.652754
1000000 1.439 0.630679
1000000 1.439 0.592043
1000000 1.439 0.481026
1000000 1.439 0.447151
1000000 1.439 0.593761
1000000 1.439 0.549353
1000000 1.439 0.570863
1000000 1.439 0.407342
1000000 1.439 0.676308
1000000 1.439 0.476104
1000000 1.439 0.68069
1000000 1.439 0.515678
1000000 1.439 0.562183
1000000 1.439 0.545195
1000000 1.439 0.601109
1000000 1.439 0.554934
1000000 1.439 0.677907
1000000 1.439 0.655565
1000000 1.439 0.644243
1000000 1.439 0.625817
1000000 1.439 0.615171
1000000 1.439 0.487364
1000000 1.439 0.664057
1000000 1.439 0.657639
1000000 1.439 0.665797
1000000 1.439 0.555237
1000000 1.439 0.613595
1000000 1.439 0.643248
1000000 1.439 0.353752
1000000 1.439 0.620734
1000000 1.439 0.678157
1000000 1.439 0.602359
1000000 1.439 0.679126
1000000 1.439 0.580038
1000000 1.439 0.512046
1000000 1.439 0.581004
1000000 1.439 0.618131
1000000 1.439 0.684338
1000000 1.439 0.70328
1000000 1.439 0.577498
1000000 1.439 0.553516
1000000 1.439 0.644679
1000000 1.439 0.668326
1000000 1.439 0.61418
1000000 1.439 0.645325
1000000 1.439 0.621211
1000000 1.439 0.657618
1000000 1.439 0.609227
1000000 1.439 0.464799
1000000 1.439 0.538439
1000000 1.439 0.50861
1000000 1.439 0.591911
1000000 1.439 0.579317
1000000 1.439 0.665074
1000000 1.439 0.687822
1000000 1.439 0.665129
1000000 1.439 0.55519
1000000 1.439 0.326337
1000000 1.439 0.57237
1000000 1.439 0.260963
1000000 1.439 0.64405
1000000 1.439 0.660157
1000000 1.439 0.706306
1000000 1.439 0.601883
1000000 1.439 0.620257
1000000 1.439 0.696347
1000000 1.439 0.630274
1000000 1.439 0.599384
1000000 1.439 0.624163
1000000 1.439 0.626908
1000000 1.439 0.600606
1000000 1.439 0.599559
1000000 1.439 0.645751
1000000 1.439 0.660541
1000000 1.439 0.511347
1000000 1.439 0.633581
1000000 1.439 0.660741
1000000 1.439 0.561102
1000000 1.439 0.641556
1000000 1.439 0.629855
1000000 1.439 0.632041
1000000 1.439 0.686926
1000000 1.439 0.643507
1000000 1.439 0.602955
1000000 1.439 0.664596
1000000 1.439 0.453124
1000000 1.439 0.697559
1000000 1.439 0.495383
1000000 1.439 0.641924
1000000 1.439 0.523841
1000000 1.439 0.611351
1000000 1.439 0.645814
1000000 1.439 0.684205
1000000 1.439 0.660307
1000000 1.439 0.655643
1000000 1.439 0.659407
1000000 1.439 0.546347
1000000 1.439 0.647106
1000000 1.439 0.635854
1000000 1.439 0.490651
1000000 1.439 0.593268
1000000 1.439 0.562491
1000000 1.439 0.62732
1000000 1.439 0.459088
1000000 1.439 0.577353
1000000 1.439 0.681934
1000000 1.439 0.640896
1000000 1.439 0.658671
1000000 1.439 0.68467
1000000 1.439 0.439515
1000000 1.439 0.612341
1000000 1.439 0.601612
1000000 1.439 0.569422
1000000 1.439 0.620852
1000000 1.439 0.566849
1000000 1.439 0.614124
1000000 1.439 0.619085
1000000 1.439 0.621069
1000000 1.439 0.341325
1000000 1.439 0.65071
1000000 1.439 0.578647
1000000 1.439 0.672392
1000000 1.439 0.525458
1000000 1.439 0.596163
1000000 1.439 0.605338
1000000 1.439 0.626678
1000000 1.439 0.663722
1000000 1.439 0.6199
1000000 1.439 0.690981
1000000 1.439 0.617782
1000000 1.439 0.628559
1000000 1.439 0.65
1000000 1.439 0.62368
1000000 1.439 0.370269
1000000 1.439 0.64658
1000000 1.439 0.598664
1000000 1.439 0.683627
1000000 1.439 0.501582
1000000 1.439 0.695001
1000000 1.439 0.492721
1000000 1.439 0.607364
1000000 1.439 0.651935
1000000 1.439 0.512413
1000000 1.439 0.60597
1000000 1.439 0.586677
1000000 1.439 0.644462
1000000 1.439 0.615523
1000000 1.439 0.610295
1000000 1.439 0.521246
1000000 1.439 0.616696
1000000 1.439 0.577765
1000000 1.439 0.410054
1000000 1.439 0.613001
1000000 1.439 0.680436
1000000 1.439 0.566339
1000000 1.439 0.66887
1000000 1.439 0.623363
1000000 1.439 0.634903
1000000 1.439 0.564152
1000000 1.439 0.664859
1000000 1.439 0.540666
1000000 1.439 0.626575
1000000 1.439 0.685784
1000000 1.439 0.543636
1000000 1.439 0.385017
1000000 1.439 0.59022
1000000 1.439 0.572976
1000000 1.439 0.639585
1000000 1.439 0.439332
1000000 1.439 0.657938
1000000 1.439 0.610874
1000000 1.439 0.640645
1000000 1.439 0.681043
1000000 1.439 0.626566
1000000 1.439 0.650521
1000000 1.439 0.521511
1000000 1.439 0.51507
1000000 1.439 0.57292
1000000 1.439 0.521241
1000000 1.439 0.508727
1000000 1.439 0.388132
1000000 1.439 0.615232
1000000 1.439 0.659695
1000000 1.439 0.650051
1000000 1.439 0.631264
1000000 1.439 0.298623
1000000 1.439 0.563382
1000000 1.439 0.648289
1000000 1.439 0.654054
1000000 1.439 0.537289
1000000 1.439 0.631834
1000000 1.439 0.657399
1000000 1.439 0.593673
1000000 1.439 0.640646
1000000 1.439 0.615498
1000000 1.439 0.580138
1000000 1.439 0.697229
1000000 1.439 0.569494
1000000 1.439 0.648089
1000000 1.439 0.555095
1000000 1.439 0.715554
1000000 1.439 0.673894
1000000 1.439 0.572742
1000000 1.439 0.596964
1000000 1.439 0.589587
1000000 1.439 0.660179
1000000 1.439 0.567138
1000000 1.439 0.317332
1000000 1.439 0.583048
1000000 1.439 0.536191
1000000 1.439 0.626982
1000000 1.439 0.60974
1000000 1.439 0.613835
1000000 1.439 0.645942
1000000 1.439 0.592914
1000000 1.439 0.689246
1000000 1.439 0.674575
1000000 1.439 0.662779
1000000 1.439 0.629075
1000000 1.439 0.639392
1000000 1.439 0.528387
1000000 1.439 0.645054
1000000 1.439 0.643482
1000000 1.439 0.633415
1000000 1.439 0.697198
1000000 1.439 0.515743
1000000 1.439 0.434659
1000000 1.439 0.576763
1000000 1.439 0.60363
1000000 1.439 0.59886
1000000 1.439 0.692348
1000000 1.439 0.619084
1000000 1.439 0.559947
1000000 1.439 0.625005
1000000 1.439 0.636545
1000000 1.439 0.580924
1000000 1.439 0.658006
1000000 1.439 0.61522
1000000 1.439 0.611948
1000000 1.439 0.60144
1000000 1.439 0.57201
