10000000 1.439 0.607523
10000000 1.439 0.607198
10000000 1.439 0.633191
10000000 1.439 0.55093
10000000 1.439 0.598503
10000000 1.439 0.580678
10000000 1.439 0.636459
10000000 1.439 0.560826
10000000 1.439 0.606712
10000000 1.439 0.608
10000000 1.439 0.535807
10000000 1.439 0.633973
10000000 1.439 0.309134
10000000 1.439 0.555685
10000000 1.439 0.535651
10000000 1.439 0.605344
10000000 1.439 0.627645
10000000 1.439 0.624138
10000000 1.439 0.590522
10000000 1.439 0.60764
10000000 1.439 0.616637
10000000 1.439 0.448054
10000000 1.439 0.550117
10000000 1.439 0.576052
10000000 1.439 0.537479
10000000 1.439 0.535784
10000000 1.439 0.604272
10000000 1.439 0.653093
10000000 1.439 0.590301
10000000 1.439 0.549182
10000000 1.439 0.627575
10000000 1.439 0.56778
10000000 1.439 0.594365
10000000 1.439 0.622955
10000000 1.439 0.59279
10000000 1.439 0.604914
10000000 1.439 0.511455
10000000 1.439 0.552188
10000000 1.439 0.550615
10000000 1.439 0.619809
10000000 1.439 0.337992
10000000 1.439 0.593809
10000000 1.439 0.585627
10000000 1.439 0.53889
10000000 1.439 0.592505
10000000 1.439 0.560274
10000000 1.439 0.562683
10000000 1.439 0.637888
10000000 1.439 0.449061
10000000 1.439 0.604177
10000000 1.439 0.581849
10000000 1.439 0.556279
10000000 1.439 0.603349
10000000 1.439 0.607444
10000000 1.439 0.555348
10000000 1.439 0.595717
10000000 1.439 0.640685
10000000 1.439 0.588717
10000000 1.439 0.533245
10000000 1.439 0.511234
10000000 1.439 0.571008
10000000 1.439 0.588708
10000000 1.439 0.563479
10000000 1.439 0.582158
10000000 1.439 0.6066
10000000 1.439 0.617763
10000000 1.439 0.582699
10000000 1.439 0.513676
10000000 1.439 0.61495
10000000 1.439 0.604829
10000000 1.439 0.592245
10000000 1.439 0.614622
10000000 1.439 0.606572
10000000 1.439 0.625075
10000000 1.439 0.588408
10000000 1.439 0.524727
10000000 1.439 0.482191
10000000 1.439 0.615668
10000000 1.439 0.591112
10000000 1.439 0.621517
10000000 1.439 0.53489
10000000 1.439 0.553155
10000000 1.439 0.633123
10000000 1.439 0.629884
10000000 1.439 0.628401
10000000 1.439 0.518675
10000000 1.439 0.595435
10000000 1.439 0.339751
10000000 1.439 0.647106
10000000 1.439 0.586259
10000000 1.439 0.619072
10000000 1.439 0.604383
10000000 1.439 0.569603
10000000 1.439 0.592044
10000000 1.439 0.576476
10000000 1.439 0.628819
10000000 1.439 0.611747
10000000 1.439 0.582238
10000000 1.439 0.624418
10000000 1.439 0.609711
10000000 1.439 0.570711
10000000 1.439 0.484944
10000000 1.439 0.598517
10000000 1.439 0.587704
10000000 1.439 0.543961
10000000 1.439 0.563355
10000000 1.439 0.563242
10000000 1.439 0.526626
10000000 1.439 0.544182
10000000 1.439 0.463715
10000000 1.439 0.543117
10000000 1.439 0.543969
10000000 1.439 0.567775
10000000 1.439 0.606706
10000000 1.439 0.630465
10000000 1.439 0.625764
10000000 1.439 0.573768
10000000 1.439 0.515173
10000000 1.439 0.576715
10000000 1.439 0.632791
10000000 1.439 0.608672
10000000 1.439 0.590267
10000000 1.439 0.532859
10000000 1.439 0.596308
10000000 1.439 0.537227
10000000 1.439 0.447013
10000000 1.439 0.602963
10000000 1.439 0.601723
10000000 1.439 0.521981
10000000 1.439 0.625962
10000000 1.439 0.596387
10000000 1.439 0.582309
10000000 1.439 0.614108
10000000 1.439 0.631456
10000000 1.439 0.569178
10000000 1.439 0.618082
10000000 1.439 0.555065
10000000 1.439 0.578622
10000000 1.439 0.563671
10000000 1.439 0.606713
10000000 1.439 0.616089
10000000 1.439 0.59899
10000000 1.439 0.589172
10000000 1.439 0.577416
10000000 1.439 0.59433
10000000 1.439 0.630918
10000000 1.439 0.606313
10000000 1.439 0.590345
10000000 1.439 0.651756
10000000 1.439 0.575705
10000000 1.439 0.5688
10000000 1.439 0.62115
10000000 1.439 0.619178
10000000 1.439 0.616259
10000000 1.439 0.558738
10000000 1.439 0.438473
10000000 1.439 0.591476
10000000 1.439 0.612695
10000000 1.439 0.565531
10000000 1.439 0.558021
10000000 1.439 0.592655
10000000 1.439 0.591712
10000000 1.439 0.61912
10000000 1.439 0.613722
10000000 1.439 0.633325
10000000 1.439 0.580984
10000000 1.439 0.597738
10000000 1.439 0.346851
10000000 1.439 0.583087
10000000 1.439 0.583013
10000000 1.439 0.467032
10000000 1.439 0.520655
10000000 1.439 0.599684
10000000 1.439 0.592635
10000000 1.439 0.540371
10000000 1.439 0.585123
10000000 1.439 0.630865
10000000 1.439 0.500176
10000000 1.439 0.536818
10000000 1.439 0.320892
10000000 1.439 0.612339
10000000 1.439 0.587581
10000000 1.439 0.606693
10000000 1.439 0.528038
10000000 1.439 0.612865
10000000 1.439 0.587057
10000000 1.439 0.619645
10000000 1.439 0.531237
10000000 1.439 0.616817
10000000 1.439 0.633208
10000000 1.439 0.618376
10000000 1.439 0.629596
10000000 1.439 0.609824
10000000 1.439 0.550061
10000000 1.439 0.597946
10000000 1.439 0.43349
10000000 1.439 0.568403
10000000 1.439 0.475504
10000000 1.439 0.633378
10000000 1.439 0.569026
