10000 1.439 0.7658
10000 1.439 0.7129
10000 1.439 0.8213
10000 1.439 0.7499
10000 1.439 0.7505
10000 1.439 0.7538
10000 1.439 0.4888
10000 1.439 0.8478
10000 1.439 0.8063
10000 1.439 0.7141
10000 1.439 0.6163
10000 1.439 0.8369
10000 1.439 0.8688
10000 1.439 0.7152
10000 1.439 0.8262
10000 1.439 0.5942
10000 1.439 0.8784
10000 1.439 0.8482
10000 1.439 0.4109
10000 1.439 0.719
10000 1.439 0.529
10000 1.439 0.7103
10000 1.439 0.464
10000 1.439 0.698
10000 1.439 0.7564
10000 1.439 0.5764
10000 1.439 0.7153
10000 1.439 0.7702
10000 1.439 0.8257
10000 1.439 0.6962
10000 1.439 0.7999
10000 1.439 0.6446
10000 1.439 0.7335
10000 1.439 0.512
10000 1.439 0.732
10000 1.439 0.7808
10000 1.439 0.655
10000 1.439 0.7789
10000 1.439 0.789
10000 1.439 0.6225
10000 1.439 0.783
10000 1.439 0.7309
10000 1.439 0.7948
10000 1.439 0.8049
10000 1.439 0.5097
10000 1.439 0.6311
10000 1.439 0.6196
10000 1.439 0.5134
10000 1.439 0.6633
10000 1.439 0.5526
10000 1.439 0.7597
10000 1.439 0.8195
10000 1.439 0.8448
10000 1.439 0.6785
10000 1.439 0.7001
10000 1.439 0.6688
10000 1.439 0.8154
10000 1.439 0.7026
10000 1.439 0.642
10000 1.439 0.7043
10000 1.439 0.765
10000 1.439 0.5415
10000 1.439 0.6411
10000 1.439 0.7791
10000 1.439 0.7953
10000 1.439 0.7728
10000 1.439 0.8344
10000 1.439 0.5025
10000 1.439 0.4544
10000 1.439 0.7656
10000 1.439 0.8419
10000 1.439 0.7381
10000 1.439 0.8147
10000 1.439 0.6773
10000 1.439 0.6355
10000 1.439 0.7645
10000 1.439 0.617
10000 1.439 0.8323
10000 1.439 0.6476
10000 1.439 0.6767
10000 1.439 0.8059
10000 1.439 0.8374
10000 1.439 0.7066
10000 1.439 0.8241
10000 1.439 0.7163
10000 1.439 0.6895
10000 1.439 0.4428
10000 1.439 0.8651
10000 1.439 0.6844
10000 1.439 0.8165
10000 1.439 0.7764
10000 1.439 0.7438
10000 1.439 0.5081
10000 1.439 0.6332
10000 1.439 0.522
10000 1.439 0.8683
10000 1.439 0.8433
10000 1.439 0.8618
10000 1.439 0.8089
10000 1.439 0.7925
10000 1.439 0.5309
10000 1.439 0.8007
10000 1.439 0.7785
10000 1.439 0.8558
10000 1.439 0.8454
10000 1.439 0.3247
10000 1.439 0.7835
10000 1.439 0.8166
10000 1.439 0.6242
10000 1.439 0.8307
10000 1.439 0.6408
10000 1.439 0.6036
10000 1.439 0.7857
10000 1.439 0.7009
10000 1.439 0.8165
10000 1.439 0.835
10000 1.439 0.7073
10000 1.439 0.8127
10000 1.439 0.5788
10000 1.439 0.7807
10000 1.439 0.7144
10000 1.439 0.7324
10000 1.439 0.5925
10000 1.439 0.7922
10000 1.439 0.7471
10000 1.439 0.8531
10000 1.439 0.6764
10000 1.439 0.7056
10000 1.439 0.7719
10000 1.439 0.8249
10000 1.439 0.7484
10000 1.439 0.3273
10000 1.439 0.7396
10000 1.439 0.4769
10000 1.439 0.7611
10000 1.439 0.852
10000 1.439 0.7528
10000 1.439 0.8312
10000 1.439 0.8656
10000 1.439 0.6319
10000 1.439 0.7117
10000 1.439 0.8504
10000 1.439 0.8484
10000 1.439 0.7988
10000 1.439 0.8246
10000 1.439 0.7958
10000 1.439 0.6515
10000 1.439 0.6538
10000 1.439 0.8088
10000 1.439 0.5283
10000 1.439 0.1885
10000 1.439 0.7598
10000 1.439 0.8394
10000 1.439 0.6444
10000 1.439 0.7607
10000 1.439 0.5877
10000 1.439 0.809
10000 1.439 0.5913
10000 1.439 0.7834
10000 1.439 0.7129
10000 1.439 0.8187
10000 1.439 0.5139
10000 1.439 0.6837
10000 1.439 0.8467
10000 1.439 0.789
10000 1.439 0.7018
10000 1.439 0.6549
10000 1.439 0.6361
10000 1.439 0.7249
10000 1.439 0.7776
10000 1.439 0.7129
10000 1.439 0.7371
10000 1.439 0.653
10000 1.439 0.6069
10000 1.439 0.8075
10000 1.439 0.8231
10000 1.439 0.7575
10000 1.439 0.7963
10000 1.439 0.8277
10000 1.439 0.7847
10000 1.439 0.8209
10000 1.439 0.8264
10000 1.439 0.7905
10000 1.439 0.8165
10000 1.439 0.7672
10000 1.439 0.7726
10000 1.439 0.7696
10000 1.439 0.7936
10000 1.439 0.5299
10000 1.439 0.8382
10000 1.439 0.5798
10000 1.439 0.8472
10000 1.439 0.7434
10000 1.439 0.7229
10000 1.439 0.5358
10000 1.439 0.7218
10000 1.439 0.7962
10000 1.439 0.7575
10000 1.439 0.7061
10000 1.439 0.784
10000 1.439 0.7153
10000 1.439 0.3475
10000 1.439 0.7717
10000 1.439 0.7885
10000 1.439 0.7238
10000 1.439 0.8234
10000 1.439 0.8007
10000 1.439 0.7669
10000 1.439 0.7569
10000 1.439 0.7019
10000 1.439 0.6773
10000 1.439 0.7541
10000 1.439 0.8333
10000 1.439 0.8049
10000 1.439 0.7614
10000 1.439 0.8072
10000 1.439 0.6868
10000 1.439 0.7656
10000 1.439 0.7857
10000 1.439 0.5552
10000 1.439 0.3501
10000 1.439 0.8439
10000 1.439 0.77
10000 1.439 0.6983
10000 1.439 0.816
10000 1.439 0.7862
10000 1.439 0.7614
10000 1.439 0.7932
10000 1.439 0.7611
10000 1.439 0.6817
10000 1.439 0.4486
10000 1.439 0.8243
10000 1.439 0.8467
10000 1.439 0.7031
10000 1.439 0.7907
10000 1.439 0.7199
10000 1.439 0.7437
10000 1.439 0.7426
10000 1.439 0.4766
10000 1.439 0.6474
10000 1.439 0.7951
10000 1.439 0.6969
10000 1.439 0.7252
10000 1.439 0.8216
10000 1.439 0.2786
10000 1.439 0.8199
10000 1.439 0.8466
10000 1.439 0.7768
10000 1.439 0.5668
10000 1.439 0.8238
10000 1.439 0.7086
10000 1.439 0.4962
10000 1.439 0.5894
10000 1.439 0.7858
10000 1.439 0.8488
10000 1.439 0.6044
10000 1.439 0.7145
10000 1.439 0.5536
10000 1.439 0.7172
10000 1.439 0.7632
10000 1.439 0.7701
10000 1.439 0.8287
10000 1.439 0.7598
10000 1.439 0.6128
10000 1.439 0.6792
10000 1.439 0.5492
10000 1.439 0.7905
10000 1.439 0.6762
10000 1.439 0.6928
10000 1.439 0.7044
10000 1.439 0.5752
10000 1.439 0.6634
10000 1.439 0.7329
10000 1.439 0.7853
10000 1.439 0.8011
10000 1.439 0.7624
10000 1.439 0.8698
10000 1.439 0.8081
10000 1.439 0.7242
10000 1.439 0.737
10000 1.439 0.7866
10000 1.439 0.6028
10000 1.439 0.7658
10000 1.439 0.3615
10000 1.439 0.77
10000 1.439 0.7413
10000 1.439 0.3955
10000 1.439 0.8274
10000 1.439 0.8017
10000 1.439 0.7998
10000 1.439 0.7629
10000 1.439 0.7496
10000 1.439 0.8018
10000 1.439 0.8395
10000 1.439 0.7912
10000 1.439 0.7665
10000 1.439 0.7882
10000 1.439 0.629
10000 1.439 0.4876
10000 1.439 0.7298
10000 1.439 0.749
10000 1.439 0.6693
10000 1.439 0.7165
10000 1.439 0.7302
10000 1.439 0.5431
10000 1.439 0.7404
10000 1.439 0.6058
10000 1.439 0.7179
10000 1.439 0.8295
10000 1.439 0.734
10000 1.439 0.6257
10000 1.439 0.8129
10000 1.439 0.7146
10000 1.439 0.7572
10000 1.439 0.3856
10000 1.439 0.7954
10000 1.439 0.6374
10000 1.439 0.5748
10000 1.439 0.6565
10000 1.439 0.7872
10000 1.439 0.7095
10000 1.439 0.8432
10000 1.439 0.819
10000 1.439 0.286
10000 1.439 0.7314
10000 1.439 0.511
10000 1.439 0.4936
10000 1.439 0.7448
10000 1.439 0.7769
10000 1.439 0.3856
10000 1.439 0.6598
10000 1.439 0.5142
10000 1.439 0.7334
10000 1.439 0.7827
10000 1.439 0.6324
10000 1.439 0.3909
10000 1.439 0.3396
10000 1.439 0.6894
10000 1.439 0.8076
10000 1.439 0.8429
10000 1.439 0.6518
10000 1.439 0.8175
10000 1.439 0.5642
10000 1.439 0.8476
10000 1.439 0.839
10000 1.439 0.8538
10000 1.439 0.3463
10000 1.439 0.6708
10000 1.439 0.7475
10000 1.439 0.8023
10000 1.439 0.7333
10000 1.439 0.8085
10000 1.439 0.6153
10000 1.439 0.8316
10000 1.439 0.739
10000 1.439 0.8401
10000 1.439 0.7986
10000 1.439 0.4986
10000 1.439 0.8347
10000 1.439 0.3824
10000 1.439 0.5973
10000 1.439 0.7927
10000 1.439 0.8152
10000 1.439 0.5647
10000 1.439 0.7509
10000 1.439 0.2902
10000 1.439 0.7325
10000 1.439 0.7892
10000 1.439 0.8762
10000 1.439 0.5378
10000 1.439 0.7379
10000 1.439 0.7714
10000 1.439 0.6735
10000 1.439 0.722
10000 1.439 0.7554
10000 1.439 0.7365
10000 1.439 0.7119
10000 1.439 0.7252
10000 1.439 0.7697
10000 1.439 0.816
10000 1.439 0.8464
10000 1.439 0.7627
10000 1.439 0.629
10000 1.439 0.2839
10000 1.439 0.8221
10000 1.439 0.8595
10000 1.439 0.6163
10000 1.439 0.8459
10000 1.439 0.7223
10000 1.439 0.7529
10000 1.439 0.6833
10000 1.439 0.6767
10000 1.439 0.7039
10000 1.439 0.7437
10000 1.439 0.725
10000 1.439 0.5896
10000 1.439 0.784
10000 1.439 0.7139
10000 1.439 0.8864
10000 1.439 0.7545
10000 1.439 0.798
10000 1.439 0.7942
10000 1.439 0.8321
10000 1.439 0.8593
10000 1.439 0.4174
10000 1.439 0.6041
10000 1.439 0.7803
10000 1.439 0.8492
10000 1.439 0.8014
10000 1.439 0.8109
10000 1.439 0.6342
10000 1.439 0.4274
10000 1.439 0.3396
10000 1.439 0.4512
10000 1.439 0.6063
10000 1.439 0.8008
10000 1.439 0.7887
10000 1.439 0.3654
10000 1.439 0.7675
10000 1.439 0.6753
10000 1.439 0.8601
10000 1.439 0.6479
10000 1.439 0.4351
10000 1.439 0.7223
10000 1.439 0.5255
10000 1.439 0.7483
10000 1.439 0.7471
10000 1.439 0.7513
10000 1.439 0.7024
10000 1.439 0.6809
10000 1.439 0.5596
10000 1.439 0.7561
10000 1.439 0.8437
10000 1.439 0.5701
10000 1.439 0.6896
10000 1.439 0.8364
10000 1.439 0.7894
10000 1.439 0.2224
10000 1.439 0.7936
10000 1.439 0.814
10000 1.439 0.7222
10000 1.439 0.7734
10000 1.439 0.8041
10000 1.439 0.7882
10000 1.439 0.4078
10000 1.439 0.8448
10000 1.439 0.7431
10000 1.439 0.6454
10000 1.439 0.6729
10000 1.439 0.723
10000 1.439 0.5104
10000 1.439 0.7536
10000 1.439 0.7896
10000 1.439 0.7195
10000 1.439 0.7664
10000 1.439 0.6887
10000 1.439 0.8181
10000 1.439 0.6583
10000 1.439 0.787
10000 1.439 0.8294
10000 1.439 0.571
10000 1.439 0.7665
10000 1.439 0.8538
10000 1.439 0.8036
10000 1.439 0.8067
10000 1.439 0.4862
10000 1.439 0.7361
10000 1.439 0.8154
10000 1.439 0.619
10000 1.439 0.6571
10000 1.439 0.6671
10000 1.439 0.8532
10000 1.439 0.8065
10000 1.439 0.6498
10000 1.439 0.437
10000 1.439 0.7356
10000 1.439 0.7329
10000 1.439 0.6388
10000 1.439 0.8173
10000 1.439 0.6429
10000 1.439 0.6264
10000 1.439 0.4123
10000 1.439 0.8431
10000 1.439 0.7901
10000 1.439 0.7686
10000 1.439 0.6855
10000 1.439 0.836
10000 1.439 0.7367
10000 1.439 0.3946
10000 1.439 0.8233
10000 1.439 0.725
10000 1.439 0.4477
10000 1.439 0.5485
10000 1.439 0.6734
10000 1.439 0.684
10000 1.439 0.8195
10000 1.439 0.8695
10000 1.439 0.7318
10000 1.439 0.7362
10000 1.439 0.4775
10000 1.439 0.609
10000 1.439 0.743
10000 1.439 0.5218
10000 1.439 0.8104
10000 1.439 0.844
10000 1.439 0.6018
10000 1.439 0.7501
10000 1.439 0.7057
10000 1.439 0.8507
10000 1.439 0.7908
10000 1.439 0.6339
10000 1.439 0.7718
10000 1.439 0.6635
10000 1.439 0.788
10000 1.439 0.6083
10000 1.439 0.7809
10000 1.439 0.6776
10000 1.439 0.7655
10000 1.439 0.5136
10000 1.439 0.8487
10000 1.439 0.8176
10000 1.439 0.8562
10000 1.439 0.7463
10000 1.439 0.7613
10000 1.439 0.3917
10000 1.439 0.7232
10000 1.439 0.7352
10000 1.439 0.7589
10000 1.439 0.4571
10000 1.439 0.736
10000 1.439 0.8036
10000 1.439 0.7788
10000 1.439 0.7714
10000 1.439 0.5523
10000 1.439 0.8109
10000 1.439 0.5686
10000 1.439 0.7385
10000 1.439 0.7077
10000 1.439 0.6334
10000 1.439 0.6637
10000 1.439 0.6194
10000 1.439 0.4916
10000 1.439 0.8036
10000 1.439 0.7601
10000 1.439 0.7773
10000 1.439 0.6886
10000 1.439 0.7924
10000 1.439 0.8233
10000 1.439 0.5418
10000 1.439 0.8228
10000 1.439 0.8053
10000 1.439 0.7221
10000 1.439 0.7214
10000 1.439 0.6839
10000 1.439 0.8669
10000 1.439 0.808
10000 1.439 0.5814
10000 1.439 0.5051
10000 1.439 0.5112
10000 1.439 0.5365
10000 1.439 0.7272
10000 1.439 0.8199
10000 1.439 0.3969
10000 1.439 0.7415
10000 1.439 0.7745
10000 1.439 0.8141
10000 1.439 0.8591
10000 1.439 0.7632
10000 1.439 0.6511
10000 1.439 0.8542
10000 1.439 0.6046
10000 1.439 0.5889
10000 1.439 0.7787
10000 1.439 0.7831
10000 1.439 0.3139
10000 1.439 0.7545
10000 1.439 0.8482
10000 1.439 0.8609
10000 1.439 0.8455
10000 1.439 0.697
10000 1.439 0.7593
10000 1.439 0.7184
10000 1.439 0.7757
10000 1.439 0.799
10000 1.439 0.4884
10000 1.439 0.6451
10000 1.439 0.6011
10000 1.439 0.218
10000 1.439 0.4051
10000 1.439 0.708
10000 1.439 0.8253
10000 1.439 0.7614
10000 1.439 0.7413
10000 1.439 0.8418
10000 1.439 0.6395
10000 1.439 0.6216
10000 1.439 0.6783
10000 1.439 0.8343
10000 1.439 0.8684
10000 1.439 0.833
10000 1.439 0.5115
10000 1.439 0.7854
10000 1.439 0.7383
10000 1.439 0.7219
10000 1.439 0.3663
10000 1.439 0.4214
10000 1.439 0.7693
10000 1.439 0.7358
10000 1.439 0.6935
10000 1.439 0.8362
10000 1.439 0.7711
10000 1.439 0.8115
10000 1.439 0.8251
10000 1.439 0.7388
10000 1.439 0.7035
10000 1.439 0.8398
10000 1.439 0.6171
10000 1.439 0.8097
10000 1.439 0.8184
10000 1.439 0.7835
10000 1.439 0.81
10000 1.439 0.8681
10000 1.439 0.7814
10000 1.439 0.7698
10000 1.439 0.8392
10000 1.439 0.8111
10000 1.439 0.3904
10000 1.439 0.6644
10000 1.439 0.7122
10000 1.439 0.7443
10000 1.439 0.6643
10000 1.439 0.76
10000 1.439 0.5234
10000 1.439 0.8604
10000 1.439 0.8202
10000 1.439 0.7052
10000 1.439 0.639
10000 1.439 0.8064
10000 1.439 0.4212
10000 1.439 0.7088
10000 1.439 0.7559
10000 1.439 0.8319
10000 1.439 0.7301
10000 1.439 0.6516
10000 1.439 0.6011
10000 1.439 0.6926
10000 1.439 0.6721
10000 1.439 0.8702
10000 1.439 0.5988
10000 1.439 0.6912
10000 1.439 0.8142
10000 1.439 0.7576
10000 1.439 0.3296
10000 1.439 0.3685
10000 1.439 0.7416
10000 1.439 0.7247
10000 1.439 0.7799
10000 1.439 0.8214
10000 1.439 0.6584
10000 1.439 0.3406
10000 1.439 0.7822
10000 1.439 0.3887
10000 1.439 0.2937
10000 1.439 0.7149
10000 1.439 0.7112
10000 1.439 0.5698
10000 1.439 0.4575
10000 1.439 0.3604
10000 1.439 0.6646
10000 1.439 0.3862
10000 1.439 0.8264
10000 1.439 0.7226
10000 1.439 0.6173
10000 1.439 0.8255
10000 1.439 0.5381
10000 1.439 0.8675
10000 1.439 0.7467
10000 1.439 0.2668
10000 1.439 0.7976
10000 1.439 0.7242
10000 1.439 0.8219
10000 1.439 0.8321
10000 1.439 0.8238
10000 1.439 0.8097
10000 1.439 0.7015
10000 1.439 0.808
10000 1.439 0.7898
10000 1.439 0.7194
10000 1.439 0.3928
10000 1.439 0.6
10000 1.439 0.7909
10000 1.439 0.4062
10000 1.439 0.7798
10000 1.439 0.7897
10000 1.439 0.8316
10000 1.439 0.4849
10000 1.439 0.6067
10000 1.439 0.7536
10000 1.439 0.5627
10000 1.439 0.7636
10000 1.439 0.5758
10000 1.439 0.6721
10000 1.439 0.7905
10000 1.439 0.7972
10000 1.439 0.8294
10000 1.439 0.8039
10000 1.439 0.853
10000 1.439 0.7846
10000 1.439 0.7146
10000 1.439 0.8187
10000 1.439 0.7246
10000 1.439 0.7515
10000 1.439 0.7988
10000 1.439 0.7296
10000 1.439 0.8145
10000 1.439 0.5911
10000 1.439 0.8303
10000 1.439 0.759
10000 1.439 0.4576
10000 1.439 0.7184
10000 1.439 0.4519
10000 1.439 0.8245
10000 1.439 0.8696
10000 1.439 0.7208
10000 1.439 0.8462
10000 1.439 0.7384
10000 1.439 0.6913
10000 1.439 0.8227
10000 1.439 0.5974
10000 1.439 0.8313
10000 1.439 0.7526
10000 1.439 0.8404
10000 1.439 0.7411
10000 1.439 0.8088
10000 1.439 0.7934
10000 1.439 0.7243
10000 1.439 0.7711
10000 1.439 0.7598
10000 1.439 0.6504
10000 1.439 0.794
10000 1.439 0.7785
10000 1.439 0.7386
10000 1.439 0.4937
10000 1.439 0.8089
10000 1.439 0.864
10000 1.439 0.7472
10000 1.439 0.8277
10000 1.439 0.7811
10000 1.439 0.8514
10000 1.439 0.7278
10000 1.439 0.7424
10000 1.439 0.5266
10000 1.439 0.841
10000 1.439 0.7202
10000 1.439 0.8342
10000 1.439 0.8068
10000 1.439 0.7562
10000 1.439 0.836
10000 1.439 0.8153
10000 1.439 0.7818
10000 1.439 0.453
10000 1.439 0.727
10000 1.439 0.6858
10000 1.439 0.7529
10000 1.439 0.71
10000 1.439 0.8717
10000 1.439 0.6207
10000 1.439 0.5692
10000 1.439 0.6792
10000 1.439 0.7531
10000 1.439 0.6212
10000 1.439 0.7882
10000 1.439 0.6535
10000 1.439 0.2647
10000 1.439 0.3053
10000 1.439 0.7998
10000 1.439 0.7766
10000 1.439 0.7203
10000 1.439 0.8447
10000 1.439 0.8053
10000 1.439 0.2476
10000 1.439 0.7102
10000 1.439 0.8118
10000 1.439 0.7765
10000 1.439 0.7509
10000 1.439 0.7699
10000 1.439 0.7903
10000 1.439 0.7041
10000 1.439 0.832
10000 1.439 0.6474
10000 1.439 0.749
10000 1.439 0.7855
10000 1.439 0.8323
10000 1.439 0.8223
10000 1.439 0.6002
10000 1.439 0.8017
10000 1.439 0.4194
10000 1.439 0.7009
10000 1.439 0.8491
10000 1.439 0.6957
10000 1.439 0.7525
10000 1.439 0.4437
10000 1.439 0.7767
10000 1.439 0.7243
10000 1.439 0.6997
10000 1.439 0.7747
10000 1.439 0.4376
10000 1.439 0.2998
10000 1.439 0.8223
10000 1.439 0.6247
10000 1.439 0.7909
10000 1.439 0.69
10000 1.439 0.6158
10000 1.439 0.774
10000 1.439 0.7625
10000 1.439 0.6815
10000 1.439 0.68
10000 1.439 0.7727
10000 1.439 0.6802
10000 1.439 0.6296
10000 1.439 0.6236
10000 1.439 0.7008
10000 1.439 0.7333
10000 1.439 0.6909
10000 1.439 0.7585
10000 1.439 0.7016
10000 1.439 0.6891
10000 1.439 0.8059
10000 1.439 0.8254
10000 1.439 0.7068
10000 1.439 0.7548
10000 1.439 0.7809
10000 1.439 0.6405
10000 1.439 0.7567
10000 1.439 0.7866
10000 1.439 0.777
10000 1.439 0.8632
10000 1.439 0.7881
10000 1.439 0.7655
10000 1.439 0.7408
10000 1.439 0.6242
10000 1.439 0.501
10000 1.439 0.7074
10000 1.439 0.8062
10000 1.439 0.4811
10000 1.439 0.4855
10000 1.439 0.6424
10000 1.439 0.6491
10000 1.439 0.7901
10000 1.439 0.7251
10000 1.439 0.443
10000 1.439 0.5552
10000 1.439 0.8057
10000 1.439 0.8241
10000 1.439 0.5067
10000 1.439 0.781
10000 1.439 0.7651
10000 1.439 0.6575
10000 1.439 0.7514
10000 1.439 0.7951
10000 1.439 0.7408
10000 1.439 0.8065
10000 1.439 0.7845
10000 1.439 0.5706
10000 1.439 0.5334
10000 1.439 0.743
10000 1.439 0.5747
10000 1.439 0.5506
10000 1.439 0.8475
10000 1.439 0.7629
10000 1.439 0.81
10000 1.439 0.8933
10000 1.439 0.6549
10000 1.439 0.8022
10000 1.439 0.7729
10000 1.439 0.3685
10000 1.439 0.4357
10000 1.439 0.8048
10000 1.439 0.6526
10000 1.439 0.8276
10000 1.439 0.7211
10000 1.439 0.821
10000 1.439 0.5746
10000 1.439 0.7913
10000 1.439 0.7464
10000 1.439 0.5018
10000 1.439 0.282
10000 1.439 0.8274
10000 1.439 0.7396
10000 1.439 0.8204
10000 1.439 0.7748
10000 1.439 0.7833
10000 1.439 0.8148
10000 1.439 0.7887
10000 1.439 0.8164
10000 1.439 0.7425
10000 1.439 0.774
10000 1.439 0.7686
10000 1.439 0.7546
10000 1.439 0.8134
10000 1.439 0.7779
10000 1.439 0.7641
10000 1.439 0.732
10000 1.439 0.7156
10000 1.439 0.8894
10000 1.439 0.8554
10000 1.439 0.6428
10000 1.439 0.7741
10000 1.439 0.6871
10000 1.439 0.7322
10000 1.439 0.3531
10000 1.439 0.3931
10000 1.439 0.8393
10000 1.439 0.7907
10000 1.439 0.6617
10000 1.439 0.4731
10000 1.439 0.7924
10000 1.439 0.5026
10000 1.439 0.8093
10000 1.439 0.7454
10000 1.439 0.6223
10000 1.439 0.7771
10000 1.439 0.5683
10000 1.439 0.869
10000 1.439 0.8333
10000 1.439 0.7667
10000 1.439 0.7132
10000 1.439 0.2985
10000 1.439 0.8098
10000 1.439 0.5356
10000 1.439 0.6477
10000 1.439 0.6155
10000 1.439 0.322
10000 1.439 0.7625
10000 1.439 0.5198
10000 1.439 0.7733
10000 1.439 0.6042
10000 1.439 0.8611
10000 1.439 0.7359
10000 1.439 0.4572
10000 1.439 0.7132
10000 1.439 0.7519
10000 1.439 0.6364
10000 1.439 0.7842
10000 1.439 0.8037
10000 1.439 0.5983
10000 1.439 0.7409
10000 1.439 0.72
10000 1.439 0.8228
10000 1.439 0.6505
10000 1.439 0.826
10000 1.439 0.8147
10000 1.439 0.691
10000 1.439 0.633
10000 1.439 0.7487
10000 1.439 0.6384
10000 1.439 0.5765
10000 1.439 0.7938
10000 1.439 0.5134
10000 1.439 0.5257
10000 1.439 0.7422
10000 1.439 0.7727
10000 1.439 0.3821
10000 1.439 0.4317
10000 1.439 0.8486
10000 1.439 0.7386
10000 1.439 0.6345
10000 1.439 0.6591
10000 1.439 0.8482
10000 1.439 0.7531
10000 1.439 0.7848
10000 1.439 0.8087
10000 1.439 0.6412
10000 1.439 0.6062
10000 1.439 0.6647
10000 1.439 0.8116
10000 1.439 0.6742
10000 1.439 0.8105
10000 1.439 0.8391
10000 1.439 0.732
10000 1.439 0.6397
10000 1.439 0.7939
10000 1.439 0.6366
10000 1.439 0.6863
10000 1.439 0.8617
10000 1.439 0.8253
10000 1.439 0.7236
10000 1.439 0.6987
10000 1.439 0.3332
10000 1.439 0.6455
10000 1.439 0.8081
10000 1.439 0.696
10000 1.439 0.7565
10000 1.439 0.7943
10000 1.439 0.7285
10000 1.439 0.6147
10000 1.439 0.7168
10000 1.439 0.8819
10000 1.439 0.7433
10000 1.439 0.7457
