100000 1.439 0.64719
100000 1.439 0.55586
100000 1.439 0.66055
100000 1.439 0.62522
100000 1.439 0.72275
100000 1.439 0.73859
100000 1.439 0.67389
100000 1.439 0.67686
100000 1.439 0.5808
100000 1.439 0.65328
100000 1.439 0.55837
100000 1.439 0.6433
100000 1.439 0.63648
100000 1.439 0.66608
100000 1.439 0.74852
100000 1.439 0.7688
100000 1.439 0.63388
100000 1.439 0.54696
100000 1.439 0.73002
100000 1.439 0.42177
100000 1.439 0.68736
100000 1.439 0.55554
100000 1.439 0.52937
100000 1.439 0.68201
100000 1.439 0.75112
100000 1.439 0.69134
100000 1.439 0.65468
100000 1.439 0.4999
100000 1.439 0.77183
100000 1.439 0.69401
100000 1.439 0.66679
100000 1.439 0.77897
100000 1.439 0.52612
100000 1.439 0.6889
100000 1.439 0.68689
100000 1.439 0.60512
100000 1.439 0.68875
100000 1.439 0.65336
100000 1.439 0.72964
100000 1.439 0.65268
100000 1.439 0.52359
100000 1.439 0.42855
100000 1.439 0.76531
100000 1.439 0.76443
100000 1.439 0.713
100000 1.439 0.68757
100000 1.439 0.69582
100000 1.439 0.69311
100000 1.439 0.56626
100000 1.439 0.73514
100000 1.439 0.73437
100000 1.439 0.68934
100000 1.439 0.70056
100000 1.439 0.53559
100000 1.439 0.72705
100000 1.439 0.42453
100000 1.439 0.56941
100000 1.439 0.73532
100000 1.439 0.42161
100000 1.439 0.71279
100000 1.439 0.75124
100000 1.439 0.65487
100000 1.439 0.71958
100000 1.439 0.69061
100000 1.439 0.74091
100000 1.439 0.62553
100000 1.439 0.58019
100000 1.439 0.65905
100000 1.439 0.5767
100000 1.439 0.74767
100000 1.439 0.70306
100000 1.439 0.70977
100000 1.439 0.7373
100000 1.439 0.64383
100000 1.439 0.69758
100000 1.439 0.62836
100000 1.439 0.60012
100000 1.439 0.58029
100000 1.439 0.69468
100000 1.439 0.63391
100000 1.439 0.69094
100000 1.439 0.72911
100000 1.439 0.52195
100000 1.439 0.72959
100000 1.439 0.72335
100000 1.439 0.66625
100000 1.439 0.62536
100000 1.439 0.73013
100000 1.439 0.56426
100000 1.439 0.57826
100000 1.439 0.6722
100000 1.439 0.61503
100000 1.439 0.38444
100000 1.439 0.74049
100000 1.439 0.62825
100000 1.439 0.68064
100000 1.439 0.64822
100000 1.439 0.40998
100000 1.439 0.70927
100000 1.439 0.5582
100000 1.439 0.49574
100000 1.439 0.51186
100000 1.439 0.74486
100000 1.439 0.73163
100000 1.439 0.27308
100000 1.439 0.62856
100000 1.439 0.68239
100000 1.439 0.44011
100000 1.439 0.68827
100000 1.439 0.62099
100000 1.439 0.62992
100000 1.439 0.49641
100000 1.439 0.75479
100000 1.439 0.67647
100000 1.439 0.67843
100000 1.439 0.64483
100000 1.439 0.57218
100000 1.439 0.55396
100000 1.439 0.44355
100000 1.439 0.70863
100000 1.439 0.72516
100000 1.439 0.71221
100000 1.439 0.70991
100000 1.439 0.4726
100000 1.439 0.67751
100000 1.439 0.66625
100000 1.439 0.49597
100000 1.439 0.73739
100000 1.439 0.76576
100000 1.439 0.5034
100000 1.439 0.38168
100000 1.439 0.70844
100000 1.439 0.53377
100000 1.439 0.69741
100000 1.439 0.71469
100000 1.439 0.61298
100000 1.439 0.74087
100000 1.439 0.74846
100000 1.439 0.67916
100000 1.439 0.70052
100000 1.439 0.60305
100000 1.439 0.5971
100000 1.439 0.63937
100000 1.439 0.4774
100000 1.439 0.70662
100000 1.439 0.74192
100000 1.439 0.78143
100000 1.439 0.72245
100000 1.439 0.7544
100000 1.439 0.75773
100000 1.439 0.47104
100000 1.439 0.67557
100000 1.439 0.56333
100000 1.439 0.66409
100000 1.439 0.63391
100000 1.439 0.69465
100000 1.439 0.69466
100000 1.439 0.56773
100000 1.439 0.7143
100000 1.439 0.35734
100000 1.439 0.72165
100000 1.439 0.58828
100000 1.439 0.68829
100000 1.439 0.6945
100000 1.439 0.76472
100000 1.439 0.75259
100000 1.439 0.75978
100000 1.439 0.3857
100000 1.439 0.56154
100000 1.439 0.69366
100000 1.439 0.64837
100000 1.439 0.5962
100000 1.439 0.62275
100000 1.439 0.72832
100000 1.439 0.61528
100000 1.439 0.64836
100000 1.439 0.65699
100000 1.439 0.78824
100000 1.439 0.79483
100000 1.439 0.72974
100000 1.439 0.75276
100000 1.439 0.71877
100000 1.439 0.36746
100000 1.439 0.55151
100000 1.439 0.75729
100000 1.439 0.54037
100000 1.439 0.68542
100000 1.439 0.72578
100000 1.439 0.57322
100000 1.439 0.73959
100000 1.439 0.67462
100000 1.439 0.68787
100000 1.439 0.72276
100000 1.439 0.71875
100000 1.439 0.54792
100000 1.439 0.73514
100000 1.439 0.63349
100000 1.439 0.73887
100000 1.439 0.33899
100000 1.439 0.71262
100000 1.439 0.62418
100000 1.439 0.65103
100000 1.439 0.71684
100000 1.439 0.69894
100000 1.439 0.80076
100000 1.439 0.76313
100000 1.439 0.73629
100000 1.439 0.63552
100000 1.439 0.72627
100000 1.439 0.71014
100000 1.439 0.69827
100000 1.439 0.60483
100000 1.439 0.56816
100000 1.439 0.6472
100000 1.439 0.68242
100000 1.439 0.70621
100000 1.439 0.52352
100000 1.439 0.73044
100000 1.439 0.65816
100000 1.439 0.71223
100000 1.439 0.70937
100000 1.439 0.6653
100000 1.439 0.63811
100000 1.439 0.42483
100000 1.439 0.35356
100000 1.439 0.53511
100000 1.439 0.75857
100000 1.439 0.46649
100000 1.439 0.70887
100000 1.439 0.73808
100000 1.439 0.62472
100000 1.439 0.55512
100000 1.439 0.63341
100000 1.439 0.60599
100000 1.439 0.53123
100000 1.439 0.74227
100000 1.439 0.74536
100000 1.439 0.67208
100000 1.439 0.63944
100000 1.439 0.65371
100000 1.439 0.67912
100000 1.439 0.70724
100000 1.439 0.59084
100000 1.439 0.64347
100000 1.439 0.70289
100000 1.439 0.33092
100000 1.439 0.58603
100000 1.439 0.56667
100000 1.439 0.75134
100000 1.439 0.7581
100000 1.439 0.65225
100000 1.439 0.72881
100000 1.439 0.76529
100000 1.439 0.47781
100000 1.439 0.68962
100000 1.439 0.52219
100000 1.439 0.80207
100000 1.439 0.75059
100000 1.439 0.45727
100000 1.439 0.68728
100000 1.439 0.7499
100000 1.439 0.64588
100000 1.439 0.74155
100000 1.439 0.73745
100000 1.439 0.64095
100000 1.439 0.68532
100000 1.439 0.75141
100000 1.439 0.74759
100000 1.439 0.65269
100000 1.439 0.74787
100000 1.439 0.61286
100000 1.439 0.67113
100000 1.439 0.70146
100000 1.439 0.71138
100000 1.439 0.743
100000 1.439 0.70557
100000 1.439 0.53259
100000 1.439 0.56841
100000 1.439 0.6821
100000 1.439 0.39408
100000 1.439 0.59634
100000 1.439 0.75729
100000 1.439 0.55136
100000 1.439 0.61687
100000 1.439 0.69802
100000 1.439 0.57561
100000 1.439 0.7255
100000 1.439 0.69957
100000 1.439 0.73709
100000 1.439 0.73482
100000 1.439 0.63957
100000 1.439 0.55069
100000 1.439 0.77913
100000 1.439 0.66017
100000 1.439 0.73589
100000 1.439 0.72017
100000 1.439 0.5971
100000 1.439 0.60842
100000 1.439 0.78402
100000 1.439 0.70151
100000 1.439 0.64194
100000 1.439 0.58245
100000 1.439 0.69031
100000 1.439 0.6833
100000 1.439 0.73542
100000 1.439 0.76484
100000 1.439 0.73566
100000 1.439 0.29009
100000 1.439 0.66741
100000 1.439 0.67988
100000 1.439 0.61817
100000 1.439 0.71746
100000 1.439 0.6638
100000 1.439 0.70093
100000 1.439 0.54296
100000 1.439 0.64704
100000 1.439 0.56322
100000 1.439 0.69657
100000 1.439 0.38408
100000 1.439 0.54542
100000 1.439 0.76279
100000 1.439 0.66278
100000 1.439 0.63396
100000 1.439 0.72296
100000 1.439 0.76207
100000 1.439 0.75476
100000 1.439 0.75541
100000 1.439 0.66845
100000 1.439 0.34486
100000 1.439 0.34671
100000 1.439 0.76938
100000 1.439 0.74739
100000 1.439 0.70528
100000 1.439 0.73852
100000 1.439 0.55138
100000 1.439 0.5868
100000 1.439 0.6608
100000 1.439 0.63465
100000 1.439 0.70902
100000 1.439 0.75347
100000 1.439 0.61798
100000 1.439 0.56403
100000 1.439 0.41184
100000 1.439 0.64508
100000 1.439 0.6036
100000 1.439 0.62504
100000 1.439 0.71101
100000 1.439 0.69568
100000 1.439 0.70574
100000 1.439 0.57207
100000 1.439 0.80429
100000 1.439 0.49405
100000 1.439 0.73633
100000 1.439 0.69163
100000 1.439 0.71543
100000 1.439 0.68295
100000 1.439 0.48453
100000 1.439 0.70318
100000 1.439 0.72212
100000 1.439 0.31374
100000 1.439 0.71607
100000 1.439 0.73868
100000 1.439 0.69923
100000 1.439 0.70816
100000 1.439 0.41508
100000 1.439 0.68609
100000 1.439 0.5733
100000 1.439 0.43508
100000 1.439 0.7696
100000 1.439 0.54407
100000 1.439 0.63272
100000 1.439 0.6165
100000 1.439 0.78846
100000 1.439 0.57703
100000 1.439 0.65252
100000 1.439 0.75715
100000 1.439 0.62616
100000 1.439 0.669
100000 1.439 0.69085
100000 1.439 0.71202
100000 1.439 0.63196
100000 1.439 0.66602
100000 1.439 0.27271
100000 1.439 0.66549
100000 1.439 0.70748
100000 1.439 0.73554
100000 1.439 0.69819
100000 1.439 0.56195
100000 1.439 0.75131
100000 1.439 0.55565
100000 1.439 0.44125
100000 1.439 0.76808
100000 1.439 0.73457
100000 1.439 0.71414
100000 1.439 0.68997
100000 1.439 0.71312
100000 1.439 0.62008
100000 1.439 0.77005
100000 1.439 0.69573
100000 1.439 0.48854
100000 1.439 0.62584
100000 1.439 0.74294
100000 1.439 0.65748
100000 1.439 0.67667
100000 1.439 0.57965
100000 1.439 0.66081
100000 1.439 0.71804
100000 1.439 0.67565
100000 1.439 0.693
100000 1.439 0.48783
100000 1.439 0.6734
100000 1.439 0.61559
100000 1.439 0.69788
100000 1.439 0.6137
100000 1.439 0.62971
100000 1.439 0.72588
100000 1.439 0.74133
100000 1.439 0.61578
100000 1.439 0.66567
100000 1.439 0.54428
100000 1.439 0.64575
100000 1.439 0.43675
100000 1.439 0.63706
100000 1.439 0.60293
100000 1.439 0.77686
100000 1.439 0.60503
100000 1.439 0.39448
100000 1.439 0.60004
100000 1.439 0.60604
100000 1.439 0.68558
100000 1.439 0.61082
100000 1.439 0.63634
100000 1.439 0.68988
100000 1.439 0.64629
100000 1.439 0.55673
100000 1.439 0.67729
100000 1.439 0.62273
100000 1.439 0.68799
100000 1.439 0.7088
100000 1.439 0.61326
100000 1.439 0.7241
100000 1.439 0.67061
100000 1.439 0.70104
100000 1.439 0.74859
100000 1.439 0.69152
100000 1.439 0.71024
100000 1.439 0.72403
100000 1.439 0.63964
100000 1.439 0.70657
100000 1.439 0.30899
100000 1.439 0.56392
100000 1.439 0.52161
100000 1.439 0.55998
100000 1.439 0.7683
100000 1.439 0.32758
100000 1.439 0.66112
100000 1.439 0.68148
100000 1.439 0.70055
100000 1.439 0.70378
100000 1.439 0.72631
100000 1.439 0.70756
100000 1.439 0.63999
100000 1.439 0.7432
100000 1.439 0.56752
100000 1.439 0.77596
100000 1.439 0.3968
100000 1.439 0.73829
100000 1.439 0.67878
100000 1.439 0.275
100000 1.439 0.49981
100000 1.439 0.61824
100000 1.439 0.68195
100000 1.439 0.63016
100000 1.439 0.66622
100000 1.439 0.53097
100000 1.439 0.60615
100000 1.439 0.63123
100000 1.439 0.61143
100000 1.439 0.64443
100000 1.439 0.7124
100000 1.439 0.65309
100000 1.439 0.73334
100000 1.439 0.71643
100000 1.439 0.50811
100000 1.439 0.28859
100000 1.439 0.66591
100000 1.439 0.69785
100000 1.439 0.70908
100000 1.439 0.65587
100000 1.439 0.66702
100000 1.439 0.69098
100000 1.439 0.62909
100000 1.439 0.34421
100000 1.439 0.7016
100000 1.439 0.57412
100000 1.439 0.68472
100000 1.439 0.48508
100000 1.439 0.74528
100000 1.439 0.52821
100000 1.439 0.68863
100000 1.439 0.69187
100000 1.439 0.68022
100000 1.439 0.77516
100000 1.439 0.78441
100000 1.439 0.65051
100000 1.439 0.63075
100000 1.439 0.66307
100000 1.439 0.73294
100000 1.439 0.75514
100000 1.439 0.61126
100000 1.439 0.6897
100000 1.439 0.68781
100000 1.439 0.68934
100000 1.439 0.521
100000 1.439 0.76106
100000 1.439 0.69637
100000 1.439 0.74679
100000 1.439 0.6534
100000 1.439 0.73911
100000 1.439 0.63726
100000 1.439 0.62189
100000 1.439 0.70862
100000 1.439 0.73048
100000 1.439 0.74581
100000 1.439 0.58805
100000 1.439 0.70736
100000 1.439 0.72388
100000 1.439 0.47381
100000 1.439 0.72477
100000 1.439 0.69337
100000 1.439 0.5246
100000 1.439 0.70225
100000 1.439 0.68287
100000 1.439 0.55203
100000 1.439 0.6534
100000 1.439 0.70356
100000 1.439 0.74875
100000 1.439 0.65932
100000 1.439 0.41551
100000 1.439 0.61423
100000 1.439 0.7441
100000 1.439 0.75364
100000 1.439 0.65584
100000 1.439 0.64598
100000 1.439 0.7684
100000 1.439 0.68694
100000 1.439 0.49406
100000 1.439 0.65132
100000 1.439 0.71079
100000 1.439 0.67817
100000 1.439 0.58533
100000 1.439 0.39051
100000 1.439 0.68286
100000 1.439 0.72058
100000 1.439 0.69651
100000 1.439 0.66205
100000 1.439 0.44985
100000 1.439 0.74889
100000 1.439 0.6819
100000 1.439 0.76314
100000 1.439 0.77363
100000 1.439 0.74594
100000 1.439 0.6142
100000 1.439 0.5297
100000 1.439 0.48356
100000 1.439 0.73925
100000 1.439 0.69895
100000 1.439 0.69105
100000 1.439 0.53409
100000 1.439 0.57259
100000 1.439 0.6053
100000 1.439 0.49875
100000 1.439 0.67466
100000 1.439 0.51693
100000 1.439 0.55314
100000 1.439 0.47247
100000 1.439 0.70957
100000 1.439 0.66765
100000 1.439 0.74543
100000 1.439 0.73309
100000 1.439 0.69655
100000 1.439 0.76836
100000 1.439 0.60151
100000 1.439 0.66644
100000 1.439 0.53741
100000 1.439 0.70123
100000 1.439 0.48449
100000 1.439 0.72689
100000 1.439 0.64318
100000 1.439 0.2524
100000 1.439 0.71576
100000 1.439 0.68155
100000 1.439 0.61333
100000 1.439 0.63531
100000 1.439 0.7801
100000 1.439 0.7149
100000 1.439 0.61463
100000 1.439 0.76341
100000 1.439 0.3489
100000 1.439 0.68915
100000 1.439 0.2574
100000 1.439 0.52157
100000 1.439 0.66925
100000 1.439 0.66348
100000 1.439 0.66808
100000 1.439 0.64802
100000 1.439 0.72651
100000 1.439 0.71857
100000 1.439 0.72532
100000 1.439 0.68102
100000 1.439 0.58145
100000 1.439 0.72187
100000 1.439 0.5102
100000 1.439 0.19494
100000 1.439 0.6845
100000 1.439 0.66256
100000 1.439 0.782
100000 1.439 0.7295
100000 1.439 0.72455
100000 1.439 0.74946
100000 1.439 0.6404
100000 1.439 0.75246
100000 1.439 0.61758
100000 1.439 0.58498
100000 1.439 0.76244
100000 1.439 0.56869
100000 1.439 0.63585
100000 1.439 0.71096
100000 1.439 0.73834
100000 1.439 0.73381
100000 1.439 0.71865
100000 1.439 0.70006
100000 1.439 0.57191
100000 1.439 0.63338
100000 1.439 0.71721
100000 1.439 0.68275
100000 1.439 0.6055
100000 1.439 0.77759
100000 1.439 0.65912
100000 1.439 0.51191
100000 1.439 0.60219
100000 1.439 0.44119
100000 1.439 0.69444
100000 1.439 0.63538
100000 1.439 0.69745
100000 1.439 0.3837
100000 1.439 0.5624
100000 1.439 0.75896
100000 1.439 0.75661
100000 1.439 0.7501
100000 1.439 0.51312
100000 1.439 0.76792
100000 1.439 0.71029
100000 1.439 0.74829
100000 1.439 0.65435
100000 1.439 0.51138
100000 1.439 0.73871
100000 1.439 0.57955
100000 1.439 0.60421
100000 1.439 0.72459
100000 1.439 0.72
100000 1.439 0.68051
100000 1.439 0.75272
100000 1.439 0.68058
100000 1.439 0.7503
100000 1.439 0.6948
100000 1.439 0.76023
100000 1.439 0.65251
100000 1.439 0.70176
100000 1.439 0.71148
100000 1.439 0.73731
100000 1.439 0.73216
100000 1.439 0.68585
100000 1.439 0.66892
100000 1.439 0.71416
100000 1.439 0.48752
100000 1.439 0.63197
100000 1.439 0.67966
100000 1.439 0.51948
100000 1.439 0.70756
100000 1.439 0.69078
100000 1.439 0.65126
100000 1.439 0.56707
100000 1.439 0.59716
100000 1.439 0.58633
100000 1.439 0.6728
100000 1.439 0.68505
100000 1.439 0.60497
100000 1.439 0.69464
100000 1.439 0.53572
100000 1.439 0.65562
100000 1.439 0.63444
100000 1.439 0.72565
100000 1.439 0.73552
100000 1.439 0.6346
100000 1.439 0.7231
100000 1.439 0.69514
100000 1.439 0.52099
100000 1.439 0.6644
100000 1.439 0.65603
100000 1.439 0.70016
100000 1.439 0.71868
100000 1.439 0.64389
100000 1.439 0.61998
100000 1.439 0.71504
100000 1.439 0.71058
100000 1.439 0.5807
100000 1.439 0.65121
100000 1.439 0.43492
100000 1.439 0.64216
100000 1.439 0.75232
100000 1.439 0.63982
100000 1.439 0.71233
100000 1.439 0.53091
100000 1.439 0.45316
100000 1.439 0.66057
100000 1.439 0.58725
100000 1.439 0.65822
100000 1.439 0.52465
100000 1.439 0.61631
100000 1.439 0.7364
100000 1.439 0.66881
100000 1.439 0.69271
100000 1.439 0.70162
100000 1.439 0.48064
100000 1.439 0.6744
100000 1.439 0.5517
100000 1.439 0.68336
100000 1.439 0.76451
100000 1.439 0.60096
100000 1.439 0.66833
100000 1.439 0.50181
100000 1.439 0.55847
100000 1.439 0.74451
100000 1.439 0.55622
100000 1.439 0.72405
100000 1.439 0.57944
100000 1.439 0.63588
100000 1.439 0.67746
100000 1.439 0.76448
100000 1.439 0.5093
100000 1.439 0.67335
100000 1.439 0.64043
100000 1.439 0.68255
100000 1.439 0.76624
100000 1.439 0.32099
100000 1.439 0.53508
100000 1.439 0.64989
100000 1.439 0.66462
100000 1.439 0.46846
100000 1.439 0.77774
100000 1.439 0.4132
100000 1.439 0.64849
100000 1.439 0.73673
100000 1.439 0.45967
100000 1.439 0.54829
100000 1.439 0.76821
100000 1.439 0.7104
100000 1.439 0.50927
100000 1.439 0.73273
100000 1.439 0.49229
100000 1.439 0.72991
100000 1.439 0.60529
100000 1.439 0.40103
100000 1.439 0.63294
100000 1.439 0.4248
100000 1.439 0.66705
100000 1.439 0.39708
100000 1.439 0.578
100000 1.439 0.57162
100000 1.439 0.53517
100000 1.439 0.41028
100000 1.439 0.71732
100000 1.439 0.70611
100000 1.439 0.54297
100000 1.439 0.72281
100000 1.439 0.73817
100000 1.439 0.68155
100000 1.439 0.75376
100000 1.439 0.72892
100000 1.439 0.67622
100000 1.439 0.64937
100000 1.439 0.51903
100000 1.439 0.42155
100000 1.439 0.5951
100000 1.439 0.59393
100000 1.439 0.72855
100000 1.439 0.62668
100000 1.439 0.44079
100000 1.439 0.59121
100000 1.439 0.73233
100000 1.439 0.71921
100000 1.439 0.53428
100000 1.439 0.71554
100000 1.439 0.31477
100000 1.439 0.71175
100000 1.439 0.67633
100000 1.439 0.71274
100000 1.439 0.64061
100000 1.439 0.72937
100000 1.439 0.69713
100000 1.439 0.74284
100000 1.439 0.72885
100000 1.439 0.74291
100000 1.439 0.63804
100000 1.439 0.43473
100000 1.439 0.71897
100000 1.439 0.72659
100000 1.439 0.57523
100000 1.439 0.21956
100000 1.439 0.75977
100000 1.439 0.63202
100000 1.439 0.65676
100000 1.439 0.68811
100000 1.439 0.58379
100000 1.439 0.70483
100000 1.439 0.73022
100000 1.439 0.73379
100000 1.439 0.67566
100000 1.439 0.75792
100000 1.439 0.68771
100000 1.439 0.73544
100000 1.439 0.36776
100000 1.439 0.55329
100000 1.439 0.6634
100000 1.439 0.70291
100000 1.439 0.69726
100000 1.439 0.68695
100000 1.439 0.74332
100000 1.439 0.60386
100000 1.439 0.63805
100000 1.439 0.5904
100000 1.439 0.56011
100000 1.439 0.70285
100000 1.439 0.32225
100000 1.439 0.6425
100000 1.439 0.24361
100000 1.439 0.69241
100000 1.439 0.59173
100000 1.439 0.74291
100000 1.439 0.73982
100000 1.439 0.32496
100000 1.439 0.63762
100000 1.439 0.73085
100000 1.439 0.73135
100000 1.439 0.71598
100000 1.439 0.71184
100000 1.439 0.57997
100000 1.439 0.35723
100000 1.439 0.73098
100000 1.439 0.63304
100000 1.439 0.61748
100000 1.439 0.67168
100000 1.439 0.5883
100000 1.439 0.71538
100000 1.439 0.71456
100000 1.439 0.69542
100000 1.439 0.47681
100000 1.439 0.66235
100000 1.439 0.61913
100000 1.439 0.5834
100000 1.439 0.69302
100000 1.439 0.57956
100000 1.439 0.60173
100000 1.439 0.59409
100000 1.439 0.75851
100000 1.439 0.76699
100000 1.439 0.74755
100000 1.439 0.69203
100000 1.439 0.55066
100000 1.439 0.61921
100000 1.439 0.67715
100000 1.439 0.65263
100000 1.439 0.67137
100000 1.439 0.71625
100000 1.439 0.69647
100000 1.439 0.70816
100000 1.439 0.63396
100000 1.439 0.56983
100000 1.439 0.67727
100000 1.439 0.50605
100000 1.439 0.64066
100000 1.439 0.73368
100000 1.439 0.70381
100000 1.439 0.75041
100000 1.439 0.68246
100000 1.439 0.37619
100000 1.439 0.20008
100000 1.439 0.70645
100000 1.439 0.60931
100000 1.439 0.63355
100000 1.439 0.42419
100000 1.439 0.70541
100000 1.439 0.60791
100000 1.439 0.64047
100000 1.439 0.22363
100000 1.439 0.73328
100000 1.439 0.71531
100000 1.439 0.51725
100000 1.439 0.5464
100000 1.439 0.76747
100000 1.439 0.67693
100000 1.439 0.39235
100000 1.439 0.39643
100000 1.439 0.42977
100000 1.439 0.79866
100000 1.439 0.65
100000 1.439 0.64081
100000 1.439 0.40491
100000 1.439 0.69591
100000 1.439 0.65928
100000 1.439 0.77951
100000 1.439 0.73933
100000 1.439 0.76089
100000 1.439 0.70663
100000 1.439 0.4887
100000 1.439 0.66309
100000 1.439 0.63624
100000 1.439 0.69805
100000 1.439 0.59436
100000 1.439 0.65398
100000 1.439 0.54218
100000 1.439 0.76103
100000 1.439 0.69554
100000 1.439 0.65991
100000 1.439 0.54349
100000 1.439 0.69826
100000 1.439 0.71552
100000 1.439 0.66245
100000 1.439 0.5399
100000 1.439 0.47543
100000 1.439 0.7306
100000 1.439 0.70911
100000 1.439 0.70357
100000 1.439 0.68134
100000 1.439 0.73552
100000 1.439 0.5245
100000 1.439 0.66048
100000 1.439 0.71183
100000 1.439 0.71056
100000 1.439 0.27707
100000 1.439 0.62317
100000 1.439 0.55755
100000 1.439 0.56282
100000 1.439 0.6463
100000 1.439 0.59354
100000 1.439 0.68534
100000 1.439 0.66351
100000 1.439 0.76143
100000 1.439 0.61187
100000 1.439 0.59978
100000 1.439 0.69274
100000 1.439 0.64784
100000 1.439 0.46703
100000 1.439 0.72032
100000 1.439 0.65368
100000 1.439 0.76981
100000 1.439 0.61808
100000 1.439 0.53588
100000 1.439 0.39953
100000 1.439 0.76043
100000 1.439 0.75109
100000 1.439 0.70646
100000 1.439 0.73826
100000 1.439 0.6566
100000 1.439 0.67297
100000 1.439 0.4907
100000 1.439 0.72872
100000 1.439 0.63068
100000 1.439 0.70991
100000 1.439 0.69919
100000 1.439 0.75826
100000 1.439 0.6254
100000 1.439 0.67428
100000 1.439 0.71275
100000 1.439 0.73614
100000 1.439 0.72961
100000 1.439 0.76339
100000 1.439 0.6916
100000 1.439 0.71212
100000 1.439 0.74624
100000 1.439 0.68611
100000 1.439 0.76471
100000 1.439 0.62511
100000 1.439 0.67964
100000 1.439 0.64048
100000 1.439 0.70749
100000 1.439 0.6429
100000 1.439 0.32858
100000 1.439 0.63599
100000 1.439 0.6185
100000 1.439 0.54109
100000 1.439 0.5792
100000 1.439 0.58598
100000 1.439 0.66209
100000 1.439 0.7534
100000 1.439 0.7376
100000 1.439 0.69021
100000 1.439 0.7134
100000 1.439 0.68817
