1000000000 1.439 0.567329
1000000000 1.439 0.567235
1000000000 1.439 0.566955
1000000000 1.439 0.556625
1000000000 1.439 0.570636
1000000000 1.439 0.561924
1000000000 1.439 0.561812
1000000000 1.439 0.567075
1000000000 1.439 0.570152
1000000000 1.439 0.569149
1000000000 1.439 0.568529
1000000000 1.439 0.566652
1000000000 1.439 0.564325
1000000000 1.439 0.569432
1000000000 1.439 0.564066
1000000000 1.439 0.565406
1000000000 1.439 0.561482
1000000000 1.439 0.567178
1000000000 1.439 0.572811
1000000000 1.439 0.548097
1000000000 1.439 0.562891
1000000000 1.439 0.564616
1000000000 1.439 0.549777
1000000000 1.439 0.572947
1000000000 1.439 0.571952
1000000000 1.439 0.564902
1000000000 1.439 0.574773
1000000000 1.439 0.569365
1000000000 1.439 0.569002
1000000000 1.439 0.55737
1000000000 1.439 0.571697
1000000000 1.439 0.569805
1000000000 1.439 0.553544
1000000000 1.439 0.57169
1000000000 1.439 0.559197
1000000000 1.439 0.570279
1000000000 1.439 0.565515
1000000000 1.439 0.579925
1000000000 1.439 0.565272
1000000000 1.439 0.560043
1000000000 1.439 0.573671
1000000000 1.439 0.562127
1000000000 1.439 0.569732
1000000000 1.439 0.576166
1000000000 1.439 0.566875
1000000000 1.439 0.570278
1000000000 1.439 0.565519
1000000000 1.439 0.551042
1000000000 1.439 0.546436
1000000000 1.439 0.551952
