100000000 1.4365 0.559707
100000000 1.4365 0.475561
100000000 1.4365 0.364604
100000000 1.4365 0.400257
100000000 1.4365 0.382566
100000000 1.4365 0.51845
100000000 1.4365 0.492264
100000000 1.4365 0.433393
100000000 1.4365 0.417669
100000000 1.4365 0.530914
100000000 1.4365 0.335428
100000000 1.4365 0.475727
100000000 1.4365 0.52579
100000000 1.4365 0.486538
100000000 1.4365 0.533369
100000000 1.4365 0.502704
100000000 1.4365 0.519941
100000000 1.4365 0.238556
100000000 1.4365 0.445496
100000000 1.4365 0.527184
100000000 1.4365 0.469552
100000000 1.4365 0.515966
100000000 1.4365 0.551533
100000000 1.4365 0.493371
100000000 1.4365 0.438131
100000000 1.4365 0.436423
100000000 1.4365 0.462502
100000000 1.4365 0.412493
100000000 1.4365 0.438745
100000000 1.4365 0.27181
100000000 1.4365 0.492138
100000000 1.4365 0.482184
100000000 1.4365 0.556853
100000000 1.4365 0.470354
100000000 1.4365 0.481919
100000000 1.4365 0.4789
100000000 1.4365 0.443817
100000000 1.4365 0.43958
100000000 1.4365 0.45913
100000000 1.4365 0.475283
100000000 1.4365 0.237582
100000000 1.4365 0.43676
100000000 1.4365 0.385925
100000000 1.4365 0.204182
100000000 1.4365 0.491245
100000000 1.4365 0.48081
100000000 1.4365 0.519823
100000000 1.4365 0.439671
100000000 1.4365 0.497332
100000000 1.4365 0.493334
100000000 1.4365 0.522325
100000000 1.4365 0.514297
100000000 1.4365 0.506608
100000000 1.4365 0.316815
100000000 1.4365 0.502169
100000000 1.4365 0.325302
100000000 1.4365 0.491389
100000000 1.4365 0.499755
100000000 1.4365 0.504219
100000000 1.4365 0.498164
100000000 1.4365 0.390348
100000000 1.4365 0.395249
100000000 1.4365 0.51887
100000000 1.4365 0.427032
100000000 1.4365 0.418496
100000000 1.4365 0.512294
100000000 1.4365 0.222973
100000000 1.4365 0.415732
100000000 1.4365 0.353442
100000000 1.4365 0.530939
100000000 1.4365 0.432032
100000000 1.4365 0.373791
100000000 1.4365 0.273426
100000000 1.4365 0.479382
100000000 1.4365 0.463582
100000000 1.4365 0.454413
100000000 1.4365 0.491723
100000000 1.4365 0.49001
100000000 1.4365 0.531172
100000000 1.4365 0.27962
100000000 1.4365 0.412858
100000000 1.4365 0.430325
100000000 1.4365 0.417756
100000000 1.4365 0.300797
100000000 1.4365 0.4636
100000000 1.4365 0.47482
100000000 1.4365 0.333079
100000000 1.4365 0.386897
100000000 1.4365 0.43907
100000000 1.4365 0.543499
100000000 1.4365 0.494932
100000000 1.4365 0.480119
100000000 1.4365 0.45881
100000000 1.4365 0.473439
100000000 1.4365 0.499401
100000000 1.4365 0.476269
100000000 1.4365 0.522864
100000000 1.4365 0.560521
100000000 1.4365 0.495895
100000000 1.4365 0.468288
100000000 1.4365 0.470139
100000000 1.4365 0.312276
100000000 1.4365 0.378169
100000000 1.4365 0.515285
100000000 1.4365 0.48734
100000000 1.4365 0.532763
100000000 1.4365 0.49242
100000000 1.4365 0.283705
100000000 1.4365 0.513084
100000000 1.4365 0.523794
100000000 1.4365 0.255947
100000000 1.4365 0.476261
100000000 1.4365 0.545747
100000000 1.4365 0.546453
100000000 1.4365 0.389097
100000000 1.4365 0.488646
100000000 1.4365 0.414202
100000000 1.4365 0.212451
100000000 1.4365 0.429396
100000000 1.4365 0.277987
100000000 1.4365 0.144506
100000000 1.4365 0.412109
100000000 1.4365 0.411242
100000000 1.4365 0.461799
100000000 1.4365 0.488046
100000000 1.4365 0.510365
100000000 1.4365 0.491577
100000000 1.4365 0.178615
100000000 1.4365 0.518779
100000000 1.4365 0.428097
100000000 1.4365 0.526719
100000000 1.4365 0.343831
100000000 1.4365 0.488995
100000000 1.4365 0.479321
100000000 1.4365 0.46361
100000000 1.4365 0.449986
100000000 1.4365 0.544964
100000000 1.4365 0.443187
100000000 1.4365 0.476875
100000000 1.4365 0.48926
100000000 1.4365 0.285294
100000000 1.4365 0.356333
100000000 1.4365 0.475767
100000000 1.4365 0.510918
100000000 1.4365 0.527747
100000000 1.4365 0.446099
100000000 1.4365 0.524137
100000000 1.4365 0.315631
100000000 1.4365 0.44674
100000000 1.4365 0.453014
100000000 1.4365 0.157556
100000000 1.4365 0.399356
100000000 1.4365 0.498479
100000000 1.4365 0.51468
100000000 1.4365 0.460965
100000000 1.4365 0.311371
100000000 1.4365 0.486038
100000000 1.4365 0.457768
100000000 1.4365 0.365126
100000000 1.4365 0.521045
100000000 1.4365 0.225293
100000000 1.4365 0.491589
100000000 1.4365 0.517509
100000000 1.4365 0.470801
100000000 1.4365 0.50379
100000000 1.4365 0.501129
100000000 1.4365 0.289891
100000000 1.4365 0.419572
100000000 1.4365 0.33759
100000000 1.4365 0.425501
100000000 1.4365 0.462705
100000000 1.4365 0.412314
100000000 1.4365 0.46491
100000000 1.4365 0.502519
100000000 1.4365 0.301635
100000000 1.4365 0.50292
100000000 1.4365 0.330506
100000000 1.4365 0.506132
100000000 1.4365 0.441974
100000000 1.4365 0.535685
100000000 1.4365 0.42207
100000000 1.4365 0.493807
100000000 1.4365 0.450357
100000000 1.4365 0.504992
100000000 1.4365 0.184418
100000000 1.4365 0.460308
100000000 1.4365 0.439088
100000000 1.4365 0.471597
100000000 1.4365 0.469344
100000000 1.4365 0.51468
100000000 1.4365 0.531075
100000000 1.4365 0.36051
100000000 1.4365 0.520112
100000000 1.4365 0.421404
100000000 1.4365 0.463605
100000000 1.4365 0.532821
100000000 1.4365 0.446284
100000000 1.4365 0.235981
100000000 1.4365 0.473323
100000000 1.4365 0.514076
