10000000000 1.4365 0.395186
10000000000 1.4365 0.418527
10000000000 1.4365 0.44493
10000000000 1.4365 0.250892
10000000000 1.4365 0.406771
10000000000 1.4365 0.448644
10000000000 1.4365 0.451328
10000000000 1.4365 0.381232
10000000000 1.4365 0.395308
10000000000 1.4365 0.409195
10000000000 1.4365 0.321928
10000000000 1.4365 0.408807
10000000000 1.4365 0.410234
10000000000 1.4365 0.332109
10000000000 1.4365 0.417159
10000000000 1.4365 0.446176
10000000000 1.4365 0.440176
10000000000 1.4365 0.375697
10000000000 1.4365 0.413461
10000000000 1.4365 0.314995
10000000000 1.4365 0.401301
10000000000 1.4365 0.422154
10000000000 1.4365 0.375068
10000000000 1.4365 0.365799
10000000000 1.4365 0.401069
10000000000 1.4365 0.436208
10000000000 1.4365 0.403399
10000000000 1.4365 0.435167
10000000000 1.4365 0.412995
10000000000 1.4365 0.393332
10000000000 1.4365 0.426184
10000000000 1.4365 0.189644
10000000000 1.4365 0.431274
10000000000 1.4365 0.382893
10000000000 1.4365 0.385553
10000000000 1.4365 0.394704
10000000000 1.4365 0.402399
10000000000 1.4365 0.297303
10000000000 1.4365 0.396833
10000000000 1.4365 0.395716
10000000000 1.4365 0.404698
10000000000 1.4365 0.387363
10000000000 1.4365 0.295855
10000000000 1.4365 0.408841
10000000000 1.4365 0.429632
10000000000 1.4365 0.380085
10000000000 1.4365 0.405398
10000000000 1.4365 0.421302
10000000000 1.4365 0.427568
10000000000 1.4365 0.417844
10000000000 1.4365 0.404293
10000000000 1.4365 0.433121
10000000000 1.4365 0.407098
10000000000 1.4365 0.426107
10000000000 1.4365 0.286191
10000000000 1.4365 0.406138
10000000000 1.4365 0.424744
10000000000 1.4365 0.383353
10000000000 1.4365 0.409236
10000000000 1.4365 0.387629
10000000000 1.4365 0.432287
10000000000 1.4365 0.350616
10000000000 1.4365 0.422349
10000000000 1.4365 0.332317
10000000000 1.4365 0.378127
10000000000 1.4365 0.414972
10000000000 1.4365 0.393836
10000000000 1.4365 0.399321
10000000000 1.4365 0.305478
10000000000 1.4365 0.419363
10000000000 1.4365 0.443167
10000000000 1.4365 0.41159
10000000000 1.4365 0.446211
10000000000 1.4365 0.394946
10000000000 1.4365 0.386051
10000000000 1.4365 0.406542
10000000000 1.4365 0.383932
10000000000 1.4365 0.397898
10000000000 1.4365 0.382815
10000000000 1.4365 0.413154
10000000000 1.4365 0.405651
10000000000 1.4365 0.388072
10000000000 1.4365 0.393677
10000000000 1.4365 0.40725
10000000000 1.4365 0.331952
10000000000 1.4365 0.395726
10000000000 1.4365 0.366619
10000000000 1.4365 0.420082
10000000000 1.4365 0.354553
10000000000 1.4365 0.397855
10000000000 1.4365 0.417231
10000000000 1.4365 0.414106
10000000000 1.4365 0.432128
10000000000 1.4365 0.317395
10000000000 1.4365 0.427853
10000000000 1.4365 0.331119
10000000000 1.4365 0.401608
10000000000 1.4365 0.438705
10000000000 1.4365 0.41417
10000000000 1.4365 0.391982
10000000000 1.4365 0.409995
10000000000 1.4365 0.410763
10000000000 1.4365 0.433586
10000000000 1.4365 0.372032
10000000000 1.4365 0.415997
10000000000 1.4365 0.379429
10000000000 1.4365 0.368791
10000000000 1.4365 0.42729
