100000 1.4365 0.63985
100000 1.4365 0.67555
100000 1.4365 0.35515
100000 1.4365 0.57936
100000 1.4365 0.68526
100000 1.4365 0.71711
100000 1.4365 0.64678
100000 1.4365 0.66458
100000 1.4365 0.69438
100000 1.4365 0.61171
100000 1.4365 0.27072
100000 1.4365 0.67347
100000 1.4365 0.54865
100000 1.4365 0.71842
100000 1.4365 0.58803
100000 1.4365 0.74647
100000 1.4365 0.23486
100000 1.4365 0.64786
100000 1.4365 0.68877
100000 1.4365 0.53973
100000 1.4365 0.37215
100000 1.4365 0.76612
100000 1.4365 0.78321
100000 1.4365 0.61109
100000 1.4365 0.71658
100000 1.4365 0.70169
100000 1.4365 0.69285
100000 1.4365 0.68579
100000 1.4365 0.34429
100000 1.4365 0.77036
100000 1.4365 0.75583
100000 1.4365 0.69749
100000 1.4365 0.29528
100000 1.4365 0.53999
100000 1.4365 0.39753
100000 1.4365 0.71946
100000 1.4365 0.53405
100000 1.4365 0.70248
100000 1.4365 0.48157
100000 1.4365 0.47853
100000 1.4365 0.73049
100000 1.4365 0.73076
100000 1.4365 0.55708
100000 1.4365 0.57014
100000 1.4365 0.55053
100000 1.4365 0.65588
100000 1.4365 0.67606
100000 1.4365 0.62589
100000 1.4365 0.63909
100000 1.4365 0.61536
100000 1.4365 0.55412
100000 1.4365 0.62301
100000 1.4365 0.69413
100000 1.4365 0.70902
100000 1.4365 0.51484
100000 1.4365 0.7846
100000 1.4365 0.63647
100000 1.4365 0.76035
100000 1.4365 0.70021
100000 1.4365 0.74382
100000 1.4365 0.60748
100000 1.4365 0.62622
100000 1.4365 0.58383
100000 1.4365 0.66692
100000 1.4365 0.64577
100000 1.4365 0.6717
100000 1.4365 0.67537
100000 1.4365 0.51641
100000 1.4365 0.58141
100000 1.4365 0.69445
100000 1.4365 0.61111
100000 1.4365 0.34628
100000 1.4365 0.63577
100000 1.4365 0.71826
100000 1.4365 0.55484
100000 1.4365 0.75646
100000 1.4365 0.66416
100000 1.4365 0.19663
100000 1.4365 0.79624
100000 1.4365 0.62745
100000 1.4365 0.60318
100000 1.4365 0.63863
100000 1.4365 0.50821
100000 1.4365 0.69576
100000 1.4365 0.5954
100000 1.4365 0.6278
100000 1.4365 0.58321
100000 1.4365 0.69508
100000 1.4365 0.75263
100000 1.4365 0.68651
100000 1.4365 0.43364
100000 1.4365 0.64881
100000 1.4365 0.73352
100000 1.4365 0.73904
100000 1.4365 0.66038
100000 1.4365 0.69683
100000 1.4365 0.60347
100000 1.4365 0.58839
100000 1.4365 0.7054
100000 1.4365 0.6278
100000 1.4365 0.70254
100000 1.4365 0.72404
100000 1.4365 0.6627
100000 1.4365 0.67656
100000 1.4365 0.62464
100000 1.4365 0.50557
100000 1.4365 0.6306
100000 1.4365 0.6916
100000 1.4365 0.52066
100000 1.4365 0.68473
100000 1.4365 0.54607
100000 1.4365 0.64249
100000 1.4365 0.67768
100000 1.4365 0.59434
100000 1.4365 0.69817
100000 1.4365 0.70406
100000 1.4365 0.65625
100000 1.4365 0.68896
100000 1.4365 0.37794
100000 1.4365 0.52842
100000 1.4365 0.66111
100000 1.4365 0.73046
100000 1.4365 0.67093
100000 1.4365 0.73942
100000 1.4365 0.64849
100000 1.4365 0.66247
100000 1.4365 0.67043
100000 1.4365 0.74679
100000 1.4365 0.59485
100000 1.4365 0.35693
100000 1.4365 0.71922
100000 1.4365 0.69227
100000 1.4365 0.64213
100000 1.4365 0.66517
100000 1.4365 0.56582
100000 1.4365 0.66818
100000 1.4365 0.56564
100000 1.4365 0.69435
100000 1.4365 0.66045
100000 1.4365 0.67115
100000 1.4365 0.6888
100000 1.4365 0.73283
100000 1.4365 0.57763
100000 1.4365 0.76586
100000 1.4365 0.61284
100000 1.4365 0.57312
100000 1.4365 0.73695
100000 1.4365 0.72995
100000 1.4365 0.69344
100000 1.4365 0.64079
100000 1.4365 0.61722
100000 1.4365 0.64008
100000 1.4365 0.74552
100000 1.4365 0.75707
100000 1.4365 0.76105
100000 1.4365 0.75928
100000 1.4365 0.63491
100000 1.4365 0.66406
100000 1.4365 0.68149
100000 1.4365 0.75466
100000 1.4365 0.71957
100000 1.4365 0.2321
100000 1.4365 0.68886
100000 1.4365 0.5742
100000 1.4365 0.65371
100000 1.4365 0.62441
100000 1.4365 0.55071
100000 1.4365 0.75564
100000 1.4365 0.60583
100000 1.4365 0.62551
100000 1.4365 0.70196
100000 1.4365 0.41027
100000 1.4365 0.64373
100000 1.4365 0.49863
100000 1.4365 0.67737
100000 1.4365 0.5266
100000 1.4365 0.66022
100000 1.4365 0.61673
100000 1.4365 0.59083
100000 1.4365 0.74294
100000 1.4365 0.57615
100000 1.4365 0.70056
100000 1.4365 0.39725
100000 1.4365 0.68486
100000 1.4365 0.57667
100000 1.4365 0.69037
100000 1.4365 0.7196
100000 1.4365 0.5795
100000 1.4365 0.66526
100000 1.4365 0.71851
100000 1.4365 0.39883
100000 1.4365 0.59858
100000 1.4365 0.51888
100000 1.4365 0.43819
100000 1.4365 0.57168
100000 1.4365 0.72364
100000 1.4365 0.69473
100000 1.4365 0.68695
100000 1.4365 0.75355
100000 1.4365 0.63246
100000 1.4365 0.69318
100000 1.4365 0.7227
100000 1.4365 0.77124
100000 1.4365 0.65977
100000 1.4365 0.62071
100000 1.4365 0.70508
100000 1.4365 0.75493
100000 1.4365 0.61772
100000 1.4365 0.64801
100000 1.4365 0.3947
100000 1.4365 0.54307
100000 1.4365 0.40256
100000 1.4365 0.42307
100000 1.4365 0.63286
100000 1.4365 0.55706
100000 1.4365 0.48703
100000 1.4365 0.73006
100000 1.4365 0.46816
100000 1.4365 0.66348
100000 1.4365 0.73233
100000 1.4365 0.64337
100000 1.4365 0.70571
100000 1.4365 0.68234
100000 1.4365 0.4513
100000 1.4365 0.6744
100000 1.4365 0.35454
100000 1.4365 0.67657
100000 1.4365 0.70488
100000 1.4365 0.578
100000 1.4365 0.7527
100000 1.4365 0.43708
100000 1.4365 0.68919
100000 1.4365 0.69957
100000 1.4365 0.51594
100000 1.4365 0.58644
100000 1.4365 0.73958
100000 1.4365 0.51955
100000 1.4365 0.67264
100000 1.4365 0.76842
100000 1.4365 0.66753
100000 1.4365 0.57619
100000 1.4365 0.27552
100000 1.4365 0.67929
100000 1.4365 0.5503
100000 1.4365 0.59769
100000 1.4365 0.79122
100000 1.4365 0.64692
100000 1.4365 0.53606
100000 1.4365 0.76175
100000 1.4365 0.38793
100000 1.4365 0.72458
100000 1.4365 0.71933
100000 1.4365 0.76557
100000 1.4365 0.52645
100000 1.4365 0.39573
100000 1.4365 0.4095
100000 1.4365 0.64964
100000 1.4365 0.55121
100000 1.4365 0.5585
100000 1.4365 0.63448
100000 1.4365 0.6766
100000 1.4365 0.5872
100000 1.4365 0.55595
100000 1.4365 0.59122
100000 1.4365 0.68638
100000 1.4365 0.58837
100000 1.4365 0.67922
100000 1.4365 0.68919
100000 1.4365 0.76374
100000 1.4365 0.34785
100000 1.4365 0.72425
100000 1.4365 0.72654
100000 1.4365 0.7049
100000 1.4365 0.35408
100000 1.4365 0.77471
100000 1.4365 0.60071
100000 1.4365 0.61208
100000 1.4365 0.63594
100000 1.4365 0.72151
100000 1.4365 0.5263
100000 1.4365 0.75777
100000 1.4365 0.396
100000 1.4365 0.63577
100000 1.4365 0.70848
100000 1.4365 0.34655
100000 1.4365 0.5476
100000 1.4365 0.29342
100000 1.4365 0.71977
100000 1.4365 0.70636
100000 1.4365 0.33888
100000 1.4365 0.71638
100000 1.4365 0.38611
100000 1.4365 0.79462
100000 1.4365 0.69565
100000 1.4365 0.65877
100000 1.4365 0.7201
100000 1.4365 0.71661
100000 1.4365 0.70567
100000 1.4365 0.73732
100000 1.4365 0.75141
100000 1.4365 0.64393
100000 1.4365 0.6812
100000 1.4365 0.75226
100000 1.4365 0.35484
100000 1.4365 0.73156
100000 1.4365 0.75735
100000 1.4365 0.63277
100000 1.4365 0.58013
100000 1.4365 0.73419
100000 1.4365 0.44258
100000 1.4365 0.68473
100000 1.4365 0.75855
100000 1.4365 0.57656
100000 1.4365 0.61642
100000 1.4365 0.75093
100000 1.4365 0.74762
100000 1.4365 0.64191
100000 1.4365 0.36523
100000 1.4365 0.54835
100000 1.4365 0.60967
100000 1.4365 0.66839
100000 1.4365 0.70511
100000 1.4365 0.69155
100000 1.4365 0.7344
100000 1.4365 0.68249
100000 1.4365 0.7242
100000 1.4365 0.73495
100000 1.4365 0.42612
100000 1.4365 0.7011
100000 1.4365 0.71924
100000 1.4365 0.70094
100000 1.4365 0.62431
100000 1.4365 0.66228
100000 1.4365 0.56393
100000 1.4365 0.41214
100000 1.4365 0.73761
100000 1.4365 0.61702
100000 1.4365 0.71214
100000 1.4365 0.66766
100000 1.4365 0.61766
100000 1.4365 0.71145
100000 1.4365 0.72369
100000 1.4365 0.68507
100000 1.4365 0.40648
100000 1.4365 0.6073
100000 1.4365 0.7307
100000 1.4365 0.39017
100000 1.4365 0.72279
100000 1.4365 0.69108
100000 1.4365 0.68139
100000 1.4365 0.67786
100000 1.4365 0.53257
100000 1.4365 0.73637
100000 1.4365 0.28586
100000 1.4365 0.64341
100000 1.4365 0.61391
100000 1.4365 0.61133
100000 1.4365 0.58242
100000 1.4365 0.68359
100000 1.4365 0.54533
100000 1.4365 0.78455
100000 1.4365 0.5244
100000 1.4365 0.41567
100000 1.4365 0.50412
100000 1.4365 0.71578
100000 1.4365 0.73993
100000 1.4365 0.52417
100000 1.4365 0.65485
100000 1.4365 0.67381
100000 1.4365 0.63751
100000 1.4365 0.68367
100000 1.4365 0.38977
100000 1.4365 0.57043
100000 1.4365 0.76696
100000 1.4365 0.76548
100000 1.4365 0.74295
100000 1.4365 0.6018
100000 1.4365 0.70758
100000 1.4365 0.69029
100000 1.4365 0.66691
100000 1.4365 0.47533
100000 1.4365 0.68839
100000 1.4365 0.71631
100000 1.4365 0.68103
100000 1.4365 0.39683
100000 1.4365 0.69376
100000 1.4365 0.36894
100000 1.4365 0.51124
100000 1.4365 0.56284
100000 1.4365 0.6975
100000 1.4365 0.67134
100000 1.4365 0.62421
100000 1.4365 0.50746
100000 1.4365 0.64522
100000 1.4365 0.70338
100000 1.4365 0.79655
100000 1.4365 0.77378
100000 1.4365 0.61243
100000 1.4365 0.51212
100000 1.4365 0.65164
100000 1.4365 0.62408
100000 1.4365 0.7467
100000 1.4365 0.65627
100000 1.4365 0.728
100000 1.4365 0.22167
100000 1.4365 0.61412
100000 1.4365 0.29748
100000 1.4365 0.51211
100000 1.4365 0.64277
100000 1.4365 0.25397
100000 1.4365 0.71902
100000 1.4365 0.29192
100000 1.4365 0.73318
100000 1.4365 0.57561
100000 1.4365 0.59215
100000 1.4365 0.50782
100000 1.4365 0.72564
100000 1.4365 0.73708
100000 1.4365 0.72905
100000 1.4365 0.74058
100000 1.4365 0.69143
100000 1.4365 0.68069
100000 1.4365 0.68063
100000 1.4365 0.66016
100000 1.4365 0.5206
100000 1.4365 0.72927
100000 1.4365 0.68779
100000 1.4365 0.76094
100000 1.4365 0.62548
100000 1.4365 0.51026
100000 1.4365 0.65743
100000 1.4365 0.64625
100000 1.4365 0.59784
100000 1.4365 0.24279
100000 1.4365 0.66657
100000 1.4365 0.47577
100000 1.4365 0.41435
100000 1.4365 0.69765
100000 1.4365 0.67431
100000 1.4365 0.40619
100000 1.4365 0.76307
100000 1.4365 0.37728
100000 1.4365 0.63851
100000 1.4365 0.71765
100000 1.4365 0.66669
100000 1.4365 0.63067
100000 1.4365 0.69504
100000 1.4365 0.6155
100000 1.4365 0.70188
100000 1.4365 0.72049
100000 1.4365 0.69452
100000 1.4365 0.35105
100000 1.4365 0.63644
100000 1.4365 0.74406
100000 1.4365 0.66675
100000 1.4365 0.60631
100000 1.4365 0.69808
100000 1.4365 0.73289
100000 1.4365 0.66816
100000 1.4365 0.65504
100000 1.4365 0.45757
100000 1.4365 0.72287
100000 1.4365 0.70643
100000 1.4365 0.72996
100000 1.4365 0.6641
100000 1.4365 0.6897
100000 1.4365 0.65513
100000 1.4365 0.71181
100000 1.4365 0.70473
100000 1.4365 0.4665
100000 1.4365 0.66117
100000 1.4365 0.76919
100000 1.4365 0.59171
100000 1.4365 0.64992
100000 1.4365 0.70835
100000 1.4365 0.68133
100000 1.4365 0.7141
100000 1.4365 0.74587
100000 1.4365 0.36966
100000 1.4365 0.76118
100000 1.4365 0.68141
100000 1.4365 0.50162
100000 1.4365 0.76058
100000 1.4365 0.43848
100000 1.4365 0.69265
100000 1.4365 0.55459
100000 1.4365 0.74086
100000 1.4365 0.66672
100000 1.4365 0.50897
100000 1.4365 0.69121
100000 1.4365 0.57613
100000 1.4365 0.74874
100000 1.4365 0.64589
100000 1.4365 0.65526
100000 1.4365 0.71736
100000 1.4365 0.35632
100000 1.4365 0.67002
100000 1.4365 0.77307
100000 1.4365 0.64136
100000 1.4365 0.67508
100000 1.4365 0.40166
100000 1.4365 0.65578
100000 1.4365 0.69149
100000 1.4365 0.33813
100000 1.4365 0.70935
100000 1.4365 0.54969
100000 1.4365 0.57097
100000 1.4365 0.41306
100000 1.4365 0.29707
100000 1.4365 0.66853
100000 1.4365 0.69827
100000 1.4365 0.63385
100000 1.4365 0.62541
100000 1.4365 0.70566
100000 1.4365 0.65646
100000 1.4365 0.46982
100000 1.4365 0.47834
100000 1.4365 0.50274
100000 1.4365 0.73094
100000 1.4365 0.76017
100000 1.4365 0.66902
100000 1.4365 0.71619
100000 1.4365 0.71751
100000 1.4365 0.62473
100000 1.4365 0.66687
100000 1.4365 0.1489
100000 1.4365 0.61621
100000 1.4365 0.685
100000 1.4365 0.568
100000 1.4365 0.56707
100000 1.4365 0.34581
100000 1.4365 0.73555
100000 1.4365 0.61102
100000 1.4365 0.71794
100000 1.4365 0.63559
100000 1.4365 0.49096
100000 1.4365 0.57056
100000 1.4365 0.67365
100000 1.4365 0.40312
100000 1.4365 0.68372
100000 1.4365 0.67343
100000 1.4365 0.72784
100000 1.4365 0.72057
100000 1.4365 0.73908
100000 1.4365 0.67896
100000 1.4365 0.63001
100000 1.4365 0.71746
100000 1.4365 0.6678
100000 1.4365 0.55708
100000 1.4365 0.77903
100000 1.4365 0.69587
100000 1.4365 0.62877
100000 1.4365 0.27201
100000 1.4365 0.66484
100000 1.4365 0.62144
100000 1.4365 0.74205
100000 1.4365 0.61724
100000 1.4365 0.6504
100000 1.4365 0.7311
100000 1.4365 0.7301
100000 1.4365 0.57547
100000 1.4365 0.70776
100000 1.4365 0.73706
100000 1.4365 0.71511
100000 1.4365 0.74115
100000 1.4365 0.43665
100000 1.4365 0.72404
100000 1.4365 0.65535
100000 1.4365 0.72453
100000 1.4365 0.64372
100000 1.4365 0.69047
100000 1.4365 0.56027
100000 1.4365 0.67395
100000 1.4365 0.69984
100000 1.4365 0.68418
100000 1.4365 0.73671
100000 1.4365 0.68915
100000 1.4365 0.69115
100000 1.4365 0.67415
100000 1.4365 0.42796
100000 1.4365 0.5517
100000 1.4365 0.70556
100000 1.4365 0.75428
100000 1.4365 0.72836
100000 1.4365 0.69403
100000 1.4365 0.26749
100000 1.4365 0.67258
100000 1.4365 0.73449
100000 1.4365 0.60225
100000 1.4365 0.65484
100000 1.4365 0.42828
100000 1.4365 0.71221
100000 1.4365 0.48659
100000 1.4365 0.66384
100000 1.4365 0.70298
100000 1.4365 0.36874
100000 1.4365 0.62669
100000 1.4365 0.65079
100000 1.4365 0.71914
100000 1.4365 0.5251
100000 1.4365 0.74304
100000 1.4365 0.66063
100000 1.4365 0.55595
100000 1.4365 0.72143
100000 1.4365 0.64953
100000 1.4365 0.67124
100000 1.4365 0.67145
100000 1.4365 0.57048
100000 1.4365 0.66465
100000 1.4365 0.76418
100000 1.4365 0.71423
100000 1.4365 0.703
100000 1.4365 0.53101
100000 1.4365 0.61226
100000 1.4365 0.73705
100000 1.4365 0.69024
100000 1.4365 0.58941
100000 1.4365 0.6164
100000 1.4365 0.73141
100000 1.4365 0.61929
100000 1.4365 0.20233
100000 1.4365 0.69102
100000 1.4365 0.72472
100000 1.4365 0.69855
100000 1.4365 0.66584
100000 1.4365 0.78683
100000 1.4365 0.73424
100000 1.4365 0.68122
100000 1.4365 0.70726
100000 1.4365 0.61095
100000 1.4365 0.7301
100000 1.4365 0.55294
100000 1.4365 0.65053
100000 1.4365 0.69803
100000 1.4365 0.64008
100000 1.4365 0.72245
100000 1.4365 0.23013
100000 1.4365 0.6885
100000 1.4365 0.67792
100000 1.4365 0.73529
100000 1.4365 0.63546
100000 1.4365 0.60017
100000 1.4365 0.76134
100000 1.4365 0.2601
100000 1.4365 0.53589
100000 1.4365 0.45626
100000 1.4365 0.4105
100000 1.4365 0.69984
100000 1.4365 0.2597
100000 1.4365 0.46816
100000 1.4365 0.73323
100000 1.4365 0.48373
100000 1.4365 0.58609
100000 1.4365 0.40852
100000 1.4365 0.74929
100000 1.4365 0.67088
100000 1.4365 0.75003
100000 1.4365 0.7568
100000 1.4365 0.68699
100000 1.4365 0.60927
100000 1.4365 0.71064
100000 1.4365 0.61339
100000 1.4365 0.64834
100000 1.4365 0.73733
100000 1.4365 0.48542
100000 1.4365 0.60073
100000 1.4365 0.57406
100000 1.4365 0.69814
100000 1.4365 0.68566
100000 1.4365 0.61086
100000 1.4365 0.7178
100000 1.4365 0.70365
100000 1.4365 0.5002
100000 1.4365 0.63349
100000 1.4365 0.41988
100000 1.4365 0.72368
100000 1.4365 0.65267
100000 1.4365 0.70964
100000 1.4365 0.50202
100000 1.4365 0.7642
100000 1.4365 0.58888
100000 1.4365 0.64676
100000 1.4365 0.5899
100000 1.4365 0.71506
100000 1.4365 0.56273
100000 1.4365 0.65169
100000 1.4365 0.52996
100000 1.4365 0.37664
100000 1.4365 0.73458
100000 1.4365 0.66576
100000 1.4365 0.67688
100000 1.4365 0.67755
100000 1.4365 0.5036
100000 1.4365 0.68387
100000 1.4365 0.75837
100000 1.4365 0.75045
100000 1.4365 0.63971
100000 1.4365 0.55492
100000 1.4365 0.67202
100000 1.4365 0.72031
100000 1.4365 0.69727
100000 1.4365 0.65709
100000 1.4365 0.51179
100000 1.4365 0.68734
100000 1.4365 0.564
100000 1.4365 0.72757
100000 1.4365 0.73393
100000 1.4365 0.40015
100000 1.4365 0.6455
100000 1.4365 0.69978
100000 1.4365 0.62265
100000 1.4365 0.75076
100000 1.4365 0.58745
100000 1.4365 0.73528
100000 1.4365 0.75925
100000 1.4365 0.6784
100000 1.4365 0.74421
100000 1.4365 0.56018
100000 1.4365 0.54021
100000 1.4365 0.64693
100000 1.4365 0.58872
100000 1.4365 0.75181
100000 1.4365 0.69725
100000 1.4365 0.61561
100000 1.4365 0.61288
100000 1.4365 0.58084
100000 1.4365 0.33043
100000 1.4365 0.72978
100000 1.4365 0.63801
100000 1.4365 0.53533
100000 1.4365 0.59304
100000 1.4365 0.74467
100000 1.4365 0.71655
100000 1.4365 0.56295
100000 1.4365 0.55472
100000 1.4365 0.65716
100000 1.4365 0.68335
100000 1.4365 0.67613
100000 1.4365 0.36251
100000 1.4365 0.65014
100000 1.4365 0.41355
100000 1.4365 0.74826
100000 1.4365 0.64102
100000 1.4365 0.69676
100000 1.4365 0.73878
100000 1.4365 0.66531
100000 1.4365 0.66169
100000 1.4365 0.76166
100000 1.4365 0.67632
100000 1.4365 0.66429
100000 1.4365 0.62792
100000 1.4365 0.46262
100000 1.4365 0.72781
100000 1.4365 0.73149
100000 1.4365 0.28832
100000 1.4365 0.43833
100000 1.4365 0.50147
100000 1.4365 0.72521
100000 1.4365 0.55599
100000 1.4365 0.63006
100000 1.4365 0.61643
100000 1.4365 0.49196
100000 1.4365 0.75927
100000 1.4365 0.69898
100000 1.4365 0.6055
100000 1.4365 0.67985
100000 1.4365 0.77852
100000 1.4365 0.75886
100000 1.4365 0.67633
100000 1.4365 0.61225
100000 1.4365 0.26425
100000 1.4365 0.72573
100000 1.4365 0.6932
100000 1.4365 0.60321
100000 1.4365 0.53023
100000 1.4365 0.66432
100000 1.4365 0.40687
100000 1.4365 0.704
100000 1.4365 0.66982
100000 1.4365 0.42573
100000 1.4365 0.67716
100000 1.4365 0.69907
100000 1.4365 0.75607
100000 1.4365 0.72526
100000 1.4365 0.71614
100000 1.4365 0.50647
100000 1.4365 0.75035
100000 1.4365 0.65316
100000 1.4365 0.47327
100000 1.4365 0.76128
100000 1.4365 0.73414
100000 1.4365 0.57512
100000 1.4365 0.62486
100000 1.4365 0.61851
100000 1.4365 0.66552
100000 1.4365 0.69335
100000 1.4365 0.62908
100000 1.4365 0.76688
100000 1.4365 0.70672
100000 1.4365 0.62125
100000 1.4365 0.64629
100000 1.4365 0.77442
100000 1.4365 0.67293
100000 1.4365 0.31698
100000 1.4365 0.60035
100000 1.4365 0.64139
100000 1.4365 0.6833
100000 1.4365 0.66167
100000 1.4365 0.5391
100000 1.4365 0.72744
100000 1.4365 0.58198
100000 1.4365 0.70518
100000 1.4365 0.60199
100000 1.4365 0.28226
100000 1.4365 0.5985
100000 1.4365 0.7024
100000 1.4365 0.69377
100000 1.4365 0.71746
100000 1.4365 0.69341
100000 1.4365 0.61473
100000 1.4365 0.75919
100000 1.4365 0.68744
100000 1.4365 0.72899
100000 1.4365 0.68666
100000 1.4365 0.69757
100000 1.4365 0.75913
100000 1.4365 0.54271
100000 1.4365 0.61033
100000 1.4365 0.73892
100000 1.4365 0.67431
100000 1.4365 0.71543
100000 1.4365 0.68653
100000 1.4365 0.66004
100000 1.4365 0.68629
100000 1.4365 0.63596
100000 1.4365 0.75087
100000 1.4365 0.57274
100000 1.4365 0.30382
100000 1.4365 0.68619
100000 1.4365 0.76914
100000 1.4365 0.6188
100000 1.4365 0.56353
100000 1.4365 0.57625
100000 1.4365 0.66258
100000 1.4365 0.67826
100000 1.4365 0.67879
100000 1.4365 0.66821
100000 1.4365 0.73356
100000 1.4365 0.74114
100000 1.4365 0.64116
100000 1.4365 0.68039
100000 1.4365 0.55865
100000 1.4365 0.54107
100000 1.4365 0.32375
100000 1.4365 0.61209
100000 1.4365 0.6733
100000 1.4365 0.4257
100000 1.4365 0.74948
100000 1.4365 0.71998
100000 1.4365 0.74696
100000 1.4365 0.38073
100000 1.4365 0.72705
100000 1.4365 0.47213
100000 1.4365 0.56425
100000 1.4365 0.45997
100000 1.4365 0.73985
100000 1.4365 0.58176
100000 1.4365 0.43237
100000 1.4365 0.5635
100000 1.4365 0.49586
100000 1.4365 0.69099
100000 1.4365 0.43146
100000 1.4365 0.64603
100000 1.4365 0.78373
100000 1.4365 0.72227
100000 1.4365 0.52747
100000 1.4365 0.55437
100000 1.4365 0.62504
100000 1.4365 0.61276
100000 1.4365 0.61616
100000 1.4365 0.74738
100000 1.4365 0.75883
100000 1.4365 0.71561
100000 1.4365 0.60654
100000 1.4365 0.76933
100000 1.4365 0.56498
100000 1.4365 0.58281
100000 1.4365 0.47124
100000 1.4365 0.74411
100000 1.4365 0.70372
100000 1.4365 0.54988
100000 1.4365 0.72813
100000 1.4365 0.68669
100000 1.4365 0.45621
100000 1.4365 0.34028
100000 1.4365 0.64728
100000 1.4365 0.52693
100000 1.4365 0.69402
100000 1.4365 0.32137
100000 1.4365 0.67031
100000 1.4365 0.65734
100000 1.4365 0.48636
100000 1.4365 0.69386
100000 1.4365 0.64011
100000 1.4365 0.72342
100000 1.4365 0.37298
100000 1.4365 0.64872
100000 1.4365 0.75715
100000 1.4365 0.66301
100000 1.4365 0.78337
100000 1.4365 0.71083
100000 1.4365 0.65628
100000 1.4365 0.70837
100000 1.4365 0.67828
100000 1.4365 0.56507
100000 1.4365 0.48547
100000 1.4365 0.72851
100000 1.4365 0.43717
100000 1.4365 0.54769
100000 1.4365 0.7332
100000 1.4365 0.64475
100000 1.4365 0.72098
100000 1.4365 0.61536
100000 1.4365 0.47085
100000 1.4365 0.29959
100000 1.4365 0.65712
100000 1.4365 0.57697
100000 1.4365 0.71125
100000 1.4365 0.64996
100000 1.4365 0.69827
100000 1.4365 0.59523
100000 1.4365 0.6295
100000 1.4365 0.69703
100000 1.4365 0.75279
100000 1.4365 0.71072
100000 1.4365 0.62585
100000 1.4365 0.60341
100000 1.4365 0.65284
100000 1.4365 0.64541
100000 1.4365 0.30583
100000 1.4365 0.62637
100000 1.4365 0.6575
100000 1.4365 0.70632
100000 1.4365 0.69702
100000 1.4365 0.75646
100000 1.4365 0.67408
100000 1.4365 0.61718
100000 1.4365 0.68124
100000 1.4365 0.55452
100000 1.4365 0.31851
100000 1.4365 0.64018
100000 1.4365 0.75976
100000 1.4365 0.37324
100000 1.4365 0.33214
100000 1.4365 0.40225
100000 1.4365 0.56253
100000 1.4365 0.54903
100000 1.4365 0.69772
100000 1.4365 0.69317
100000 1.4365 0.64991
100000 1.4365 0.4679
100000 1.4365 0.66453
100000 1.4365 0.75914
100000 1.4365 0.2808
100000 1.4365 0.70683
100000 1.4365 0.64668
100000 1.4365 0.6241
100000 1.4365 0.71645
100000 1.4365 0.6895
100000 1.4365 0.61447
100000 1.4365 0.63465
100000 1.4365 0.42988
100000 1.4365 0.62056
100000 1.4365 0.57557
100000 1.4365 0.7118
100000 1.4365 0.57448
100000 1.4365 0.73841
100000 1.4365 0.58732
100000 1.4365 0.32271
100000 1.4365 0.63462
100000 1.4365 0.46912
100000 1.4365 0.70133
100000 1.4365 0.51019
100000 1.4365 0.66463
100000 1.4365 0.68114
100000 1.4365 0.56085
100000 1.4365 0.64828
100000 1.4365 0.55051
100000 1.4365 0.4485
100000 1.4365 0.6876
100000 1.4365 0.65895
100000 1.4365 0.53256
100000 1.4365 0.74117
100000 1.4365 0.59496
100000 1.4365 0.42436
100000 1.4365 0.49765
100000 1.4365 0.59317
100000 1.4365 0.7483
100000 1.4365 0.73756
100000 1.4365 0.69123
