10000 1.4365 0.8333
10000 1.4365 0.8193
10000 1.4365 0.396
10000 1.4365 0.2864
10000 1.4365 0.6142
10000 1.4365 0.6211
10000 1.4365 0.7347
10000 1.4365 0.8394
10000 1.4365 0.7109
10000 1.4365 0.6618
10000 1.4365 0.7925
10000 1.4365 0.7265
10000 1.4365 0.418
10000 1.4365 0.7971
10000 1.4365 0.506
10000 1.4365 0.2625
10000 1.4365 0.7574
10000 1.4365 0.8092
10000 1.4365 0.7346
10000 1.4365 0.7463
10000 1.4365 0.3763
10000 1.4365 0.7489
10000 1.4365 0.7628
10000 1.4365 0.6399
10000 1.4365 0.7887
10000 1.4365 0.716
10000 1.4365 0.8053
10000 1.4365 0.7717
10000 1.4365 0.7698
10000 1.4365 0.7951
10000 1.4365 0.6399
10000 1.4365 0.8075
10000 1.4365 0.6641
10000 1.4365 0.7689
10000 1.4365 0.8526
10000 1.4365 0.819
10000 1.4365 0.8137
10000 1.4365 0.4316
10000 1.4365 0.6412
10000 1.4365 0.8173
10000 1.4365 0.7343
10000 1.4365 0.7372
10000 1.4365 0.6282
10000 1.4365 0.5281
10000 1.4365 0.8254
10000 1.4365 0.8501
10000 1.4365 0.797
10000 1.4365 0.7784
10000 1.4365 0.8311
10000 1.4365 0.7517
10000 1.4365 0.7601
10000 1.4365 0.7715
10000 1.4365 0.7786
10000 1.4365 0.8099
10000 1.4365 0.3267
10000 1.4365 0.6627
10000 1.4365 0.8136
10000 1.4365 0.2935
10000 1.4365 0.7022
10000 1.4365 0.8443
10000 1.4365 0.8052
10000 1.4365 0.79
10000 1.4365 0.7263
10000 1.4365 0.7475
10000 1.4365 0.8108
10000 1.4365 0.6394
10000 1.4365 0.8575
10000 1.4365 0.811
10000 1.4365 0.8585
10000 1.4365 0.8391
10000 1.4365 0.8746
10000 1.4365 0.7838
10000 1.4365 0.6029
10000 1.4365 0.7737
10000 1.4365 0.7356
10000 1.4365 0.5504
10000 1.4365 0.4949
10000 1.4365 0.7839
10000 1.4365 0.6727
10000 1.4365 0.4381
10000 1.4365 0.8242
10000 1.4365 0.8201
10000 1.4365 0.8413
10000 1.4365 0.8317
10000 1.4365 0.792
10000 1.4365 0.7881
10000 1.4365 0.6845
10000 1.4365 0.7316
10000 1.4365 0.8161
10000 1.4365 0.7805
10000 1.4365 0.7959
10000 1.4365 0.7792
10000 1.4365 0.7089
10000 1.4365 0.7618
10000 1.4365 0.7912
10000 1.4365 0.7104
10000 1.4365 0.7203
10000 1.4365 0.7775
10000 1.4365 0.3674
10000 1.4365 0.5804
10000 1.4365 0.632
10000 1.4365 0.774
10000 1.4365 0.6823
10000 1.4365 0.8459
10000 1.4365 0.7752
10000 1.4365 0.744
10000 1.4365 0.5845
10000 1.4365 0.7592
10000 1.4365 0.6842
10000 1.4365 0.8041
10000 1.4365 0.6379
10000 1.4365 0.7709
10000 1.4365 0.8038
10000 1.4365 0.5648
10000 1.4365 0.8067
10000 1.4365 0.6897
10000 1.4365 0.6414
10000 1.4365 0.7595
10000 1.4365 0.8421
10000 1.4365 0.825
10000 1.4365 0.6079
10000 1.4365 0.6433
10000 1.4365 0.6465
10000 1.4365 0.8767
10000 1.4365 0.6959
10000 1.4365 0.6995
10000 1.4365 0.6855
10000 1.4365 0.7596
10000 1.4365 0.6515
10000 1.4365 0.8309
10000 1.4365 0.6358
10000 1.4365 0.8144
10000 1.4365 0.6894
10000 1.4365 0.7574
10000 1.4365 0.6007
10000 1.4365 0.7908
10000 1.4365 0.8248
10000 1.4365 0.7182
10000 1.4365 0.7009
10000 1.4365 0.5727
10000 1.4365 0.8325
10000 1.4365 0.7826
10000 1.4365 0.8427
10000 1.4365 0.7713
10000 1.4365 0.847
10000 1.4365 0.636
10000 1.4365 0.8362
10000 1.4365 0.7925
10000 1.4365 0.5972
10000 1.4365 0.6852
10000 1.4365 0.8447
10000 1.4365 0.786
10000 1.4365 0.8182
10000 1.4365 0.6253
10000 1.4365 0.7968
10000 1.4365 0.7794
10000 1.4365 0.8121
10000 1.4365 0.7063
10000 1.4365 0.7216
10000 1.4365 0.4268
10000 1.4365 0.814
10000 1.4365 0.7384
10000 1.4365 0.4197
10000 1.4365 0.7553
10000 1.4365 0.8023
10000 1.4365 0.7811
10000 1.4365 0.7312
10000 1.4365 0.5234
10000 1.4365 0.6114
10000 1.4365 0.7499
10000 1.4365 0.8033
10000 1.4365 0.7531
10000 1.4365 0.6736
10000 1.4365 0.7174
10000 1.4365 0.7095
10000 1.4365 0.7079
10000 1.4365 0.7731
10000 1.4365 0.6017
10000 1.4365 0.7992
10000 1.4365 0.7178
10000 1.4365 0.7588
10000 1.4365 0.7854
10000 1.4365 0.5666
10000 1.4365 0.6174
10000 1.4365 0.5895
10000 1.4365 0.7509
10000 1.4365 0.7489
10000 1.4365 0.6093
10000 1.4365 0.5102
10000 1.4365 0.2817
10000 1.4365 0.7928
10000 1.4365 0.7162
10000 1.4365 0.6475
10000 1.4365 0.7107
10000 1.4365 0.6977
10000 1.4365 0.7704
10000 1.4365 0.8085
10000 1.4365 0.4291
10000 1.4365 0.6966
10000 1.4365 0.5525
10000 1.4365 0.8095
10000 1.4365 0.7671
10000 1.4365 0.7069
10000 1.4365 0.7565
10000 1.4365 0.7419
10000 1.4365 0.4383
10000 1.4365 0.7105
10000 1.4365 0.8061
10000 1.4365 0.7512
10000 1.4365 0.8027
10000 1.4365 0.762
10000 1.4365 0.684
10000 1.4365 0.7655
10000 1.4365 0.7737
10000 1.4365 0.6734
10000 1.4365 0.7628
10000 1.4365 0.2275
10000 1.4365 0.7471
10000 1.4365 0.4581
10000 1.4365 0.7836
10000 1.4365 0.8128
10000 1.4365 0.4792
10000 1.4365 0.7995
10000 1.4365 0.7026
10000 1.4365 0.6315
10000 1.4365 0.8293
10000 1.4365 0.7994
10000 1.4365 0.7384
10000 1.4365 0.7475
10000 1.4365 0.8052
10000 1.4365 0.7927
10000 1.4365 0.5387
10000 1.4365 0.7797
10000 1.4365 0.344
10000 1.4365 0.7546
10000 1.4365 0.7737
10000 1.4365 0.8357
10000 1.4365 0.7182
10000 1.4365 0.7801
10000 1.4365 0.7035
10000 1.4365 0.7874
10000 1.4365 0.767
10000 1.4365 0.808
10000 1.4365 0.7725
10000 1.4365 0.572
10000 1.4365 0.8035
10000 1.4365 0.5985
10000 1.4365 0.7069
10000 1.4365 0.7319
10000 1.4365 0.8451
10000 1.4365 0.6394
10000 1.4365 0.2147
10000 1.4365 0.8643
10000 1.4365 0.8093
10000 1.4365 0.6604
10000 1.4365 0.7454
10000 1.4365 0.7015
10000 1.4365 0.7247
10000 1.4365 0.8105
10000 1.4365 0.5354
10000 1.4365 0.7901
10000 1.4365 0.8139
10000 1.4365 0.6816
10000 1.4365 0.6901
10000 1.4365 0.5386
10000 1.4365 0.7364
10000 1.4365 0.7547
10000 1.4365 0.8
10000 1.4365 0.6818
10000 1.4365 0.7525
10000 1.4365 0.7862
10000 1.4365 0.7926
10000 1.4365 0.7319
10000 1.4365 0.7367
10000 1.4365 0.6716
10000 1.4365 0.7419
10000 1.4365 0.7949
10000 1.4365 0.6216
10000 1.4365 0.5074
10000 1.4365 0.7713
10000 1.4365 0.3631
10000 1.4365 0.8362
10000 1.4365 0.8542
10000 1.4365 0.8678
10000 1.4365 0.8437
10000 1.4365 0.8475
10000 1.4365 0.6465
10000 1.4365 0.8368
10000 1.4365 0.7055
10000 1.4365 0.8537
10000 1.4365 0.844
10000 1.4365 0.7824
10000 1.4365 0.7012
10000 1.4365 0.7459
10000 1.4365 0.6766
10000 1.4365 0.7898
10000 1.4365 0.349
10000 1.4365 0.681
10000 1.4365 0.7287
10000 1.4365 0.3962
10000 1.4365 0.7522
10000 1.4365 0.4289
10000 1.4365 0.6813
10000 1.4365 0.7664
10000 1.4365 0.6479
10000 1.4365 0.8053
10000 1.4365 0.6299
10000 1.4365 0.8583
10000 1.4365 0.7904
10000 1.4365 0.4564
10000 1.4365 0.8461
10000 1.4365 0.6128
10000 1.4365 0.5838
10000 1.4365 0.8242
10000 1.4365 0.3518
10000 1.4365 0.7598
10000 1.4365 0.736
10000 1.4365 0.4214
10000 1.4365 0.7355
10000 1.4365 0.87
10000 1.4365 0.6467
10000 1.4365 0.8313
10000 1.4365 0.5005
10000 1.4365 0.3092
10000 1.4365 0.4659
10000 1.4365 0.7995
10000 1.4365 0.7352
10000 1.4365 0.7459
10000 1.4365 0.7815
10000 1.4365 0.8354
10000 1.4365 0.782
10000 1.4365 0.7461
10000 1.4365 0.7917
10000 1.4365 0.3194
10000 1.4365 0.7886
10000 1.4365 0.7379
10000 1.4365 0.7111
10000 1.4365 0.8284
10000 1.4365 0.8334
10000 1.4365 0.8196
10000 1.4365 0.6144
10000 1.4365 0.8511
10000 1.4365 0.4851
10000 1.4365 0.8067
10000 1.4365 0.7887
10000 1.4365 0.7295
10000 1.4365 0.7601
10000 1.4365 0.7425
10000 1.4365 0.835
10000 1.4365 0.8029
10000 1.4365 0.8158
10000 1.4365 0.6415
10000 1.4365 0.7785
10000 1.4365 0.7854
10000 1.4365 0.8097
10000 1.4365 0.8085
10000 1.4365 0.5578
10000 1.4365 0.75
10000 1.4365 0.8022
10000 1.4365 0.3615
10000 1.4365 0.8035
10000 1.4365 0.5249
10000 1.4365 0.7035
10000 1.4365 0.8061
10000 1.4365 0.6384
10000 1.4365 0.8098
10000 1.4365 0.6859
10000 1.4365 0.6791
10000 1.4365 0.609
10000 1.4365 0.7597
10000 1.4365 0.7461
10000 1.4365 0.8322
10000 1.4365 0.7568
10000 1.4365 0.8062
10000 1.4365 0.4155
10000 1.4365 0.5031
10000 1.4365 0.6867
10000 1.4365 0.3841
10000 1.4365 0.7256
10000 1.4365 0.4777
10000 1.4365 0.6632
10000 1.4365 0.5286
10000 1.4365 0.5507
10000 1.4365 0.756
10000 1.4365 0.7649
10000 1.4365 0.77
10000 1.4365 0.6955
10000 1.4365 0.8173
10000 1.4365 0.6431
10000 1.4365 0.8402
10000 1.4365 0.5464
10000 1.4365 0.6864
10000 1.4365 0.7509
10000 1.4365 0.6553
10000 1.4365 0.786
10000 1.4365 0.866
10000 1.4365 0.7603
10000 1.4365 0.8172
10000 1.4365 0.7609
10000 1.4365 0.5779
10000 1.4365 0.6402
10000 1.4365 0.8052
10000 1.4365 0.8292
10000 1.4365 0.6546
10000 1.4365 0.778
10000 1.4365 0.6978
10000 1.4365 0.7087
10000 1.4365 0.6571
10000 1.4365 0.6917
10000 1.4365 0.5507
10000 1.4365 0.3242
10000 1.4365 0.8434
10000 1.4365 0.7167
10000 1.4365 0.8531
10000 1.4365 0.8086
10000 1.4365 0.7919
10000 1.4365 0.6976
10000 1.4365 0.7614
10000 1.4365 0.83
10000 1.4365 0.765
10000 1.4365 0.6181
10000 1.4365 0.828
10000 1.4365 0.7679
10000 1.4365 0.7334
10000 1.4365 0.8269
10000 1.4365 0.7996
10000 1.4365 0.7328
10000 1.4365 0.3786
10000 1.4365 0.7165
10000 1.4365 0.4832
10000 1.4365 0.7779
10000 1.4365 0.5916
10000 1.4365 0.424
10000 1.4365 0.8135
10000 1.4365 0.6437
10000 1.4365 0.7514
10000 1.4365 0.7311
10000 1.4365 0.6262
10000 1.4365 0.6101
10000 1.4365 0.702
10000 1.4365 0.5501
10000 1.4365 0.8094
10000 1.4365 0.6831
10000 1.4365 0.8143
10000 1.4365 0.6103
10000 1.4365 0.6038
10000 1.4365 0.7461
10000 1.4365 0.7298
10000 1.4365 0.6809
10000 1.4365 0.8282
10000 1.4365 0.7619
10000 1.4365 0.7712
10000 1.4365 0.7889
10000 1.4365 0.7318
10000 1.4365 0.8065
10000 1.4365 0.8535
10000 1.4365 0.7352
10000 1.4365 0.5877
10000 1.4365 0.8329
10000 1.4365 0.6828
10000 1.4365 0.4965
10000 1.4365 0.7777
10000 1.4365 0.7471
10000 1.4365 0.4032
10000 1.4365 0.6938
10000 1.4365 0.8047
10000 1.4365 0.4642
10000 1.4365 0.6156
10000 1.4365 0.7497
10000 1.4365 0.6835
10000 1.4365 0.8006
10000 1.4365 0.6564
10000 1.4365 0.6359
10000 1.4365 0.7235
10000 1.4365 0.7989
10000 1.4365 0.639
10000 1.4365 0.7297
10000 1.4365 0.8554
10000 1.4365 0.4578
10000 1.4365 0.4446
10000 1.4365 0.6623
10000 1.4365 0.6626
10000 1.4365 0.816
10000 1.4365 0.8547
10000 1.4365 0.5646
10000 1.4365 0.8287
10000 1.4365 0.7598
10000 1.4365 0.5399
10000 1.4365 0.7407
10000 1.4365 0.7271
10000 1.4365 0.7544
10000 1.4365 0.7299
10000 1.4365 0.7386
10000 1.4365 0.7038
10000 1.4365 0.801
10000 1.4365 0.8245
10000 1.4365 0.6118
10000 1.4365 0.7732
10000 1.4365 0.3934
10000 1.4365 0.7488
10000 1.4365 0.7937
10000 1.4365 0.7324
10000 1.4365 0.7132
10000 1.4365 0.7794
10000 1.4365 0.7609
10000 1.4365 0.7482
10000 1.4365 0.8161
10000 1.4365 0.5299
10000 1.4365 0.7867
10000 1.4365 0.6374
10000 1.4365 0.8544
10000 1.4365 0.6358
10000 1.4365 0.67
10000 1.4365 0.6629
10000 1.4365 0.724
10000 1.4365 0.4017
10000 1.4365 0.4524
10000 1.4365 0.6399
10000 1.4365 0.8268
10000 1.4365 0.601
10000 1.4365 0.8063
10000 1.4365 0.7369
10000 1.4365 0.7082
10000 1.4365 0.7516
10000 1.4365 0.7985
10000 1.4365 0.5829
10000 1.4365 0.8274
10000 1.4365 0.6098
10000 1.4365 0.5141
10000 1.4365 0.7902
10000 1.4365 0.302
10000 1.4365 0.6117
10000 1.4365 0.8097
10000 1.4365 0.6727
10000 1.4365 0.7664
10000 1.4365 0.7794
10000 1.4365 0.7577
10000 1.4365 0.5484
10000 1.4365 0.7801
10000 1.4365 0.7249
10000 1.4365 0.6455
10000 1.4365 0.8577
10000 1.4365 0.7591
10000 1.4365 0.7833
10000 1.4365 0.719
10000 1.4365 0.6658
10000 1.4365 0.8134
10000 1.4365 0.6597
10000 1.4365 0.8253
10000 1.4365 0.7379
10000 1.4365 0.5743
10000 1.4365 0.7119
10000 1.4365 0.4715
10000 1.4365 0.7566
10000 1.4365 0.571
10000 1.4365 0.5817
10000 1.4365 0.6528
10000 1.4365 0.792
10000 1.4365 0.7815
10000 1.4365 0.6549
10000 1.4365 0.6564
10000 1.4365 0.7679
10000 1.4365 0.6769
10000 1.4365 0.599
10000 1.4365 0.7761
10000 1.4365 0.7585
10000 1.4365 0.727
10000 1.4365 0.8089
10000 1.4365 0.736
10000 1.4365 0.8642
10000 1.4365 0.8695
10000 1.4365 0.7599
10000 1.4365 0.5097
10000 1.4365 0.7252
10000 1.4365 0.7087
10000 1.4365 0.4555
10000 1.4365 0.818
10000 1.4365 0.7171
10000 1.4365 0.7787
10000 1.4365 0.5053
10000 1.4365 0.7899
10000 1.4365 0.5383
10000 1.4365 0.5832
10000 1.4365 0.7527
10000 1.4365 0.448
10000 1.4365 0.8197
10000 1.4365 0.585
10000 1.4365 0.8399
10000 1.4365 0.8087
10000 1.4365 0.6166
10000 1.4365 0.8698
10000 1.4365 0.7728
10000 1.4365 0.6299
10000 1.4365 0.7493
10000 1.4365 0.5518
10000 1.4365 0.5661
10000 1.4365 0.6213
10000 1.4365 0.722
10000 1.4365 0.8355
10000 1.4365 0.8198
10000 1.4365 0.7741
10000 1.4365 0.7728
10000 1.4365 0.5981
10000 1.4365 0.6083
10000 1.4365 0.3828
10000 1.4365 0.83
10000 1.4365 0.7819
10000 1.4365 0.7356
10000 1.4365 0.6924
10000 1.4365 0.7281
10000 1.4365 0.7594
10000 1.4365 0.3714
10000 1.4365 0.4146
10000 1.4365 0.7911
10000 1.4365 0.7118
10000 1.4365 0.8723
10000 1.4365 0.643
10000 1.4365 0.6307
10000 1.4365 0.8015
10000 1.4365 0.3255
10000 1.4365 0.42
10000 1.4365 0.6868
10000 1.4365 0.7452
10000 1.4365 0.7374
10000 1.4365 0.7445
10000 1.4365 0.7683
10000 1.4365 0.2577
10000 1.4365 0.8336
10000 1.4365 0.6326
10000 1.4365 0.5579
10000 1.4365 0.6662
10000 1.4365 0.8059
10000 1.4365 0.7682
10000 1.4365 0.7921
10000 1.4365 0.6875
10000 1.4365 0.6185
10000 1.4365 0.6361
10000 1.4365 0.7951
10000 1.4365 0.4917
10000 1.4365 0.8168
10000 1.4365 0.1795
10000 1.4365 0.7088
10000 1.4365 0.7363
10000 1.4365 0.6912
10000 1.4365 0.75
10000 1.4365 0.7149
10000 1.4365 0.7085
10000 1.4365 0.6004
10000 1.4365 0.8187
10000 1.4365 0.4498
10000 1.4365 0.7689
10000 1.4365 0.6965
10000 1.4365 0.4681
10000 1.4365 0.8063
10000 1.4365 0.7736
10000 1.4365 0.7684
10000 1.4365 0.5962
10000 1.4365 0.6791
10000 1.4365 0.831
10000 1.4365 0.7845
10000 1.4365 0.8294
10000 1.4365 0.509
10000 1.4365 0.444
10000 1.4365 0.8332
10000 1.4365 0.7065
10000 1.4365 0.7269
10000 1.4365 0.6181
10000 1.4365 0.835
10000 1.4365 0.7022
10000 1.4365 0.8626
10000 1.4365 0.801
10000 1.4365 0.5946
10000 1.4365 0.6654
10000 1.4365 0.39
10000 1.4365 0.6768
10000 1.4365 0.6132
10000 1.4365 0.6904
10000 1.4365 0.7786
10000 1.4365 0.811
10000 1.4365 0.7179
10000 1.4365 0.7913
10000 1.4365 0.7805
10000 1.4365 0.7848
10000 1.4365 0.7379
10000 1.4365 0.7509
10000 1.4365 0.7274
10000 1.4365 0.8409
10000 1.4365 0.5889
10000 1.4365 0.817
10000 1.4365 0.4977
10000 1.4365 0.5392
10000 1.4365 0.5112
10000 1.4365 0.8508
10000 1.4365 0.7923
10000 1.4365 0.6432
10000 1.4365 0.4963
10000 1.4365 0.771
10000 1.4365 0.8401
10000 1.4365 0.7962
10000 1.4365 0.7838
10000 1.4365 0.6807
10000 1.4365 0.8519
10000 1.4365 0.8264
10000 1.4365 0.5858
10000 1.4365 0.7798
10000 1.4365 0.7434
10000 1.4365 0.5898
10000 1.4365 0.8366
10000 1.4365 0.5558
10000 1.4365 0.7416
10000 1.4365 0.7367
10000 1.4365 0.7828
10000 1.4365 0.6917
10000 1.4365 0.2834
10000 1.4365 0.6802
10000 1.4365 0.7716
10000 1.4365 0.5294
10000 1.4365 0.6971
10000 1.4365 0.8005
10000 1.4365 0.8291
10000 1.4365 0.7846
10000 1.4365 0.7748
10000 1.4365 0.794
10000 1.4365 0.8019
10000 1.4365 0.7465
10000 1.4365 0.6977
10000 1.4365 0.3513
10000 1.4365 0.7902
10000 1.4365 0.7424
10000 1.4365 0.8331
10000 1.4365 0.6603
10000 1.4365 0.6586
10000 1.4365 0.7689
10000 1.4365 0.8322
10000 1.4365 0.4569
10000 1.4365 0.823
10000 1.4365 0.8326
10000 1.4365 0.4829
10000 1.4365 0.7139
10000 1.4365 0.7444
10000 1.4365 0.7841
10000 1.4365 0.3885
10000 1.4365 0.761
10000 1.4365 0.813
10000 1.4365 0.8772
10000 1.4365 0.7003
10000 1.4365 0.7865
10000 1.4365 0.7256
10000 1.4365 0.7843
10000 1.4365 0.7897
10000 1.4365 0.8445
10000 1.4365 0.7709
10000 1.4365 0.7762
10000 1.4365 0.7422
10000 1.4365 0.7959
10000 1.4365 0.7954
10000 1.4365 0.7928
10000 1.4365 0.674
10000 1.4365 0.4782
10000 1.4365 0.8077
10000 1.4365 0.8607
10000 1.4365 0.3487
10000 1.4365 0.7396
10000 1.4365 0.7906
10000 1.4365 0.5594
10000 1.4365 0.6136
10000 1.4365 0.7261
10000 1.4365 0.7489
10000 1.4365 0.7542
10000 1.4365 0.7162
10000 1.4365 0.748
10000 1.4365 0.6552
10000 1.4365 0.6808
10000 1.4365 0.816
10000 1.4365 0.7075
10000 1.4365 0.5362
10000 1.4365 0.785
10000 1.4365 0.7828
10000 1.4365 0.3365
10000 1.4365 0.663
10000 1.4365 0.6715
10000 1.4365 0.7582
10000 1.4365 0.6315
10000 1.4365 0.6141
10000 1.4365 0.7047
10000 1.4365 0.6449
10000 1.4365 0.8087
10000 1.4365 0.7951
10000 1.4365 0.7991
10000 1.4365 0.7147
10000 1.4365 0.8275
10000 1.4365 0.6553
10000 1.4365 0.7286
10000 1.4365 0.7952
10000 1.4365 0.7421
10000 1.4365 0.7612
10000 1.4365 0.3063
10000 1.4365 0.6874
10000 1.4365 0.7053
10000 1.4365 0.7679
10000 1.4365 0.6711
10000 1.4365 0.4088
10000 1.4365 0.5142
10000 1.4365 0.5185
10000 1.4365 0.7274
10000 1.4365 0.6612
10000 1.4365 0.5429
10000 1.4365 0.7958
10000 1.4365 0.6927
10000 1.4365 0.2515
10000 1.4365 0.4991
10000 1.4365 0.664
10000 1.4365 0.6368
10000 1.4365 0.3933
10000 1.4365 0.8239
10000 1.4365 0.6792
10000 1.4365 0.71
10000 1.4365 0.7408
10000 1.4365 0.4445
10000 1.4365 0.7047
10000 1.4365 0.825
10000 1.4365 0.7619
10000 1.4365 0.6994
10000 1.4365 0.8627
10000 1.4365 0.8741
10000 1.4365 0.5922
10000 1.4365 0.7748
10000 1.4365 0.6348
10000 1.4365 0.8064
10000 1.4365 0.7136
10000 1.4365 0.6926
10000 1.4365 0.6648
10000 1.4365 0.7386
10000 1.4365 0.5553
10000 1.4365 0.8584
10000 1.4365 0.7626
10000 1.4365 0.6372
10000 1.4365 0.7272
10000 1.4365 0.8539
10000 1.4365 0.7553
10000 1.4365 0.2909
10000 1.4365 0.4626
10000 1.4365 0.6788
10000 1.4365 0.819
10000 1.4365 0.8687
10000 1.4365 0.8393
10000 1.4365 0.8604
10000 1.4365 0.5622
10000 1.4365 0.6156
10000 1.4365 0.4329
10000 1.4365 0.8397
10000 1.4365 0.8243
10000 1.4365 0.3382
10000 1.4365 0.6743
10000 1.4365 0.4478
10000 1.4365 0.7807
10000 1.4365 0.679
10000 1.4365 0.8373
10000 1.4365 0.7837
10000 1.4365 0.784
10000 1.4365 0.8283
10000 1.4365 0.8045
10000 1.4365 0.7805
10000 1.4365 0.6771
10000 1.4365 0.817
10000 1.4365 0.7712
10000 1.4365 0.8591
10000 1.4365 0.7677
10000 1.4365 0.848
10000 1.4365 0.8516
10000 1.4365 0.7698
10000 1.4365 0.8525
10000 1.4365 0.6551
10000 1.4365 0.8198
10000 1.4365 0.8353
10000 1.4365 0.6911
10000 1.4365 0.6814
10000 1.4365 0.787
10000 1.4365 0.7164
10000 1.4365 0.7456
10000 1.4365 0.318
10000 1.4365 0.8198
10000 1.4365 0.4225
10000 1.4365 0.7472
10000 1.4365 0.7351
10000 1.4365 0.7124
10000 1.4365 0.7407
10000 1.4365 0.7611
10000 1.4365 0.8334
10000 1.4365 0.7137
10000 1.4365 0.7454
10000 1.4365 0.603
10000 1.4365 0.7008
10000 1.4365 0.8309
10000 1.4365 0.7472
10000 1.4365 0.8112
10000 1.4365 0.7955
10000 1.4365 0.821
10000 1.4365 0.7443
10000 1.4365 0.7334
10000 1.4365 0.7774
10000 1.4365 0.7808
10000 1.4365 0.5825
10000 1.4365 0.7555
10000 1.4365 0.8219
10000 1.4365 0.8565
10000 1.4365 0.8607
10000 1.4365 0.7637
10000 1.4365 0.7862
10000 1.4365 0.7372
10000 1.4365 0.736
10000 1.4365 0.6508
10000 1.4365 0.7093
10000 1.4365 0.5872
10000 1.4365 0.673
10000 1.4365 0.4432
10000 1.4365 0.6816
10000 1.4365 0.5998
10000 1.4365 0.7857
10000 1.4365 0.7159
10000 1.4365 0.8047
10000 1.4365 0.8305
10000 1.4365 0.7312
10000 1.4365 0.6963
10000 1.4365 0.7909
10000 1.4365 0.7151
10000 1.4365 0.663
10000 1.4365 0.5812
10000 1.4365 0.6551
10000 1.4365 0.6068
10000 1.4365 0.7452
10000 1.4365 0.5594
10000 1.4365 0.4832
10000 1.4365 0.6329
10000 1.4365 0.6946
10000 1.4365 0.693
10000 1.4365 0.7998
10000 1.4365 0.7113
10000 1.4365 0.7838
10000 1.4365 0.7915
10000 1.4365 0.6518
10000 1.4365 0.6158
10000 1.4365 0.712
10000 1.4365 0.7652
10000 1.4365 0.8208
10000 1.4365 0.7104
10000 1.4365 0.8484
10000 1.4365 0.7486
10000 1.4365 0.7766
10000 1.4365 0.8204
10000 1.4365 0.6325
10000 1.4365 0.7923
10000 1.4365 0.4551
10000 1.4365 0.8324
10000 1.4365 0.7077
10000 1.4365 0.6809
10000 1.4365 0.7604
10000 1.4365 0.7433
10000 1.4365 0.7294
10000 1.4365 0.4746
10000 1.4365 0.7494
10000 1.4365 0.7934
10000 1.4365 0.802
10000 1.4365 0.7736
10000 1.4365 0.7356
10000 1.4365 0.7122
10000 1.4365 0.6995
10000 1.4365 0.6634
10000 1.4365 0.8168
10000 1.4365 0.754
10000 1.4365 0.8078
10000 1.4365 0.7432
10000 1.4365 0.436
10000 1.4365 0.6548
10000 1.4365 0.7768
10000 1.4365 0.6232
10000 1.4365 0.7995
10000 1.4365 0.6688
10000 1.4365 0.7274
10000 1.4365 0.5279
10000 1.4365 0.4832
10000 1.4365 0.7119
10000 1.4365 0.809
10000 1.4365 0.7045
10000 1.4365 0.7802
10000 1.4365 0.5889
10000 1.4365 0.822
10000 1.4365 0.5914
10000 1.4365 0.6801
10000 1.4365 0.8011
10000 1.4365 0.8262
10000 1.4365 0.6611
10000 1.4365 0.4393
10000 1.4365 0.3417
10000 1.4365 0.7167
10000 1.4365 0.514
10000 1.4365 0.7693
10000 1.4365 0.769
10000 1.4365 0.7131
10000 1.4365 0.5821
