10000000 1.4365 0.60208
10000000 1.4365 0.429783
10000000 1.4365 0.51679
10000000 1.4365 0.509802
10000000 1.4365 0.508256
10000000 1.4365 0.506022
10000000 1.4365 0.484487
10000000 1.4365 0.594119
10000000 1.4365 0.520738
10000000 1.4365 0.314191
10000000 1.4365 0.507892
10000000 1.4365 0.547049
10000000 1.4365 0.510982
10000000 1.4365 0.469301
10000000 1.4365 0.521043
10000000 1.4365 0.59169
10000000 1.4365 0.330401
10000000 1.4365 0.521086
10000000 1.4365 0.426347
10000000 1.4365 0.506726
10000000 1.4365 0.486711
10000000 1.4365 0.506259
10000000 1.4365 0.591794
10000000 1.4365 0.567532
10000000 1.4365 0.201007
10000000 1.4365 0.333007
10000000 1.4365 0.478751
10000000 1.4365 0.51647
10000000 1.4365 0.511283
10000000 1.4365 0.505509
10000000 1.4365 0.521204
10000000 1.4365 0.45379
10000000 1.4365 0.463681
10000000 1.4365 0.442938
10000000 1.4365 0.613206
10000000 1.4365 0.564711
10000000 1.4365 0.573258
10000000 1.4365 0.530281
10000000 1.4365 0.556591
10000000 1.4365 0.590132
10000000 1.4365 0.48276
10000000 1.4365 0.473422
10000000 1.4365 0.51298
10000000 1.4365 0.519096
10000000 1.4365 0.202686
10000000 1.4365 0.532114
10000000 1.4365 0.547342
10000000 1.4365 0.512571
10000000 1.4365 0.605721
10000000 1.4365 0.468545
10000000 1.4365 0.514411
10000000 1.4365 0.477516
10000000 1.4365 0.56838
10000000 1.4365 0.445912
10000000 1.4365 0.582028
10000000 1.4365 0.568734
10000000 1.4365 0.509976
10000000 1.4365 0.591778
10000000 1.4365 0.49947
10000000 1.4365 0.52288
10000000 1.4365 0.390358
10000000 1.4365 0.597121
10000000 1.4365 0.537261
10000000 1.4365 0.614676
10000000 1.4365 0.559769
10000000 1.4365 0.287826
10000000 1.4365 0.481644
10000000 1.4365 0.556438
10000000 1.4365 0.606882
10000000 1.4365 0.548152
10000000 1.4365 0.573853
10000000 1.4365 0.116204
10000000 1.4365 0.526303
10000000 1.4365 0.537887
10000000 1.4365 0.56389
10000000 1.4365 0.516668
10000000 1.4365 0.346569
10000000 1.4365 0.5113
10000000 1.4365 0.45209
10000000 1.4365 0.551444
10000000 1.4365 0.514679
10000000 1.4365 0.589412
10000000 1.4365 0.458345
10000000 1.4365 0.588129
10000000 1.4365 0.499951
10000000 1.4365 0.594812
10000000 1.4365 0.522442
10000000 1.4365 0.46903
10000000 1.4365 0.537317
10000000 1.4365 0.489234
10000000 1.4365 0.397289
10000000 1.4365 0.476472
10000000 1.4365 0.563656
10000000 1.4365 0.572664
10000000 1.4365 0.428545
10000000 1.4365 0.517962
10000000 1.4365 0.329445
10000000 1.4365 0.240365
10000000 1.4365 0.303034
10000000 1.4365 0.507868
10000000 1.4365 0.549751
10000000 1.4365 0.300592
10000000 1.4365 0.598386
10000000 1.4365 0.439295
10000000 1.4365 0.550336
10000000 1.4365 0.577373
10000000 1.4365 0.572874
10000000 1.4365 0.614574
10000000 1.4365 0.476595
10000000 1.4365 0.573258
10000000 1.4365 0.467616
10000000 1.4365 0.568382
10000000 1.4365 0.617112
10000000 1.4365 0.467751
10000000 1.4365 0.385865
10000000 1.4365 0.442452
10000000 1.4365 0.43306
10000000 1.4365 0.527866
10000000 1.4365 0.501745
10000000 1.4365 0.561439
10000000 1.4365 0.498529
10000000 1.4365 0.577488
10000000 1.4365 0.580123
10000000 1.4365 0.622389
10000000 1.4365 0.477356
10000000 1.4365 0.616358
10000000 1.4365 0.468871
10000000 1.4365 0.332379
10000000 1.4365 0.460439
10000000 1.4365 0.551243
10000000 1.4365 0.494272
10000000 1.4365 0.565723
10000000 1.4365 0.358475
10000000 1.4365 0.498858
10000000 1.4365 0.48316
10000000 1.4365 0.568585
10000000 1.4365 0.298057
10000000 1.4365 0.578123
10000000 1.4365 0.489823
10000000 1.4365 0.568619
10000000 1.4365 0.539428
10000000 1.4365 0.44085
10000000 1.4365 0.517591
10000000 1.4365 0.303859
10000000 1.4365 0.520634
10000000 1.4365 0.54256
10000000 1.4365 0.411392
10000000 1.4365 0.570386
10000000 1.4365 0.554311
10000000 1.4365 0.368336
10000000 1.4365 0.569285
10000000 1.4365 0.325199
10000000 1.4365 0.573137
10000000 1.4365 0.555793
10000000 1.4365 0.413731
10000000 1.4365 0.439674
10000000 1.4365 0.485061
10000000 1.4365 0.503597
10000000 1.4365 0.420991
10000000 1.4365 0.541602
10000000 1.4365 0.545375
10000000 1.4365 0.455218
10000000 1.4365 0.573156
10000000 1.4365 0.61655
10000000 1.4365 0.548134
10000000 1.4365 0.463034
10000000 1.4365 0.573104
10000000 1.4365 0.524018
10000000 1.4365 0.52964
10000000 1.4365 0.580497
10000000 1.4365 0.481006
10000000 1.4365 0.532873
10000000 1.4365 0.536141
10000000 1.4365 0.434206
10000000 1.4365 0.429819
10000000 1.4365 0.588887
10000000 1.4365 0.60476
10000000 1.4365 0.515543
10000000 1.4365 0.543156
10000000 1.4365 0.539407
10000000 1.4365 0.554459
10000000 1.4365 0.544171
10000000 1.4365 0.306407
10000000 1.4365 0.619338
10000000 1.4365 0.57933
10000000 1.4365 0.311803
10000000 1.4365 0.612108
10000000 1.4365 0.541615
10000000 1.4365 0.435715
10000000 1.4365 0.439517
10000000 1.4365 0.493589
10000000 1.4365 0.281945
10000000 1.4365 0.589478
10000000 1.4365 0.58661
10000000 1.4365 0.419984
10000000 1.4365 0.610433
10000000 1.4365 0.35767
10000000 1.4365 0.523084
10000000 1.4365 0.506451
10000000 1.4365 0.577275
10000000 1.4365 0.488557
10000000 1.4365 0.454753
10000000 1.4365 0.238833
10000000 1.4365 0.554696
10000000 1.4365 0.186007
10000000 1.4365 0.469262
10000000 1.4365 0.565253
10000000 1.4365 0.499052
10000000 1.4365 0.497221
10000000 1.4365 0.566847
10000000 1.4365 0.46433
10000000 1.4365 0.525067
10000000 1.4365 0.599818
10000000 1.4365 0.393967
10000000 1.4365 0.549031
10000000 1.4365 0.335991
10000000 1.4365 0.213872
10000000 1.4365 0.490903
10000000 1.4365 0.539002
10000000 1.4365 0.51767
10000000 1.4365 0.509563
10000000 1.4365 0.53269
10000000 1.4365 0.53649
10000000 1.4365 0.495677
10000000 1.4365 0.552119
10000000 1.4365 0.480163
10000000 1.4365 0.578013
10000000 1.4365 0.516365
10000000 1.4365 0.498457
10000000 1.4365 0.494086
10000000 1.4365 0.414918
10000000 1.4365 0.555101
10000000 1.4365 0.575889
10000000 1.4365 0.527629
10000000 1.4365 0.426244
10000000 1.4365 0.520229
10000000 1.4365 0.452336
10000000 1.4365 0.570553
10000000 1.4365 0.443361
10000000 1.4365 0.517203
10000000 1.4365 0.613806
10000000 1.4365 0.537383
10000000 1.4365 0.557769
10000000 1.4365 0.485803
10000000 1.4365 0.572746
10000000 1.4365 0.396888
10000000 1.4365 0.553896
10000000 1.4365 0.515294
10000000 1.4365 0.566326
10000000 1.4365 0.622243
10000000 1.4365 0.335337
10000000 1.4365 0.498948
10000000 1.4365 0.430578
10000000 1.4365 0.476025
10000000 1.4365 0.564343
10000000 1.4365 0.441505
10000000 1.4365 0.550571
10000000 1.4365 0.580361
10000000 1.4365 0.557268
10000000 1.4365 0.545468
10000000 1.4365 0.579686
10000000 1.4365 0.38889
10000000 1.4365 0.39788
10000000 1.4365 0.562768
10000000 1.4365 0.536385
10000000 1.4365 0.542511
10000000 1.4365 0.610638
10000000 1.4365 0.347288
10000000 1.4365 0.364706
10000000 1.4365 0.422172
10000000 1.4365 0.483836
10000000 1.4365 0.528926
10000000 1.4365 0.392052
10000000 1.4365 0.626502
10000000 1.4365 0.495549
10000000 1.4365 0.453258
10000000 1.4365 0.393934
10000000 1.4365 0.28371
10000000 1.4365 0.535028
10000000 1.4365 0.48365
10000000 1.4365 0.493532
10000000 1.4365 0.445017
10000000 1.4365 0.577236
10000000 1.4365 0.311707
10000000 1.4365 0.519874
10000000 1.4365 0.531757
10000000 1.4365 0.534245
10000000 1.4365 0.310581
10000000 1.4365 0.509171
10000000 1.4365 0.489702
10000000 1.4365 0.450199
10000000 1.4365 0.478065
10000000 1.4365 0.536499
10000000 1.4365 0.524971
10000000 1.4365 0.5794
10000000 1.4365 0.447146
10000000 1.4365 0.184353
10000000 1.4365 0.56601
10000000 1.4365 0.496353
10000000 1.4365 0.492745
10000000 1.4365 0.413949
10000000 1.4365 0.493283
10000000 1.4365 0.350688
10000000 1.4365 0.512396
10000000 1.4365 0.559307
10000000 1.4365 0.519364
10000000 1.4365 0.495081
10000000 1.4365 0.458317
10000000 1.4365 0.395697
10000000 1.4365 0.552327
10000000 1.4365 0.448524
10000000 1.4365 0.538417
10000000 1.4365 0.523145
10000000 1.4365 0.39391
10000000 1.4365 0.511087
10000000 1.4365 0.527209
10000000 1.4365 0.273894
10000000 1.4365 0.331125
10000000 1.4365 0.451888
10000000 1.4365 0.417234
10000000 1.4365 0.442879
10000000 1.4365 0.559937
10000000 1.4365 0.636083
10000000 1.4365 0.449802
10000000 1.4365 0.4337
10000000 1.4365 0.467691
10000000 1.4365 0.58446
10000000 1.4365 0.526599
10000000 1.4365 0.566847
10000000 1.4365 0.520869
10000000 1.4365 0.59041
10000000 1.4365 0.503557
10000000 1.4365 0.529448
10000000 1.4365 0.528917
10000000 1.4365 0.538941
10000000 1.4365 0.474091
10000000 1.4365 0.458007
10000000 1.4365 0.296241
10000000 1.4365 0.449382
10000000 1.4365 0.548619
10000000 1.4365 0.514434
10000000 1.4365 0.569538
10000000 1.4365 0.512346
10000000 1.4365 0.522195
10000000 1.4365 0.553998
10000000 1.4365 0.535249
10000000 1.4365 0.486996
10000000 1.4365 0.560469
10000000 1.4365 0.458991
10000000 1.4365 0.480698
10000000 1.4365 0.61169
10000000 1.4365 0.484595
10000000 1.4365 0.488636
10000000 1.4365 0.582073
10000000 1.4365 0.585081
10000000 1.4365 0.549389
10000000 1.4365 0.514053
10000000 1.4365 0.542611
10000000 1.4365 0.331647
10000000 1.4365 0.584791
10000000 1.4365 0.338866
10000000 1.4365 0.140355
10000000 1.4365 0.464526
10000000 1.4365 0.495406
10000000 1.4365 0.544099
10000000 1.4365 0.544352
10000000 1.4365 0.534181
10000000 1.4365 0.532834
10000000 1.4365 0.543569
10000000 1.4365 0.509165
10000000 1.4365 0.418852
10000000 1.4365 0.604786
10000000 1.4365 0.567406
10000000 1.4365 0.403437
10000000 1.4365 0.579964
10000000 1.4365 0.34718
10000000 1.4365 0.416408
10000000 1.4365 0.570578
10000000 1.4365 0.282174
10000000 1.4365 0.349242
10000000 1.4365 0.573254
10000000 1.4365 0.541603
10000000 1.4365 0.336997
10000000 1.4365 0.542741
10000000 1.4365 0.617834
10000000 1.4365 0.471855
10000000 1.4365 0.48232
10000000 1.4365 0.609136
10000000 1.4365 0.470632
10000000 1.4365 0.547884
10000000 1.4365 0.539624
10000000 1.4365 0.572676
10000000 1.4365 0.539174
10000000 1.4365 0.543914
10000000 1.4365 0.392672
10000000 1.4365 0.553913
10000000 1.4365 0.58994
10000000 1.4365 0.568663
10000000 1.4365 0.511586
10000000 1.4365 0.55249
