1000000000 1.4365 0.290606
1000000000 1.4365 0.436337
1000000000 1.4365 0.381491
1000000000 1.4365 0.418219
1000000000 1.4365 0.447337
1000000000 1.4365 0.452879
1000000000 1.4365 0.404838
1000000000 1.4365 0.309371
1000000000 1.4365 0.427638
1000000000 1.4365 0.459108
1000000000 1.4365 0.479607
1000000000 1.4365 0.469899
1000000000 1.4365 0.481304
1000000000 1.4365 0.244338
1000000000 1.4365 0.472982
1000000000 1.4365 0.372498
1000000000 1.4365 0.3039
1000000000 1.4365 0.405699
1000000000 1.4365 0.459952
1000000000 1.4365 0.485565
