1000000 1.4365 0.562576
1000000 1.4365 0.453519
1000000 1.4365 0.642655
1000000 1.4365 0.481466
1000000 1.4365 0.529981
1000000 1.4365 0.492152
1000000 1.4365 0.437382
1000000 1.4365 0.547249
1000000 1.4365 0.542371
1000000 1.4365 0.571418
1000000 1.4365 0.569372
1000000 1.4365 0.518355
1000000 1.4365 0.677349
1000000 1.4365 0.644885
1000000 1.4365 0.672499
1000000 1.4365 0.511293
1000000 1.4365 0.304124
1000000 1.4365 0.585102
1000000 1.4365 0.710372
1000000 1.4365 0.59568
1000000 1.4365 0.360152
1000000 1.4365 0.604887
1000000 1.4365 0.658944
1000000 1.4365 0.380049
1000000 1.4365 0.655004
1000000 1.4365 0.550672
1000000 1.4365 0.639412
1000000 1.4365 0.449782
1000000 1.4365 0.516385
1000000 1.4365 0.683381
1000000 1.4365 0.644669
1000000 1.4365 0.651733
1000000 1.4365 0.645443
1000000 1.4365 0.69726
1000000 1.4365 0.564016
1000000 1.4365 0.631397
1000000 1.4365 0.631694
1000000 1.4365 0.605414
1000000 1.4365 0.469572
1000000 1.4365 0.547469
1000000 1.4365 0.617398
1000000 1.4365 0.644162
1000000 1.4365 0.627591
1000000 1.4365 0.590149
1000000 1.4365 0.579131
1000000 1.4365 0.539705
1000000 1.4365 0.670028
1000000 1.4365 0.490984
1000000 1.4365 0.44264
1000000 1.4365 0.608681
1000000 1.4365 0.588211
1000000 1.4365 0.486117
1000000 1.4365 0.627428
1000000 1.4365 0.568302
1000000 1.4365 0.572649
1000000 1.4365 0.467682
1000000 1.4365 0.610475
1000000 1.4365 0.506321
1000000 1.4365 0.648321
1000000 1.4365 0.474632
1000000 1.4365 0.503914
1000000 1.4365 0.656071
1000000 1.4365 0.231133
1000000 1.4365 0.532713
1000000 1.4365 0.685561
1000000 1.4365 0.554813
1000000 1.4365 0.63079
1000000 1.4365 0.591285
1000000 1.4365 0.270344
1000000 1.4365 0.646106
1000000 1.4365 0.568229
1000000 1.4365 0.546324
1000000 1.4365 0.50487
1000000 1.4365 0.585828
1000000 1.4365 0.485207
1000000 1.4365 0.336261
1000000 1.4365 0.637332
1000000 1.4365 0.451486
1000000 1.4365 0.57974
1000000 1.4365 0.609039
1000000 1.4365 0.590901
1000000 1.4365 0.342428
1000000 1.4365 0.656675
1000000 1.4365 0.608386
1000000 1.4365 0.326138
1000000 1.4365 0.422857
1000000 1.4365 0.637242
1000000 1.4365 0.248428
1000000 1.4365 0.61574
1000000 1.4365 0.495344
1000000 1.4365 0.625451
1000000 1.4365 0.586322
1000000 1.4365 0.612135
1000000 1.4365 0.479428
1000000 1.4365 0.511569
1000000 1.4365 0.67279
1000000 1.4365 0.436467
1000000 1.4365 0.633386
1000000 1.4365 0.638285
1000000 1.4365 0.501453
1000000 1.4365 0.591549
1000000 1.4365 0.632392
1000000 1.4365 0.494888
1000000 1.4365 0.543805
1000000 1.4365 0.449232
1000000 1.4365 0.540608
1000000 1.4365 0.346106
1000000 1.4365 0.597153
1000000 1.4365 0.64699
1000000 1.4365 0.565132
1000000 1.4365 0.513661
1000000 1.4365 0.663407
1000000 1.4365 0.482114
1000000 1.4365 0.629081
1000000 1.4365 0.533102
1000000 1.4365 0.584021
1000000 1.4365 0.632695
1000000 1.4365 0.67126
1000000 1.4365 0.546841
1000000 1.4365 0.659452
1000000 1.4365 0.368961
1000000 1.4365 0.487852
1000000 1.4365 0.611672
1000000 1.4365 0.59821
1000000 1.4365 0.58357
1000000 1.4365 0.310654
1000000 1.4365 0.512458
1000000 1.4365 0.539213
1000000 1.4365 0.609532
1000000 1.4365 0.239919
1000000 1.4365 0.601155
1000000 1.4365 0.628129
1000000 1.4365 0.627213
1000000 1.4365 0.600637
1000000 1.4365 0.590449
1000000 1.4365 0.648546
1000000 1.4365 0.444789
1000000 1.4365 0.618229
1000000 1.4365 0.488128
1000000 1.4365 0.192514
1000000 1.4365 0.54061
1000000 1.4365 0.607353
1000000 1.4365 0.583757
1000000 1.4365 0.543085
1000000 1.4365 0.560693
1000000 1.4365 0.663378
1000000 1.4365 0.422826
1000000 1.4365 0.519333
1000000 1.4365 0.416006
1000000 1.4365 0.684477
1000000 1.4365 0.64769
1000000 1.4365 0.589592
1000000 1.4365 0.616287
1000000 1.4365 0.658719
1000000 1.4365 0.541129
1000000 1.4365 0.643825
1000000 1.4365 0.633407
1000000 1.4365 0.648511
1000000 1.4365 0.530354
1000000 1.4365 0.659862
1000000 1.4365 0.573411
1000000 1.4365 0.649834
1000000 1.4365 0.521504
1000000 1.4365 0.594236
1000000 1.4365 0.624341
1000000 1.4365 0.231598
1000000 1.4365 0.55513
1000000 1.4365 0.524973
1000000 1.4365 0.622335
1000000 1.4365 0.450024
1000000 1.4365 0.621286
1000000 1.4365 0.658931
1000000 1.4365 0.657484
1000000 1.4365 0.656552
1000000 1.4365 0.590377
1000000 1.4365 0.631506
1000000 1.4365 0.634357
1000000 1.4365 0.53716
1000000 1.4365 0.628966
1000000 1.4365 0.603979
1000000 1.4365 0.690415
1000000 1.4365 0.252237
1000000 1.4365 0.523017
1000000 1.4365 0.622771
1000000 1.4365 0.684935
1000000 1.4365 0.639662
1000000 1.4365 0.649682
1000000 1.4365 0.653248
1000000 1.4365 0.549632
1000000 1.4365 0.606528
1000000 1.4365 0.556996
1000000 1.4365 0.511267
1000000 1.4365 0.602135
1000000 1.4365 0.525582
1000000 1.4365 0.653067
1000000 1.4365 0.630589
1000000 1.4365 0.453795
1000000 1.4365 0.558905
1000000 1.4365 0.596936
1000000 1.4365 0.555241
1000000 1.4365 0.565493
1000000 1.4365 0.64984
1000000 1.4365 0.51735
1000000 1.4365 0.552271
1000000 1.4365 0.635914
1000000 1.4365 0.609008
1000000 1.4365 0.620751
1000000 1.4365 0.47057
1000000 1.4365 0.19649
1000000 1.4365 0.619028
1000000 1.4365 0.546291
1000000 1.4365 0.596512
1000000 1.4365 0.55157
1000000 1.4365 0.615245
1000000 1.4365 0.646822
1000000 1.4365 0.575567
1000000 1.4365 0.538005
1000000 1.4365 0.590873
1000000 1.4365 0.252526
1000000 1.4365 0.575687
1000000 1.4365 0.305457
1000000 1.4365 0.56599
1000000 1.4365 0.608028
1000000 1.4365 0.61986
1000000 1.4365 0.642593
1000000 1.4365 0.605611
1000000 1.4365 0.540927
1000000 1.4365 0.555628
1000000 1.4365 0.662949
1000000 1.4365 0.581914
1000000 1.4365 0.637414
1000000 1.4365 0.489402
1000000 1.4365 0.553428
1000000 1.4365 0.508623
1000000 1.4365 0.437221
1000000 1.4365 0.618968
1000000 1.4365 0.334355
1000000 1.4365 0.586666
1000000 1.4365 0.653145
1000000 1.4365 0.590465
1000000 1.4365 0.538452
1000000 1.4365 0.608954
1000000 1.4365 0.298012
1000000 1.4365 0.645094
1000000 1.4365 0.603458
1000000 1.4365 0.620307
1000000 1.4365 0.631218
1000000 1.4365 0.525815
1000000 1.4365 0.431592
1000000 1.4365 0.398504
1000000 1.4365 0.423437
1000000 1.4365 0.600048
1000000 1.4365 0.617176
1000000 1.4365 0.580096
1000000 1.4365 0.638077
1000000 1.4365 0.539146
1000000 1.4365 0.603705
1000000 1.4365 0.60507
1000000 1.4365 0.556297
1000000 1.4365 0.385147
1000000 1.4365 0.531016
1000000 1.4365 0.570383
1000000 1.4365 0.570787
1000000 1.4365 0.629029
1000000 1.4365 0.572652
1000000 1.4365 0.653883
1000000 1.4365 0.379082
1000000 1.4365 0.415968
1000000 1.4365 0.662199
1000000 1.4365 0.526644
1000000 1.4365 0.480194
1000000 1.4365 0.530743
1000000 1.4365 0.612972
1000000 1.4365 0.386068
1000000 1.4365 0.579633
1000000 1.4365 0.604047
1000000 1.4365 0.585624
1000000 1.4365 0.681158
1000000 1.4365 0.551884
1000000 1.4365 0.652239
1000000 1.4365 0.613342
1000000 1.4365 0.483991
1000000 1.4365 0.446872
1000000 1.4365 0.610185
1000000 1.4365 0.612641
1000000 1.4365 0.668627
1000000 1.4365 0.586168
1000000 1.4365 0.648135
1000000 1.4365 0.363728
1000000 1.4365 0.62706
1000000 1.4365 0.630224
1000000 1.4365 0.54734
1000000 1.4365 0.460925
1000000 1.4365 0.639683
1000000 1.4365 0.665562
1000000 1.4365 0.295533
1000000 1.4365 0.346803
1000000 1.4365 0.543242
1000000 1.4365 0.308768
1000000 1.4365 0.620047
1000000 1.4365 0.649963
1000000 1.4365 0.384092
1000000 1.4365 0.533788
1000000 1.4365 0.569733
1000000 1.4365 0.573437
1000000 1.4365 0.6743
1000000 1.4365 0.586924
1000000 1.4365 0.588188
1000000 1.4365 0.565789
1000000 1.4365 0.557176
1000000 1.4365 0.663863
1000000 1.4365 0.592687
1000000 1.4365 0.582052
1000000 1.4365 0.606228
1000000 1.4365 0.504064
1000000 1.4365 0.501439
1000000 1.4365 0.305777
1000000 1.4365 0.62161
1000000 1.4365 0.423359
1000000 1.4365 0.596537
1000000 1.4365 0.669054
1000000 1.4365 0.716584
1000000 1.4365 0.512811
1000000 1.4365 0.489204
1000000 1.4365 0.227912
1000000 1.4365 0.464419
1000000 1.4365 0.530925
1000000 1.4365 0.595766
1000000 1.4365 0.420301
1000000 1.4365 0.49998
1000000 1.4365 0.659676
1000000 1.4365 0.419374
1000000 1.4365 0.541466
1000000 1.4365 0.620423
1000000 1.4365 0.643864
1000000 1.4365 0.592261
1000000 1.4365 0.616562
1000000 1.4365 0.590497
1000000 1.4365 0.360727
1000000 1.4365 0.645696
1000000 1.4365 0.592561
1000000 1.4365 0.633403
1000000 1.4365 0.579419
1000000 1.4365 0.222466
1000000 1.4365 0.637889
1000000 1.4365 0.67101
1000000 1.4365 0.575596
1000000 1.4365 0.610488
1000000 1.4365 0.618102
1000000 1.4365 0.584665
1000000 1.4365 0.63707
1000000 1.4365 0.435223
1000000 1.4365 0.65947
1000000 1.4365 0.535012
1000000 1.4365 0.435697
1000000 1.4365 0.585356
1000000 1.4365 0.505782
1000000 1.4365 0.528383
1000000 1.4365 0.633117
1000000 1.4365 0.589298
1000000 1.4365 0.596038
1000000 1.4365 0.653974
1000000 1.4365 0.578881
1000000 1.4365 0.316556
1000000 1.4365 0.623543
1000000 1.4365 0.436615
1000000 1.4365 0.27979
1000000 1.4365 0.623074
1000000 1.4365 0.649781
1000000 1.4365 0.67804
1000000 1.4365 0.461658
1000000 1.4365 0.495441
1000000 1.4365 0.622045
1000000 1.4365 0.615805
1000000 1.4365 0.641352
1000000 1.4365 0.620636
1000000 1.4365 0.432231
1000000 1.4365 0.463876
1000000 1.4365 0.648115
1000000 1.4365 0.499885
1000000 1.4365 0.50902
1000000 1.4365 0.560607
1000000 1.4365 0.360005
1000000 1.4365 0.46978
1000000 1.4365 0.39722
1000000 1.4365 0.374281
1000000 1.4365 0.517103
1000000 1.4365 0.661059
1000000 1.4365 0.615611
1000000 1.4365 0.580019
1000000 1.4365 0.687556
1000000 1.4365 0.524033
1000000 1.4365 0.675561
1000000 1.4365 0.6147
1000000 1.4365 0.356666
1000000 1.4365 0.548817
1000000 1.4365 0.577743
1000000 1.4365 0.563032
1000000 1.4365 0.347478
1000000 1.4365 0.401983
1000000 1.4365 0.557461
1000000 1.4365 0.579865
1000000 1.4365 0.560529
1000000 1.4365 0.60798
1000000 1.4365 0.408868
1000000 1.4365 0.632399
1000000 1.4365 0.616018
1000000 1.4365 0.597024
1000000 1.4365 0.464875
1000000 1.4365 0.419892
1000000 1.4365 0.521293
1000000 1.4365 0.501758
1000000 1.4365 0.603184
1000000 1.4365 0.598332
1000000 1.4365 0.597907
1000000 1.4365 0.596918
1000000 1.4365 0.662123
1000000 1.4365 0.633998
1000000 1.4365 0.648226
1000000 1.4365 0.499104
1000000 1.4365 0.62014
1000000 1.4365 0.658176
1000000 1.4365 0.360611
1000000 1.4365 0.57446
1000000 1.4365 0.292241
1000000 1.4365 0.639986
1000000 1.4365 0.543358
1000000 1.4365 0.250567
1000000 1.4365 0.501949
1000000 1.4365 0.537589
1000000 1.4365 0.632735
1000000 1.4365 0.34958
1000000 1.4365 0.441043
1000000 1.4365 0.629002
1000000 1.4365 0.366725
1000000 1.4365 0.641512
1000000 1.4365 0.553004
1000000 1.4365 0.521507
1000000 1.4365 0.41607
1000000 1.4365 0.609543
1000000 1.4365 0.682445
1000000 1.4365 0.512074
1000000 1.4365 0.481942
1000000 1.4365 0.568628
1000000 1.4365 0.511838
1000000 1.4365 0.648612
1000000 1.4365 0.635279
1000000 1.4365 0.609846
1000000 1.4365 0.588329
1000000 1.4365 0.40823
1000000 1.4365 0.667056
1000000 1.4365 0.579006
1000000 1.4365 0.454263
1000000 1.4365 0.344366
1000000 1.4365 0.610795
1000000 1.4365 0.621413
1000000 1.4365 0.627536
1000000 1.4365 0.635332
1000000 1.4365 0.57289
1000000 1.4365 0.620247
1000000 1.4365 0.648159
1000000 1.4365 0.569283
1000000 1.4365 0.588232
1000000 1.4365 0.636579
1000000 1.4365 0.688244
1000000 1.4365 0.555379
1000000 1.4365 0.590712
1000000 1.4365 0.476541
1000000 1.4365 0.446479
1000000 1.4365 0.574841
1000000 1.4365 0.541528
1000000 1.4365 0.231555
1000000 1.4365 0.540971
1000000 1.4365 0.193031
1000000 1.4365 0.506601
1000000 1.4365 0.642037
1000000 1.4365 0.537488
1000000 1.4365 0.573481
1000000 1.4365 0.665423
1000000 1.4365 0.421093
1000000 1.4365 0.61175
1000000 1.4365 0.541668
1000000 1.4365 0.607195
1000000 1.4365 0.54891
1000000 1.4365 0.303204
1000000 1.4365 0.269776
1000000 1.4365 0.314944
1000000 1.4365 0.616618
1000000 1.4365 0.654974
1000000 1.4365 0.382449
1000000 1.4365 0.508758
1000000 1.4365 0.644156
1000000 1.4365 0.582361
1000000 1.4365 0.5744
1000000 1.4365 0.429767
1000000 1.4365 0.649494
1000000 1.4365 0.452733
1000000 1.4365 0.640691
1000000 1.4365 0.636843
1000000 1.4365 0.642733
1000000 1.4365 0.300992
1000000 1.4365 0.438746
1000000 1.4365 0.661008
1000000 1.4365 0.642938
1000000 1.4365 0.4976
1000000 1.4365 0.666357
1000000 1.4365 0.63906
1000000 1.4365 0.602435
1000000 1.4365 0.395341
1000000 1.4365 0.549351
1000000 1.4365 0.642573
1000000 1.4365 0.67478
1000000 1.4365 0.53461
1000000 1.4365 0.496691
1000000 1.4365 0.36993
1000000 1.4365 0.632165
1000000 1.4365 0.688008
1000000 1.4365 0.268427
1000000 1.4365 0.644176
1000000 1.4365 0.612603
1000000 1.4365 0.522748
1000000 1.4365 0.63104
1000000 1.4365 0.644889
1000000 1.4365 0.583001
1000000 1.4365 0.543441
1000000 1.4365 0.471987
1000000 1.4365 0.49775
1000000 1.4365 0.551534
1000000 1.4365 0.646017
1000000 1.4365 0.614214
1000000 1.4365 0.550117
1000000 1.4365 0.586341
1000000 1.4365 0.67947
1000000 1.4365 0.44192
1000000 1.4365 0.529246
1000000 1.4365 0.574061
1000000 1.4365 0.55423
1000000 1.4365 0.350549
1000000 1.4365 0.688622
1000000 1.4365 0.166492
1000000 1.4365 0.442837
1000000 1.4365 0.618499
1000000 1.4365 0.64806
1000000 1.4365 0.24777
1000000 1.4365 0.615741
1000000 1.4365 0.600547
1000000 1.4365 0.60754
1000000 1.4365 0.501543
1000000 1.4365 0.60253
1000000 1.4365 0.638074
1000000 1.4365 0.52006
1000000 1.4365 0.481586
1000000 1.4365 0.641389
1000000 1.4365 0.601032
1000000 1.4365 0.638336
1000000 1.4365 0.345717
1000000 1.4365 0.371677
1000000 1.4365 0.491394
1000000 1.4365 0.493354
1000000 1.4365 0.406446
1000000 1.4365 0.607819
1000000 1.4365 0.381052
1000000 1.4365 0.686175
1000000 1.4365 0.587324
1000000 1.4365 0.450958
1000000 1.4365 0.700727
1000000 1.4365 0.395743
1000000 1.4365 0.564851
1000000 1.4365 0.621431
1000000 1.4365 0.510051
1000000 1.4365 0.576791
1000000 1.4365 0.609308
1000000 1.4365 0.646289
1000000 1.4365 0.563741
1000000 1.4365 0.593734
1000000 1.4365 0.314424
1000000 1.4365 0.466764
1000000 1.4365 0.59894
1000000 1.4365 0.597976
1000000 1.4365 0.587299
1000000 1.4365 0.576373
1000000 1.4365 0.476459
1000000 1.4365 0.571492
1000000 1.4365 0.510357
1000000 1.4365 0.47145
1000000 1.4365 0.554058
1000000 1.4365 0.616231
1000000 1.4365 0.566259
1000000 1.4365 0.324407
1000000 1.4365 0.642788
1000000 1.4365 0.637553
1000000 1.4365 0.591868
1000000 1.4365 0.573608
1000000 1.4365 0.469699
1000000 1.4365 0.397032
1000000 1.4365 0.239327
1000000 1.4365 0.568942
1000000 1.4365 0.58864
1000000 1.4365 0.530985
1000000 1.4365 0.373935
1000000 1.4365 0.59354
1000000 1.4365 0.675996
1000000 1.4365 0.561303
1000000 1.4365 0.626119
1000000 1.4365 0.61319
1000000 1.4365 0.463711
1000000 1.4365 0.435547
1000000 1.4365 0.202101
1000000 1.4365 0.683264
1000000 1.4365 0.18405
1000000 1.4365 0.583541
1000000 1.4365 0.256098
1000000 1.4365 0.394263
1000000 1.4365 0.668272
1000000 1.4365 0.631194
1000000 1.4365 0.611426
1000000 1.4365 0.565833
1000000 1.4365 0.633308
1000000 1.4365 0.674841
1000000 1.4365 0.467452
1000000 1.4365 0.585672
1000000 1.4365 0.600409
1000000 1.4365 0.611005
1000000 1.4365 0.608175
1000000 1.4365 0.653509
1000000 1.4365 0.625159
1000000 1.4365 0.142198
1000000 1.4365 0.655557
1000000 1.4365 0.651807
1000000 1.4365 0.639498
1000000 1.4365 0.597017
1000000 1.4365 0.630572
1000000 1.4365 0.656926
1000000 1.4365 0.397441
1000000 1.4365 0.673083
1000000 1.4365 0.558718
1000000 1.4365 0.395874
1000000 1.4365 0.591563
1000000 1.4365 0.458521
1000000 1.4365 0.305574
1000000 1.4365 0.553382
1000000 1.4365 0.590602
1000000 1.4365 0.550721
1000000 1.4365 0.625976
1000000 1.4365 0.457923
1000000 1.4365 0.656792
1000000 1.4365 0.617929
1000000 1.4365 0.279322
1000000 1.4365 0.637095
1000000 1.4365 0.643063
1000000 1.4365 0.703858
1000000 1.4365 0.618728
1000000 1.4365 0.341841
1000000 1.4365 0.583407
1000000 1.4365 0.639306
1000000 1.4365 0.382952
1000000 1.4365 0.630142
1000000 1.4365 0.372588
1000000 1.4365 0.559491
1000000 1.4365 0.491641
1000000 1.4365 0.520759
1000000 1.4365 0.61392
1000000 1.4365 0.572231
1000000 1.4365 0.552189
1000000 1.4365 0.438822
1000000 1.4365 0.668487
1000000 1.4365 0.602473
1000000 1.4365 0.242627
1000000 1.4365 0.601451
1000000 1.4365 0.621686
1000000 1.4365 0.588923
1000000 1.4365 0.49931
1000000 1.4365 0.262607
1000000 1.4365 0.574668
1000000 1.4365 0.571403
1000000 1.4365 0.633571
1000000 1.4365 0.516364
1000000 1.4365 0.630792
1000000 1.4365 0.614945
1000000 1.4365 0.566769
1000000 1.4365 0.589861
1000000 1.4365 0.61826
1000000 1.4365 0.526352
1000000 1.4365 0.525571
1000000 1.4365 0.6335
1000000 1.4365 0.576901
1000000 1.4365 0.265793
1000000 1.4365 0.668844
1000000 1.4365 0.642076
1000000 1.4365 0.615024
1000000 1.4365 0.550666
1000000 1.4365 0.588776
1000000 1.4365 0.643039
1000000 1.4365 0.469845
1000000 1.4365 0.641954
1000000 1.4365 0.591754
1000000 1.4365 0.545471
1000000 1.4365 0.688842
1000000 1.4365 0.599935
1000000 1.4365 0.436527
1000000 1.4365 0.201827
1000000 1.4365 0.608206
1000000 1.4365 0.531989
1000000 1.4365 0.634712
1000000 1.4365 0.609378
1000000 1.4365 0.581465
1000000 1.4365 0.61888
1000000 1.4365 0.528274
1000000 1.4365 0.580022
1000000 1.4365 0.416345
1000000 1.4365 0.632409
1000000 1.4365 0.330839
1000000 1.4365 0.592485
1000000 1.4365 0.439169
1000000 1.4365 0.528348
1000000 1.4365 0.474459
1000000 1.4365 0.696732
1000000 1.4365 0.590672
1000000 1.4365 0.628961
1000000 1.4365 0.625468
1000000 1.4365 0.551902
1000000 1.4365 0.65548
1000000 1.4365 0.679832
1000000 1.4365 0.528754
1000000 1.4365 0.52627
1000000 1.4365 0.627722
1000000 1.4365 0.629796
1000000 1.4365 0.388114
1000000 1.4365 0.505394
1000000 1.4365 0.567947
1000000 1.4365 0.350997
1000000 1.4365 0.596146
1000000 1.4365 0.478225
1000000 1.4365 0.623346
1000000 1.4365 0.658603
1000000 1.4365 0.611112
1000000 1.4365 0.582055
1000000 1.4365 0.69054
1000000 1.4365 0.551922
1000000 1.4365 0.660728
1000000 1.4365 0.493938
1000000 1.4365 0.324461
1000000 1.4365 0.542538
1000000 1.4365 0.604264
1000000 1.4365 0.632041
1000000 1.4365 0.613051
1000000 1.4365 0.547904
1000000 1.4365 0.34318
1000000 1.4365 0.645753
1000000 1.4365 0.607658
1000000 1.4365 0.617294
1000000 1.4365 0.544903
1000000 1.4365 0.354162
1000000 1.4365 0.617699
1000000 1.4365 0.648477
1000000 1.4365 0.603972
1000000 1.4365 0.619615
1000000 1.4365 0.597996
1000000 1.4365 0.616751
1000000 1.4365 0.593697
1000000 1.4365 0.571955
1000000 1.4365 0.505386
1000000 1.4365 0.495504
1000000 1.4365 0.640982
1000000 1.4365 0.667426
1000000 1.4365 0.606514
1000000 1.4365 0.433923
1000000 1.4365 0.612386
1000000 1.4365 0.556617
1000000 1.4365 0.634571
1000000 1.4365 0.593934
1000000 1.4365 0.636804
1000000 1.4365 0.630377
1000000 1.4365 0.655771
1000000 1.4365 0.575181
1000000 1.4365 0.664828
1000000 1.4365 0.643325
1000000 1.4365 0.329988
1000000 1.4365 0.616046
1000000 1.4365 0.387624
1000000 1.4365 0.645131
1000000 1.4365 0.631452
1000000 1.4365 0.509548
1000000 1.4365 0.630859
1000000 1.4365 0.419079
1000000 1.4365 0.531412
1000000 1.4365 0.659243
1000000 1.4365 0.446915
1000000 1.4365 0.61046
1000000 1.4365 0.626582
1000000 1.4365 0.669785
1000000 1.4365 0.354418
1000000 1.4365 0.225066
1000000 1.4365 0.236391
1000000 1.4365 0.57462
1000000 1.4365 0.458708
1000000 1.4365 0.538884
1000000 1.4365 0.526776
1000000 1.4365 0.495089
1000000 1.4365 0.648287
1000000 1.4365 0.649699
1000000 1.4365 0.617135
1000000 1.4365 0.431593
1000000 1.4365 0.614838
1000000 1.4365 0.577391
1000000 1.4365 0.455085
1000000 1.4365 0.305104
1000000 1.4365 0.631767
1000000 1.4365 0.529389
1000000 1.4365 0.433922
1000000 1.4365 0.623218
1000000 1.4365 0.553739
1000000 1.4365 0.658918
1000000 1.4365 0.362355
1000000 1.4365 0.65636
1000000 1.4365 0.50066
1000000 1.4365 0.594996
1000000 1.4365 0.532963
1000000 1.4365 0.663861
1000000 1.4365 0.661741
1000000 1.4365 0.671988
1000000 1.4365 0.586585
1000000 1.4365 0.588803
1000000 1.4365 0.284271
1000000 1.4365 0.606857
1000000 1.4365 0.554329
1000000 1.4365 0.522099
1000000 1.4365 0.425964
1000000 1.4365 0.429837
1000000 1.4365 0.553921
1000000 1.4365 0.579436
1000000 1.4365 0.635308
1000000 1.4365 0.571175
1000000 1.4365 0.502323
1000000 1.4365 0.591057
1000000 1.4365 0.688969
1000000 1.4365 0.493726
1000000 1.4365 0.606792
1000000 1.4365 0.588079
1000000 1.4365 0.626772
1000000 1.4365 0.591882
1000000 1.4365 0.631503
1000000 1.4365 0.652836
1000000 1.4365 0.593944
1000000 1.4365 0.212146
1000000 1.4365 0.648449
