1000 1.4365 0.93
1000 1.4365 0.741
1000 1.4365 0.91
1000 1.4365 0.613
1000 1.4365 0.775
1000 1.4365 0.872
1000 1.4365 0.773
1000 1.4365 0.896
1000 1.4365 0.7
1000 1.4365 0.605
1000 1.4365 0.867
1000 1.4365 0.699
1000 1.4365 0.797
1000 1.4365 0.758
1000 1.4365 0.872
1000 1.4365 0.51
1000 1.4365 0.843
1000 1.4365 0.754
1000 1.4365 0.453
1000 1.4365 0.804
1000 1.4365 0.9
1000 1.4365 0.664
1000 1.4365 0.802
1000 1.4365 0.665
1000 1.4365 0.961
1000 1.4365 0.924
1000 1.4365 0.695
1000 1.4365 0.832
1000 1.4365 0.687
1000 1.4365 0.888
1000 1.4365 0.836
1000 1.4365 0.805
1000 1.4365 0.797
1000 1.4365 0.829
1000 1.4365 0.88
1000 1.4365 0.855
1000 1.4365 0.884
1000 1.4365 0.857
1000 1.4365 0.716
1000 1.4365 0.765
1000 1.4365 0.678
1000 1.4365 0.875
1000 1.4365 0.551
1000 1.4365 0.826
1000 1.4365 0.891
1000 1.4365 0.844
1000 1.4365 0.846
1000 1.4365 0.71
1000 1.4365 0.788
1000 1.4365 0.92
1000 1.4365 0.645
1000 1.4365 0.876
1000 1.4365 0.918
1000 1.4365 0.655
1000 1.4365 0.73
1000 1.4365 0.853
1000 1.4365 0.871
1000 1.4365 0.9
1000 1.4365 0.959
1000 1.4365 0.722
1000 1.4365 0.908
1000 1.4365 0.895
1000 1.4365 0.853
1000 1.4365 0.749
1000 1.4365 0.77
1000 1.4365 0.937
1000 1.4365 0.895
1000 1.4365 0.44
1000 1.4365 0.437
1000 1.4365 0.808
1000 1.4365 0.851
1000 1.4365 0.536
1000 1.4365 0.875
1000 1.4365 0.736
1000 1.4365 0.8
1000 1.4365 0.867
1000 1.4365 0.844
1000 1.4365 0.855
1000 1.4365 0.901
1000 1.4365 0.734
1000 1.4365 0.477
1000 1.4365 0.311
1000 1.4365 0.811
1000 1.4365 0.639
1000 1.4365 0.51
1000 1.4365 0.777
1000 1.4365 0.877
1000 1.4365 0.931
1000 1.4365 0.758
1000 1.4365 0.929
1000 1.4365 0.606
1000 1.4365 0.864
1000 1.4365 0.708
1000 1.4365 0.84
1000 1.4365 0.938
1000 1.4365 0.633
1000 1.4365 0.843
1000 1.4365 0.888
1000 1.4365 0.879
1000 1.4365 0.523
1000 1.4365 0.872
1000 1.4365 0.842
1000 1.4365 0.936
1000 1.4365 0.645
1000 1.4365 0.88
1000 1.4365 0.703
1000 1.4365 0.66
1000 1.4365 0.907
1000 1.4365 0.701
1000 1.4365 0.845
1000 1.4365 0.818
1000 1.4365 0.467
1000 1.4365 0.8
1000 1.4365 0.411
1000 1.4365 0.82
1000 1.4365 0.419
1000 1.4365 0.893
1000 1.4365 0.88
1000 1.4365 0.854
1000 1.4365 0.694
1000 1.4365 0.856
1000 1.4365 0.797
1000 1.4365 0.91
1000 1.4365 0.929
1000 1.4365 0.805
1000 1.4365 0.815
1000 1.4365 0.83
1000 1.4365 0.877
1000 1.4365 0.862
1000 1.4365 0.803
1000 1.4365 0.895
1000 1.4365 0.577
1000 1.4365 0.942
1000 1.4365 0.831
1000 1.4365 0.963
1000 1.4365 0.832
1000 1.4365 0.928
1000 1.4365 0.697
1000 1.4365 0.873
1000 1.4365 0.886
1000 1.4365 0.917
1000 1.4365 0.82
1000 1.4365 0.902
1000 1.4365 0.94
1000 1.4365 0.861
1000 1.4365 0.836
1000 1.4365 0.848
1000 1.4365 0.711
1000 1.4365 0.854
1000 1.4365 0.832
1000 1.4365 0.565
1000 1.4365 0.674
1000 1.4365 0.889
1000 1.4365 0.959
1000 1.4365 0.478
1000 1.4365 0.589
1000 1.4365 0.901
1000 1.4365 0.88
1000 1.4365 0.315
1000 1.4365 0.817
1000 1.4365 0.848
1000 1.4365 0.797
1000 1.4365 0.891
1000 1.4365 0.801
1000 1.4365 0.878
1000 1.4365 0.913
1000 1.4365 0.834
1000 1.4365 0.876
1000 1.4365 0.672
1000 1.4365 0.935
1000 1.4365 0.784
1000 1.4365 0.348
1000 1.4365 0.901
1000 1.4365 0.78
1000 1.4365 0.921
1000 1.4365 0.89
1000 1.4365 0.891
1000 1.4365 0.83
1000 1.4365 0.754
1000 1.4365 0.836
1000 1.4365 0.612
1000 1.4365 0.788
1000 1.4365 0.938
1000 1.4365 0.865
1000 1.4365 0.799
1000 1.4365 0.867
1000 1.4365 0.862
1000 1.4365 0.831
1000 1.4365 0.822
1000 1.4365 0.632
1000 1.4365 0.797
1000 1.4365 0.477
1000 1.4365 0.841
1000 1.4365 0.909
1000 1.4365 0.95
1000 1.4365 0.84
1000 1.4365 0.891
1000 1.4365 0.895
1000 1.4365 0.644
1000 1.4365 0.918
1000 1.4365 0.934
1000 1.4365 0.893
1000 1.4365 0.825
1000 1.4365 0.925
1000 1.4365 0.881
1000 1.4365 0.815
1000 1.4365 0.844
1000 1.4365 0.879
1000 1.4365 0.846
1000 1.4365 0.784
1000 1.4365 0.895
1000 1.4365 0.807
1000 1.4365 0.647
1000 1.4365 0.503
1000 1.4365 0.754
1000 1.4365 0.824
1000 1.4365 0.63
1000 1.4365 0.813
1000 1.4365 0.959
1000 1.4365 0.917
1000 1.4365 0.85
1000 1.4365 0.797
1000 1.4365 0.941
1000 1.4365 0.836
1000 1.4365 0.735
1000 1.4365 0.794
1000 1.4365 0.827
1000 1.4365 0.681
1000 1.4365 0.837
1000 1.4365 0.658
1000 1.4365 0.893
1000 1.4365 0.716
1000 1.4365 0.778
1000 1.4365 0.767
1000 1.4365 0.914
1000 1.4365 0.719
1000 1.4365 0.811
1000 1.4365 0.484
1000 1.4365 0.839
1000 1.4365 0.946
1000 1.4365 0.91
1000 1.4365 0.693
1000 1.4365 0.593
1000 1.4365 0.843
1000 1.4365 0.871
1000 1.4365 0.818
1000 1.4365 0.838
1000 1.4365 0.871
1000 1.4365 0.809
1000 1.4365 0.501
1000 1.4365 0.905
1000 1.4365 0.754
1000 1.4365 0.49
1000 1.4365 0.883
1000 1.4365 0.783
1000 1.4365 0.942
1000 1.4365 0.929
1000 1.4365 0.93
1000 1.4365 0.9
1000 1.4365 0.721
1000 1.4365 0.481
1000 1.4365 0.492
1000 1.4365 0.913
1000 1.4365 0.61
1000 1.4365 0.825
1000 1.4365 0.858
1000 1.4365 0.887
1000 1.4365 0.907
1000 1.4365 0.78
1000 1.4365 0.878
1000 1.4365 0.812
1000 1.4365 0.88
1000 1.4365 0.867
1000 1.4365 0.824
1000 1.4365 0.775
1000 1.4365 0.882
1000 1.4365 0.885
1000 1.4365 0.885
1000 1.4365 0.917
1000 1.4365 0.622
1000 1.4365 0.865
1000 1.4365 0.892
1000 1.4365 0.881
1000 1.4365 0.936
1000 1.4365 0.78
1000 1.4365 0.578
1000 1.4365 0.899
1000 1.4365 0.921
1000 1.4365 0.898
1000 1.4365 0.921
1000 1.4365 0.797
1000 1.4365 0.812
1000 1.4365 0.896
1000 1.4365 0.889
1000 1.4365 0.68
1000 1.4365 0.89
1000 1.4365 0.618
1000 1.4365 0.909
1000 1.4365 0.848
1000 1.4365 0.902
1000 1.4365 0.849
1000 1.4365 0.907
1000 1.4365 0.882
1000 1.4365 0.773
1000 1.4365 0.901
1000 1.4365 0.692
1000 1.4365 0.679
1000 1.4365 0.892
1000 1.4365 0.745
1000 1.4365 0.933
1000 1.4365 0.763
1000 1.4365 0.89
1000 1.4365 0.664
1000 1.4365 0.853
1000 1.4365 0.732
1000 1.4365 0.934
1000 1.4365 0.9
1000 1.4365 0.302
1000 1.4365 0.534
1000 1.4365 0.787
1000 1.4365 0.834
1000 1.4365 0.921
1000 1.4365 0.84
1000 1.4365 0.848
1000 1.4365 0.953
1000 1.4365 0.953
1000 1.4365 0.57
1000 1.4365 0.876
1000 1.4365 0.644
1000 1.4365 0.647
1000 1.4365 0.756
1000 1.4365 0.887
1000 1.4365 0.752
1000 1.4365 0.797
1000 1.4365 0.652
1000 1.4365 0.891
1000 1.4365 0.852
1000 1.4365 0.845
1000 1.4365 0.368
1000 1.4365 0.94
1000 1.4365 0.9
1000 1.4365 0.803
1000 1.4365 0.524
1000 1.4365 0.863
1000 1.4365 0.75
1000 1.4365 0.898
1000 1.4365 0.855
1000 1.4365 0.5
1000 1.4365 0.53
1000 1.4365 0.647
1000 1.4365 0.697
1000 1.4365 0.874
1000 1.4365 0.886
1000 1.4365 0.723
1000 1.4365 0.87
1000 1.4365 0.752
1000 1.4365 0.914
1000 1.4365 0.811
1000 1.4365 0.92
1000 1.4365 0.858
1000 1.4365 0.67
1000 1.4365 0.606
1000 1.4365 0.893
1000 1.4365 0.742
1000 1.4365 0.809
1000 1.4365 0.777
1000 1.4365 0.441
1000 1.4365 0.553
1000 1.4365 0.914
1000 1.4365 0.945
1000 1.4365 0.933
1000 1.4365 0.928
1000 1.4365 0.853
1000 1.4365 0.798
1000 1.4365 0.885
1000 1.4365 0.918
1000 1.4365 0.82
1000 1.4365 0.924
1000 1.4365 0.916
1000 1.4365 0.865
1000 1.4365 0.825
1000 1.4365 0.899
1000 1.4365 0.864
1000 1.4365 0.809
1000 1.4365 0.755
1000 1.4365 0.86
1000 1.4365 0.705
1000 1.4365 0.766
1000 1.4365 0.813
1000 1.4365 0.629
1000 1.4365 0.79
1000 1.4365 0.597
1000 1.4365 0.829
1000 1.4365 0.78
1000 1.4365 0.904
1000 1.4365 0.824
1000 1.4365 0.77
1000 1.4365 0.894
1000 1.4365 0.559
1000 1.4365 0.722
1000 1.4365 0.813
1000 1.4365 0.799
1000 1.4365 0.713
1000 1.4365 0.813
1000 1.4365 0.91
1000 1.4365 0.895
1000 1.4365 0.795
1000 1.4365 0.828
1000 1.4365 0.841
1000 1.4365 0.873
1000 1.4365 0.838
1000 1.4365 0.648
1000 1.4365 0.822
1000 1.4365 0.517
1000 1.4365 0.884
1000 1.4365 0.716
1000 1.4365 0.388
1000 1.4365 0.93
1000 1.4365 0.894
1000 1.4365 0.797
1000 1.4365 0.924
1000 1.4365 0.814
1000 1.4365 0.309
1000 1.4365 0.931
1000 1.4365 0.795
1000 1.4365 0.535
1000 1.4365 0.848
1000 1.4365 0.869
1000 1.4365 0.808
1000 1.4365 0.858
1000 1.4365 0.67
1000 1.4365 0.901
1000 1.4365 0.829
1000 1.4365 0.839
1000 1.4365 0.593
1000 1.4365 0.874
1000 1.4365 0.872
1000 1.4365 0.765
1000 1.4365 0.567
1000 1.4365 0.895
1000 1.4365 0.879
1000 1.4365 0.787
1000 1.4365 0.907
1000 1.4365 0.867
1000 1.4365 0.844
1000 1.4365 0.892
1000 1.4365 0.875
1000 1.4365 0.952
1000 1.4365 0.868
1000 1.4365 0.873
1000 1.4365 0.696
1000 1.4365 0.896
1000 1.4365 0.839
1000 1.4365 0.879
1000 1.4365 0.896
1000 1.4365 0.728
1000 1.4365 0.787
1000 1.4365 0.886
1000 1.4365 0.833
1000 1.4365 0.817
1000 1.4365 0.642
1000 1.4365 0.792
1000 1.4365 0.814
1000 1.4365 0.602
1000 1.4365 0.748
1000 1.4365 0.844
1000 1.4365 0.787
1000 1.4365 0.908
1000 1.4365 0.865
1000 1.4365 0.946
1000 1.4365 0.835
1000 1.4365 0.832
1000 1.4365 0.653
1000 1.4365 0.931
1000 1.4365 0.886
1000 1.4365 0.647
1000 1.4365 0.791
1000 1.4365 0.828
1000 1.4365 0.859
1000 1.4365 0.891
1000 1.4365 0.909
1000 1.4365 0.951
1000 1.4365 0.685
1000 1.4365 0.852
1000 1.4365 0.652
1000 1.4365 0.885
1000 1.4365 0.859
1000 1.4365 0.862
1000 1.4365 0.681
1000 1.4365 0.899
1000 1.4365 0.725
1000 1.4365 0.803
1000 1.4365 0.814
1000 1.4365 0.86
1000 1.4365 0.924
1000 1.4365 0.818
1000 1.4365 0.437
1000 1.4365 0.522
1000 1.4365 0.822
1000 1.4365 0.901
1000 1.4365 0.909
1000 1.4365 0.749
1000 1.4365 0.826
1000 1.4365 0.47
1000 1.4365 0.931
1000 1.4365 0.632
1000 1.4365 0.81
1000 1.4365 0.591
1000 1.4365 0.822
1000 1.4365 0.687
1000 1.4365 0.883
1000 1.4365 0.906
1000 1.4365 0.693
1000 1.4365 0.878
1000 1.4365 0.804
1000 1.4365 0.931
1000 1.4365 0.488
1000 1.4365 0.753
1000 1.4365 0.825
1000 1.4365 0.898
1000 1.4365 0.845
1000 1.4365 0.837
1000 1.4365 0.896
1000 1.4365 0.884
1000 1.4365 0.527
1000 1.4365 0.896
1000 1.4365 0.908
1000 1.4365 0.925
1000 1.4365 0.778
1000 1.4365 0.883
1000 1.4365 0.647
1000 1.4365 0.884
1000 1.4365 0.881
1000 1.4365 0.92
1000 1.4365 0.446
1000 1.4365 0.864
1000 1.4365 0.868
1000 1.4365 0.921
1000 1.4365 0.681
1000 1.4365 0.905
1000 1.4365 0.792
1000 1.4365 0.407
1000 1.4365 0.884
1000 1.4365 0.411
1000 1.4365 0.835
1000 1.4365 0.857
1000 1.4365 0.472
1000 1.4365 0.918
1000 1.4365 0.888
1000 1.4365 0.74
1000 1.4365 0.889
1000 1.4365 0.774
1000 1.4365 0.924
1000 1.4365 0.894
1000 1.4365 0.683
1000 1.4365 0.973
1000 1.4365 0.706
1000 1.4365 0.365
1000 1.4365 0.769
1000 1.4365 0.905
1000 1.4365 0.716
1000 1.4365 0.712
1000 1.4365 0.787
1000 1.4365 0.564
1000 1.4365 0.867
1000 1.4365 0.76
1000 1.4365 0.781
1000 1.4365 0.891
1000 1.4365 0.818
1000 1.4365 0.903
1000 1.4365 0.845
1000 1.4365 0.872
1000 1.4365 0.763
1000 1.4365 0.754
1000 1.4365 0.878
1000 1.4365 0.861
1000 1.4365 0.922
1000 1.4365 0.928
1000 1.4365 0.935
1000 1.4365 0.809
1000 1.4365 0.654
1000 1.4365 0.666
1000 1.4365 0.802
1000 1.4365 0.834
1000 1.4365 0.809
1000 1.4365 0.65
1000 1.4365 0.559
1000 1.4365 0.891
1000 1.4365 0.801
1000 1.4365 0.714
1000 1.4365 0.765
1000 1.4365 0.864
1000 1.4365 0.816
1000 1.4365 0.686
1000 1.4365 0.935
1000 1.4365 0.887
1000 1.4365 0.895
1000 1.4365 0.891
1000 1.4365 0.856
1000 1.4365 0.807
1000 1.4365 0.886
1000 1.4365 0.922
1000 1.4365 0.865
1000 1.4365 0.84
1000 1.4365 0.869
1000 1.4365 0.889
1000 1.4365 0.834
1000 1.4365 0.735
1000 1.4365 0.919
1000 1.4365 0.553
1000 1.4365 0.898
1000 1.4365 0.694
1000 1.4365 0.906
1000 1.4365 0.788
1000 1.4365 0.79
1000 1.4365 0.676
1000 1.4365 0.83
1000 1.4365 0.822
1000 1.4365 0.753
1000 1.4365 0.524
1000 1.4365 0.9
1000 1.4365 0.777
1000 1.4365 0.757
1000 1.4365 0.81
1000 1.4365 0.89
1000 1.4365 0.842
1000 1.4365 0.811
1000 1.4365 0.89
1000 1.4365 0.674
1000 1.4365 0.724
1000 1.4365 0.78
1000 1.4365 0.883
1000 1.4365 0.789
1000 1.4365 0.66
1000 1.4365 0.728
1000 1.4365 0.928
1000 1.4365 0.893
1000 1.4365 0.596
1000 1.4365 0.888
1000 1.4365 0.87
1000 1.4365 0.908
1000 1.4365 0.837
1000 1.4365 0.82
1000 1.4365 0.883
1000 1.4365 0.664
1000 1.4365 0.779
1000 1.4365 0.874
1000 1.4365 0.887
1000 1.4365 0.826
1000 1.4365 0.909
1000 1.4365 0.921
1000 1.4365 0.881
1000 1.4365 0.825
1000 1.4365 0.798
1000 1.4365 0.756
1000 1.4365 0.896
1000 1.4365 0.847
1000 1.4365 0.863
1000 1.4365 0.746
1000 1.4365 0.8
1000 1.4365 0.773
1000 1.4365 0.911
1000 1.4365 0.958
1000 1.4365 0.873
1000 1.4365 0.905
1000 1.4365 0.545
1000 1.4365 0.903
1000 1.4365 0.928
1000 1.4365 0.886
1000 1.4365 0.879
1000 1.4365 0.716
1000 1.4365 0.89
1000 1.4365 0.848
1000 1.4365 0.88
1000 1.4365 0.639
1000 1.4365 0.513
1000 1.4365 0.896
1000 1.4365 0.611
1000 1.4365 0.847
1000 1.4365 0.706
1000 1.4365 0.73
1000 1.4365 0.951
1000 1.4365 0.858
1000 1.4365 0.862
1000 1.4365 0.881
1000 1.4365 0.766
1000 1.4365 0.792
1000 1.4365 0.443
1000 1.4365 0.871
1000 1.4365 0.476
1000 1.4365 0.889
1000 1.4365 0.848
1000 1.4365 0.884
1000 1.4365 0.78
1000 1.4365 0.829
1000 1.4365 0.626
1000 1.4365 0.929
1000 1.4365 0.734
1000 1.4365 0.865
1000 1.4365 0.931
1000 1.4365 0.606
1000 1.4365 0.848
1000 1.4365 0.905
1000 1.4365 0.772
1000 1.4365 0.891
1000 1.4365 0.834
1000 1.4365 0.753
1000 1.4365 0.924
1000 1.4365 0.805
1000 1.4365 0.889
1000 1.4365 0.828
1000 1.4365 0.899
1000 1.4365 0.887
1000 1.4365 0.818
1000 1.4365 0.895
1000 1.4365 0.899
1000 1.4365 0.646
1000 1.4365 0.363
1000 1.4365 0.731
1000 1.4365 0.954
1000 1.4365 0.901
1000 1.4365 0.709
1000 1.4365 0.698
1000 1.4365 0.706
1000 1.4365 0.891
1000 1.4365 0.727
1000 1.4365 0.896
1000 1.4365 0.827
1000 1.4365 0.723
1000 1.4365 0.422
1000 1.4365 0.771
1000 1.4365 0.781
1000 1.4365 0.508
1000 1.4365 0.531
1000 1.4365 0.866
1000 1.4365 0.937
1000 1.4365 0.676
1000 1.4365 0.915
1000 1.4365 0.849
1000 1.4365 0.797
1000 1.4365 0.695
1000 1.4365 0.927
1000 1.4365 0.462
1000 1.4365 0.883
1000 1.4365 0.695
1000 1.4365 0.923
1000 1.4365 0.94
1000 1.4365 0.882
1000 1.4365 0.558
1000 1.4365 0.907
1000 1.4365 0.599
1000 1.4365 0.903
1000 1.4365 0.935
1000 1.4365 0.935
1000 1.4365 0.636
1000 1.4365 0.879
1000 1.4365 0.796
1000 1.4365 0.875
1000 1.4365 0.822
1000 1.4365 0.845
1000 1.4365 0.844
1000 1.4365 0.631
1000 1.4365 0.871
1000 1.4365 0.777
1000 1.4365 0.607
1000 1.4365 0.873
1000 1.4365 0.808
1000 1.4365 0.895
1000 1.4365 0.757
1000 1.4365 0.822
1000 1.4365 0.906
1000 1.4365 0.933
1000 1.4365 0.458
1000 1.4365 0.874
1000 1.4365 0.58
1000 1.4365 0.541
1000 1.4365 0.764
1000 1.4365 0.463
1000 1.4365 0.922
1000 1.4365 0.872
1000 1.4365 0.919
1000 1.4365 0.902
1000 1.4365 0.965
1000 1.4365 0.792
1000 1.4365 0.837
1000 1.4365 0.784
1000 1.4365 0.66
1000 1.4365 0.494
1000 1.4365 0.855
1000 1.4365 0.748
1000 1.4365 0.704
1000 1.4365 0.904
1000 1.4365 0.674
1000 1.4365 0.915
1000 1.4365 0.655
1000 1.4365 0.851
1000 1.4365 0.559
1000 1.4365 0.581
1000 1.4365 0.86
1000 1.4365 0.586
1000 1.4365 0.875
1000 1.4365 0.867
1000 1.4365 0.862
1000 1.4365 0.782
1000 1.4365 0.879
1000 1.4365 0.949
1000 1.4365 0.932
1000 1.4365 0.906
1000 1.4365 0.941
1000 1.4365 0.716
1000 1.4365 0.691
1000 1.4365 0.651
1000 1.4365 0.784
1000 1.4365 0.764
1000 1.4365 0.858
1000 1.4365 0.451
1000 1.4365 0.834
1000 1.4365 0.547
1000 1.4365 0.872
1000 1.4365 0.444
1000 1.4365 0.865
1000 1.4365 0.882
1000 1.4365 0.77
1000 1.4365 0.859
1000 1.4365 0.89
1000 1.4365 0.754
1000 1.4365 0.854
1000 1.4365 0.622
1000 1.4365 0.849
1000 1.4365 0.917
1000 1.4365 0.834
1000 1.4365 0.787
1000 1.4365 0.871
1000 1.4365 0.881
1000 1.4365 0.826
1000 1.4365 0.847
1000 1.4365 0.456
1000 1.4365 0.932
1000 1.4365 0.871
1000 1.4365 0.761
1000 1.4365 0.842
1000 1.4365 0.66
1000 1.4365 0.966
1000 1.4365 0.915
1000 1.4365 0.876
1000 1.4365 0.91
1000 1.4365 0.875
1000 1.4365 0.87
1000 1.4365 0.708
1000 1.4365 0.735
1000 1.4365 0.915
1000 1.4365 0.718
1000 1.4365 0.888
1000 1.4365 0.907
1000 1.4365 0.879
1000 1.4365 0.89
1000 1.4365 0.758
1000 1.4365 0.878
1000 1.4365 0.899
1000 1.4365 0.628
1000 1.4365 0.878
1000 1.4365 0.745
1000 1.4365 0.578
1000 1.4365 0.846
1000 1.4365 0.866
1000 1.4365 0.845
1000 1.4365 0.826
1000 1.4365 0.877
1000 1.4365 0.759
1000 1.4365 0.825
1000 1.4365 0.95
1000 1.4365 0.899
1000 1.4365 0.453
1000 1.4365 0.893
1000 1.4365 0.92
1000 1.4365 0.677
1000 1.4365 0.755
1000 1.4365 0.68
1000 1.4365 0.742
1000 1.4365 0.828
1000 1.4365 0.672
1000 1.4365 0.933
1000 1.4365 0.908
1000 1.4365 0.325
1000 1.4365 0.481
1000 1.4365 0.758
1000 1.4365 0.873
1000 1.4365 0.787
1000 1.4365 0.364
1000 1.4365 0.831
1000 1.4365 0.869
1000 1.4365 0.636
1000 1.4365 0.923
1000 1.4365 0.814
1000 1.4365 0.849
1000 1.4365 0.904
1000 1.4365 0.85
1000 1.4365 0.903
1000 1.4365 0.51
1000 1.4365 0.861
1000 1.4365 0.861
1000 1.4365 0.93
1000 1.4365 0.445
1000 1.4365 0.916
1000 1.4365 0.786
1000 1.4365 0.867
1000 1.4365 0.793
1000 1.4365 0.873
1000 1.4365 0.819
1000 1.4365 0.792
1000 1.4365 0.955
1000 1.4365 0.499
1000 1.4365 0.845
1000 1.4365 0.548
1000 1.4365 0.785
1000 1.4365 0.837
1000 1.4365 0.805
1000 1.4365 0.751
1000 1.4365 0.803
1000 1.4365 0.884
1000 1.4365 0.878
1000 1.4365 0.784
1000 1.4365 0.735
1000 1.4365 0.958
1000 1.4365 0.818
1000 1.4365 0.907
1000 1.4365 0.593
1000 1.4365 0.904
1000 1.4365 0.899
1000 1.4365 0.342
1000 1.4365 0.792
1000 1.4365 0.872
1000 1.4365 0.842
1000 1.4365 0.904
1000 1.4365 0.784
1000 1.4365 0.913
1000 1.4365 0.5
1000 1.4365 0.821
1000 1.4365 0.583
1000 1.4365 0.607
1000 1.4365 0.89
1000 1.4365 0.698
1000 1.4365 0.812
1000 1.4365 0.867
1000 1.4365 0.896
1000 1.4365 0.827
1000 1.4365 0.936
1000 1.4365 0.891
1000 1.4365 0.843
1000 1.4365 0.83
1000 1.4365 0.737
1000 1.4365 0.941
1000 1.4365 0.396
1000 1.4365 0.849
1000 1.4365 0.887
1000 1.4365 0.917
1000 1.4365 0.886
1000 1.4365 0.79
1000 1.4365 0.719
1000 1.4365 0.234
1000 1.4365 0.605
1000 1.4365 0.812
1000 1.4365 0.835
1000 1.4365 0.9
1000 1.4365 0.646
1000 1.4365 0.9
1000 1.4365 0.93
1000 1.4365 0.798
1000 1.4365 0.659
1000 1.4365 0.908
1000 1.4365 0.746
1000 1.4365 0.767
1000 1.4365 0.768
1000 1.4365 0.915
1000 1.4365 0.506
1000 1.4365 0.542
1000 1.4365 0.872
1000 1.4365 0.82
1000 1.4365 0.77
1000 1.4365 0.762
1000 1.4365 0.736
1000 1.4365 0.797
1000 1.4365 0.86
1000 1.4365 0.659
1000 1.4365 0.792
1000 1.4365 0.669
1000 1.4365 0.805
1000 1.4365 0.849
1000 1.4365 0.816
1000 1.4365 0.694
1000 1.4365 0.768
1000 1.4365 0.405
1000 1.4365 0.708
1000 1.4365 0.816
1000 1.4365 0.779
1000 1.4365 0.864
1000 1.4365 0.876
1000 1.4365 0.564
1000 1.4365 0.858
1000 1.4365 0.902
