10000 1.43635 0.7329
10000 1.43635 0.7672
10000 1.43635 0.8302
10000 1.43635 0.7837
10000 1.43635 0.8684
10000 1.43635 0.2616
10000 1.43635 0.3334
10000 1.43635 0.812
10000 1.43635 0.8037
10000 1.43635 0.8418
10000 1.43635 0.7721
10000 1.43635 0.6029
10000 1.43635 0.7421
10000 1.43635 0.7357
10000 1.43635 0.7849
10000 1.43635 0.5776
10000 1.43635 0.7697
10000 1.43635 0.4352
10000 1.43635 0.5991
10000 1.43635 0.4798
10000 1.43635 0.6864
10000 1.43635 0.7998
10000 1.43635 0.6781
10000 1.43635 0.7257
10000 1.43635 0.8331
10000 1.43635 0.7918
10000 1.43635 0.8385
10000 1.43635 0.7801
10000 1.43635 0.3753
10000 1.43635 0.6686
10000 1.43635 0.7946
10000 1.43635 0.6332
10000 1.43635 0.7402
10000 1.43635 0.8344
10000 1.43635 0.7702
10000 1.43635 0.6687
10000 1.43635 0.6273
10000 1.43635 0.7266
10000 1.43635 0.7518
10000 1.43635 0.5981
10000 1.43635 0.7598
10000 1.43635 0.678
10000 1.43635 0.4482
10000 1.43635 0.6233
10000 1.43635 0.7508
10000 1.43635 0.6788
10000 1.43635 0.7934
10000 1.43635 0.6257
10000 1.43635 0.7054
10000 1.43635 0.7899
10000 1.43635 0.7269
10000 1.43635 0.8438
10000 1.43635 0.2404
10000 1.43635 0.5967
10000 1.43635 0.2425
10000 1.43635 0.7814
10000 1.43635 0.7527
10000 1.43635 0.6727
10000 1.43635 0.635
10000 1.43635 0.7571
10000 1.43635 0.7131
10000 1.43635 0.808
10000 1.43635 0.4957
10000 1.43635 0.6702
10000 1.43635 0.7091
10000 1.43635 0.6586
10000 1.43635 0.8089
10000 1.43635 0.7471
10000 1.43635 0.7714
10000 1.43635 0.6365
10000 1.43635 0.7607
10000 1.43635 0.8059
10000 1.43635 0.6483
10000 1.43635 0.8409
10000 1.43635 0.7281
10000 1.43635 0.8087
10000 1.43635 0.6765
10000 1.43635 0.6801
10000 1.43635 0.8243
10000 1.43635 0.7284
10000 1.43635 0.828
10000 1.43635 0.7496
10000 1.43635 0.518
10000 1.43635 0.3659
10000 1.43635 0.3927
10000 1.43635 0.8168
10000 1.43635 0.4537
10000 1.43635 0.7078
10000 1.43635 0.7521
10000 1.43635 0.7465
10000 1.43635 0.8199
10000 1.43635 0.7603
10000 1.43635 0.6462
10000 1.43635 0.8515
10000 1.43635 0.5926
10000 1.43635 0.7894
10000 1.43635 0.7852
10000 1.43635 0.6315
10000 1.43635 0.6003
10000 1.43635 0.7712
10000 1.43635 0.7609
10000 1.43635 0.556
10000 1.43635 0.3614
10000 1.43635 0.3134
10000 1.43635 0.7801
10000 1.43635 0.7316
10000 1.43635 0.7315
10000 1.43635 0.7636
10000 1.43635 0.7799
10000 1.43635 0.6797
10000 1.43635 0.6865
10000 1.43635 0.8706
10000 1.43635 0.8292
10000 1.43635 0.8741
10000 1.43635 0.3978
10000 1.43635 0.64
10000 1.43635 0.7646
10000 1.43635 0.6291
10000 1.43635 0.8204
10000 1.43635 0.8301
10000 1.43635 0.7742
10000 1.43635 0.5173
10000 1.43635 0.7259
10000 1.43635 0.7449
10000 1.43635 0.7912
10000 1.43635 0.7555
10000 1.43635 0.7684
10000 1.43635 0.7556
10000 1.43635 0.4126
10000 1.43635 0.7545
10000 1.43635 0.7629
10000 1.43635 0.6593
10000 1.43635 0.7293
10000 1.43635 0.7684
10000 1.43635 0.648
10000 1.43635 0.7438
10000 1.43635 0.6724
10000 1.43635 0.5886
10000 1.43635 0.7372
10000 1.43635 0.6534
10000 1.43635 0.8353
10000 1.43635 0.7325
10000 1.43635 0.6928
10000 1.43635 0.7865
10000 1.43635 0.6914
10000 1.43635 0.7628
10000 1.43635 0.7772
10000 1.43635 0.8186
10000 1.43635 0.7491
10000 1.43635 0.8338
10000 1.43635 0.374
10000 1.43635 0.3185
10000 1.43635 0.5803
10000 1.43635 0.5705
10000 1.43635 0.7853
10000 1.43635 0.8123
10000 1.43635 0.7209
10000 1.43635 0.3902
10000 1.43635 0.7046
10000 1.43635 0.8336
10000 1.43635 0.7555
10000 1.43635 0.7024
10000 1.43635 0.6947
10000 1.43635 0.7298
10000 1.43635 0.8202
10000 1.43635 0.7705
10000 1.43635 0.7771
10000 1.43635 0.7789
10000 1.43635 0.7195
10000 1.43635 0.6985
10000 1.43635 0.7829
10000 1.43635 0.5194
10000 1.43635 0.7093
10000 1.43635 0.6578
10000 1.43635 0.7652
10000 1.43635 0.7334
10000 1.43635 0.7633
10000 1.43635 0.5827
10000 1.43635 0.8054
10000 1.43635 0.7224
10000 1.43635 0.7614
10000 1.43635 0.7637
10000 1.43635 0.7839
10000 1.43635 0.887
10000 1.43635 0.8605
10000 1.43635 0.7643
10000 1.43635 0.67
10000 1.43635 0.6766
10000 1.43635 0.8558
10000 1.43635 0.6907
10000 1.43635 0.8182
10000 1.43635 0.507
10000 1.43635 0.4225
10000 1.43635 0.7702
10000 1.43635 0.8135
10000 1.43635 0.5451
10000 1.43635 0.7797
10000 1.43635 0.363
10000 1.43635 0.6083
10000 1.43635 0.7494
10000 1.43635 0.8127
10000 1.43635 0.6089
10000 1.43635 0.7448
10000 1.43635 0.4637
10000 1.43635 0.8073
10000 1.43635 0.6787
10000 1.43635 0.5208
10000 1.43635 0.3771
10000 1.43635 0.649
10000 1.43635 0.5613
10000 1.43635 0.7916
10000 1.43635 0.801
10000 1.43635 0.7766
10000 1.43635 0.6612
10000 1.43635 0.8498
10000 1.43635 0.816
10000 1.43635 0.7492
10000 1.43635 0.7778
10000 1.43635 0.7635
10000 1.43635 0.5583
10000 1.43635 0.786
10000 1.43635 0.7708
10000 1.43635 0.6327
10000 1.43635 0.7486
10000 1.43635 0.6993
10000 1.43635 0.7551
10000 1.43635 0.8135
10000 1.43635 0.5849
10000 1.43635 0.7619
10000 1.43635 0.8085
10000 1.43635 0.6784
10000 1.43635 0.7058
10000 1.43635 0.6099
10000 1.43635 0.7963
10000 1.43635 0.7623
10000 1.43635 0.8183
10000 1.43635 0.8589
10000 1.43635 0.4248
10000 1.43635 0.7387
10000 1.43635 0.8427
10000 1.43635 0.7194
10000 1.43635 0.6946
10000 1.43635 0.6658
10000 1.43635 0.7713
10000 1.43635 0.7811
10000 1.43635 0.5472
10000 1.43635 0.7995
10000 1.43635 0.842
10000 1.43635 0.5254
10000 1.43635 0.7148
10000 1.43635 0.7375
10000 1.43635 0.576
10000 1.43635 0.8318
10000 1.43635 0.4989
10000 1.43635 0.6168
10000 1.43635 0.707
10000 1.43635 0.8233
10000 1.43635 0.8217
10000 1.43635 0.7397
10000 1.43635 0.7836
10000 1.43635 0.6475
10000 1.43635 0.7878
10000 1.43635 0.3668
10000 1.43635 0.5318
10000 1.43635 0.8368
10000 1.43635 0.8125
10000 1.43635 0.7081
10000 1.43635 0.7568
10000 1.43635 0.817
10000 1.43635 0.616
10000 1.43635 0.6308
10000 1.43635 0.6956
10000 1.43635 0.6865
10000 1.43635 0.7661
10000 1.43635 0.7649
10000 1.43635 0.4803
10000 1.43635 0.754
10000 1.43635 0.7868
10000 1.43635 0.6049
10000 1.43635 0.4677
10000 1.43635 0.3973
10000 1.43635 0.682
10000 1.43635 0.7196
10000 1.43635 0.5181
10000 1.43635 0.7923
10000 1.43635 0.3075
10000 1.43635 0.6393
10000 1.43635 0.7647
10000 1.43635 0.7848
10000 1.43635 0.8027
10000 1.43635 0.6692
10000 1.43635 0.751
10000 1.43635 0.6243
10000 1.43635 0.6423
10000 1.43635 0.6893
10000 1.43635 0.8021
10000 1.43635 0.8194
10000 1.43635 0.8118
10000 1.43635 0.8067
10000 1.43635 0.5098
10000 1.43635 0.7998
10000 1.43635 0.7679
10000 1.43635 0.8087
10000 1.43635 0.8492
10000 1.43635 0.8545
10000 1.43635 0.8252
10000 1.43635 0.8124
10000 1.43635 0.6481
10000 1.43635 0.7257
10000 1.43635 0.5951
10000 1.43635 0.6328
10000 1.43635 0.7713
10000 1.43635 0.7721
10000 1.43635 0.8618
10000 1.43635 0.5244
10000 1.43635 0.8275
10000 1.43635 0.6214
10000 1.43635 0.7072
10000 1.43635 0.7163
10000 1.43635 0.8505
10000 1.43635 0.8361
10000 1.43635 0.7351
10000 1.43635 0.3101
10000 1.43635 0.8279
10000 1.43635 0.7743
10000 1.43635 0.6712
10000 1.43635 0.8211
10000 1.43635 0.8621
10000 1.43635 0.7278
10000 1.43635 0.6573
10000 1.43635 0.6473
10000 1.43635 0.5424
10000 1.43635 0.7336
10000 1.43635 0.8027
10000 1.43635 0.7671
10000 1.43635 0.3317
10000 1.43635 0.7693
10000 1.43635 0.6808
10000 1.43635 0.7387
10000 1.43635 0.8033
10000 1.43635 0.7642
10000 1.43635 0.8093
10000 1.43635 0.7336
10000 1.43635 0.7348
10000 1.43635 0.6576
10000 1.43635 0.6678
10000 1.43635 0.6772
10000 1.43635 0.7169
10000 1.43635 0.6193
10000 1.43635 0.5735
10000 1.43635 0.7522
10000 1.43635 0.7692
10000 1.43635 0.7162
10000 1.43635 0.7543
10000 1.43635 0.6513
10000 1.43635 0.7799
10000 1.43635 0.5251
10000 1.43635 0.7426
10000 1.43635 0.7372
10000 1.43635 0.8057
10000 1.43635 0.5506
10000 1.43635 0.6359
10000 1.43635 0.8248
10000 1.43635 0.757
10000 1.43635 0.5363
10000 1.43635 0.7856
10000 1.43635 0.7081
10000 1.43635 0.7064
10000 1.43635 0.7536
10000 1.43635 0.8062
10000 1.43635 0.7878
10000 1.43635 0.3537
10000 1.43635 0.4413
10000 1.43635 0.2905
10000 1.43635 0.6194
10000 1.43635 0.825
10000 1.43635 0.5778
10000 1.43635 0.7852
10000 1.43635 0.6512
10000 1.43635 0.7119
10000 1.43635 0.4676
10000 1.43635 0.6901
10000 1.43635 0.8116
10000 1.43635 0.6623
10000 1.43635 0.7371
10000 1.43635 0.7869
10000 1.43635 0.8083
10000 1.43635 0.7668
10000 1.43635 0.5202
10000 1.43635 0.6129
10000 1.43635 0.7976
10000 1.43635 0.6186
10000 1.43635 0.7832
10000 1.43635 0.6855
10000 1.43635 0.7804
10000 1.43635 0.5533
10000 1.43635 0.8347
10000 1.43635 0.7248
10000 1.43635 0.5435
10000 1.43635 0.2822
10000 1.43635 0.8442
10000 1.43635 0.7431
10000 1.43635 0.73
10000 1.43635 0.6987
10000 1.43635 0.7202
10000 1.43635 0.8037
10000 1.43635 0.8092
10000 1.43635 0.8012
10000 1.43635 0.6892
10000 1.43635 0.6529
10000 1.43635 0.7166
10000 1.43635 0.7138
10000 1.43635 0.7446
10000 1.43635 0.2815
10000 1.43635 0.8824
10000 1.43635 0.7651
10000 1.43635 0.8497
10000 1.43635 0.6694
10000 1.43635 0.8199
10000 1.43635 0.6811
10000 1.43635 0.6057
10000 1.43635 0.5984
10000 1.43635 0.6964
10000 1.43635 0.6156
10000 1.43635 0.5869
10000 1.43635 0.6718
10000 1.43635 0.4978
10000 1.43635 0.8145
10000 1.43635 0.4984
10000 1.43635 0.6659
10000 1.43635 0.7467
10000 1.43635 0.7918
10000 1.43635 0.7906
10000 1.43635 0.7447
10000 1.43635 0.8086
10000 1.43635 0.654
10000 1.43635 0.6629
10000 1.43635 0.7576
10000 1.43635 0.8279
10000 1.43635 0.6108
10000 1.43635 0.7912
10000 1.43635 0.8025
10000 1.43635 0.7598
10000 1.43635 0.6842
10000 1.43635 0.4237
10000 1.43635 0.6077
10000 1.43635 0.6254
10000 1.43635 0.6108
10000 1.43635 0.6813
10000 1.43635 0.7396
10000 1.43635 0.7815
10000 1.43635 0.7806
10000 1.43635 0.7471
10000 1.43635 0.4797
10000 1.43635 0.7783
10000 1.43635 0.4735
10000 1.43635 0.5378
10000 1.43635 0.7664
10000 1.43635 0.782
10000 1.43635 0.8311
10000 1.43635 0.7815
10000 1.43635 0.6344
10000 1.43635 0.6475
10000 1.43635 0.8279
10000 1.43635 0.7413
10000 1.43635 0.8375
10000 1.43635 0.445
10000 1.43635 0.7973
10000 1.43635 0.6617
10000 1.43635 0.816
10000 1.43635 0.8134
10000 1.43635 0.387
10000 1.43635 0.8262
10000 1.43635 0.7616
10000 1.43635 0.7709
10000 1.43635 0.8099
10000 1.43635 0.5213
10000 1.43635 0.6055
10000 1.43635 0.6485
10000 1.43635 0.757
10000 1.43635 0.8798
10000 1.43635 0.8093
10000 1.43635 0.8059
10000 1.43635 0.4559
10000 1.43635 0.7536
10000 1.43635 0.6294
10000 1.43635 0.6498
10000 1.43635 0.8401
10000 1.43635 0.3977
10000 1.43635 0.6699
10000 1.43635 0.7729
10000 1.43635 0.6118
10000 1.43635 0.8112
10000 1.43635 0.743
10000 1.43635 0.5339
10000 1.43635 0.756
10000 1.43635 0.7791
10000 1.43635 0.6688
10000 1.43635 0.6577
10000 1.43635 0.8657
10000 1.43635 0.7657
10000 1.43635 0.7059
10000 1.43635 0.7963
10000 1.43635 0.6757
10000 1.43635 0.7209
10000 1.43635 0.863
10000 1.43635 0.6619
10000 1.43635 0.8169
10000 1.43635 0.7273
10000 1.43635 0.8529
10000 1.43635 0.8285
10000 1.43635 0.8196
10000 1.43635 0.4992
10000 1.43635 0.7675
10000 1.43635 0.6169
10000 1.43635 0.7623
10000 1.43635 0.6998
10000 1.43635 0.808
10000 1.43635 0.7431
10000 1.43635 0.8309
10000 1.43635 0.7062
10000 1.43635 0.4639
10000 1.43635 0.7984
10000 1.43635 0.5448
10000 1.43635 0.8081
10000 1.43635 0.7971
10000 1.43635 0.6391
10000 1.43635 0.6846
10000 1.43635 0.6979
10000 1.43635 0.3661
10000 1.43635 0.7171
10000 1.43635 0.7484
10000 1.43635 0.7818
10000 1.43635 0.6823
10000 1.43635 0.7046
10000 1.43635 0.824
10000 1.43635 0.806
10000 1.43635 0.7456
10000 1.43635 0.7104
10000 1.43635 0.6552
10000 1.43635 0.6538
10000 1.43635 0.5226
10000 1.43635 0.5655
10000 1.43635 0.6856
10000 1.43635 0.6187
10000 1.43635 0.8279
10000 1.43635 0.8202
10000 1.43635 0.8401
10000 1.43635 0.7783
10000 1.43635 0.8226
10000 1.43635 0.5998
10000 1.43635 0.5686
10000 1.43635 0.7675
10000 1.43635 0.7258
10000 1.43635 0.7555
10000 1.43635 0.6769
10000 1.43635 0.7455
10000 1.43635 0.8132
10000 1.43635 0.8431
10000 1.43635 0.8778
10000 1.43635 0.5324
10000 1.43635 0.5337
10000 1.43635 0.7829
10000 1.43635 0.5156
10000 1.43635 0.4782
10000 1.43635 0.696
10000 1.43635 0.7419
10000 1.43635 0.689
10000 1.43635 0.7753
10000 1.43635 0.8252
10000 1.43635 0.8456
10000 1.43635 0.755
10000 1.43635 0.7784
10000 1.43635 0.6902
10000 1.43635 0.6702
10000 1.43635 0.3483
10000 1.43635 0.5835
10000 1.43635 0.8475
10000 1.43635 0.7343
10000 1.43635 0.7527
10000 1.43635 0.7296
10000 1.43635 0.4282
10000 1.43635 0.7557
10000 1.43635 0.3941
10000 1.43635 0.6907
10000 1.43635 0.8051
10000 1.43635 0.5418
10000 1.43635 0.6999
10000 1.43635 0.7963
10000 1.43635 0.7704
10000 1.43635 0.7886
10000 1.43635 0.6267
10000 1.43635 0.4153
10000 1.43635 0.8116
10000 1.43635 0.6781
10000 1.43635 0.8427
10000 1.43635 0.8106
10000 1.43635 0.3419
10000 1.43635 0.6743
10000 1.43635 0.763
10000 1.43635 0.8122
10000 1.43635 0.8115
10000 1.43635 0.7907
10000 1.43635 0.3026
10000 1.43635 0.3223
10000 1.43635 0.6048
10000 1.43635 0.5741
10000 1.43635 0.5792
10000 1.43635 0.6498
10000 1.43635 0.8045
10000 1.43635 0.7542
10000 1.43635 0.4664
10000 1.43635 0.7378
10000 1.43635 0.5406
10000 1.43635 0.6526
10000 1.43635 0.5434
10000 1.43635 0.844
10000 1.43635 0.6877
10000 1.43635 0.693
10000 1.43635 0.7783
10000 1.43635 0.4888
10000 1.43635 0.8039
10000 1.43635 0.7705
10000 1.43635 0.756
10000 1.43635 0.6388
10000 1.43635 0.759
10000 1.43635 0.7949
10000 1.43635 0.6822
10000 1.43635 0.6763
10000 1.43635 0.7278
10000 1.43635 0.5356
10000 1.43635 0.7399
10000 1.43635 0.8146
10000 1.43635 0.8279
10000 1.43635 0.5761
10000 1.43635 0.8166
10000 1.43635 0.7197
10000 1.43635 0.7075
10000 1.43635 0.6725
10000 1.43635 0.832
10000 1.43635 0.5912
10000 1.43635 0.6529
10000 1.43635 0.6735
10000 1.43635 0.5996
10000 1.43635 0.7651
10000 1.43635 0.4053
10000 1.43635 0.8317
10000 1.43635 0.6014
10000 1.43635 0.7364
10000 1.43635 0.7744
10000 1.43635 0.5611
10000 1.43635 0.8465
10000 1.43635 0.7063
10000 1.43635 0.5245
10000 1.43635 0.78
10000 1.43635 0.5358
10000 1.43635 0.8348
10000 1.43635 0.6578
10000 1.43635 0.6781
10000 1.43635 0.7389
10000 1.43635 0.7505
10000 1.43635 0.4152
10000 1.43635 0.7048
10000 1.43635 0.7344
10000 1.43635 0.8415
10000 1.43635 0.5675
10000 1.43635 0.8015
10000 1.43635 0.795
10000 1.43635 0.3647
10000 1.43635 0.6795
10000 1.43635 0.8362
10000 1.43635 0.6255
10000 1.43635 0.7324
10000 1.43635 0.817
10000 1.43635 0.7584
10000 1.43635 0.7596
10000 1.43635 0.6575
10000 1.43635 0.7009
10000 1.43635 0.8148
10000 1.43635 0.7137
10000 1.43635 0.6182
10000 1.43635 0.8313
10000 1.43635 0.7054
10000 1.43635 0.779
10000 1.43635 0.7713
10000 1.43635 0.7534
10000 1.43635 0.7291
10000 1.43635 0.7456
10000 1.43635 0.4184
10000 1.43635 0.8278
10000 1.43635 0.751
10000 1.43635 0.7275
10000 1.43635 0.6603
10000 1.43635 0.7305
10000 1.43635 0.7253
10000 1.43635 0.7524
10000 1.43635 0.6773
10000 1.43635 0.8881
10000 1.43635 0.6564
10000 1.43635 0.6231
10000 1.43635 0.7476
10000 1.43635 0.7654
10000 1.43635 0.808
10000 1.43635 0.8323
10000 1.43635 0.8402
10000 1.43635 0.73
10000 1.43635 0.7104
10000 1.43635 0.6678
10000 1.43635 0.5148
10000 1.43635 0.8286
10000 1.43635 0.6604
10000 1.43635 0.8549
10000 1.43635 0.7031
10000 1.43635 0.8354
10000 1.43635 0.7653
10000 1.43635 0.7048
10000 1.43635 0.644
10000 1.43635 0.5575
10000 1.43635 0.6322
10000 1.43635 0.7171
10000 1.43635 0.767
10000 1.43635 0.5801
10000 1.43635 0.805
10000 1.43635 0.4177
10000 1.43635 0.768
10000 1.43635 0.812
10000 1.43635 0.2844
10000 1.43635 0.8032
10000 1.43635 0.2861
10000 1.43635 0.7271
10000 1.43635 0.6805
10000 1.43635 0.7169
10000 1.43635 0.7131
10000 1.43635 0.6567
10000 1.43635 0.1803
10000 1.43635 0.7454
10000 1.43635 0.8302
10000 1.43635 0.8569
10000 1.43635 0.7994
10000 1.43635 0.7001
10000 1.43635 0.5626
10000 1.43635 0.753
10000 1.43635 0.5442
10000 1.43635 0.8459
10000 1.43635 0.5127
10000 1.43635 0.6
10000 1.43635 0.7281
10000 1.43635 0.8403
10000 1.43635 0.6674
10000 1.43635 0.774
10000 1.43635 0.8244
10000 1.43635 0.7893
10000 1.43635 0.6337
10000 1.43635 0.4369
10000 1.43635 0.7108
10000 1.43635 0.5551
10000 1.43635 0.8405
10000 1.43635 0.8236
10000 1.43635 0.6029
10000 1.43635 0.5404
10000 1.43635 0.676
10000 1.43635 0.7795
10000 1.43635 0.7694
10000 1.43635 0.7359
10000 1.43635 0.7984
10000 1.43635 0.6284
10000 1.43635 0.7105
10000 1.43635 0.6965
10000 1.43635 0.6719
10000 1.43635 0.5283
10000 1.43635 0.6771
10000 1.43635 0.856
10000 1.43635 0.793
10000 1.43635 0.8189
10000 1.43635 0.2971
10000 1.43635 0.8289
10000 1.43635 0.724
10000 1.43635 0.7679
10000 1.43635 0.6659
10000 1.43635 0.7318
10000 1.43635 0.8004
10000 1.43635 0.8453
10000 1.43635 0.7
10000 1.43635 0.4565
10000 1.43635 0.7561
10000 1.43635 0.7803
10000 1.43635 0.6639
10000 1.43635 0.6666
10000 1.43635 0.5602
10000 1.43635 0.8371
10000 1.43635 0.4476
10000 1.43635 0.7858
10000 1.43635 0.7884
10000 1.43635 0.6791
10000 1.43635 0.6873
10000 1.43635 0.716
10000 1.43635 0.8111
10000 1.43635 0.688
10000 1.43635 0.8416
10000 1.43635 0.732
10000 1.43635 0.6756
10000 1.43635 0.8385
10000 1.43635 0.6692
10000 1.43635 0.4853
10000 1.43635 0.8512
10000 1.43635 0.7025
10000 1.43635 0.6251
10000 1.43635 0.3047
10000 1.43635 0.7821
10000 1.43635 0.7246
10000 1.43635 0.8681
10000 1.43635 0.2771
10000 1.43635 0.7841
10000 1.43635 0.6269
10000 1.43635 0.7949
10000 1.43635 0.5138
10000 1.43635 0.26
10000 1.43635 0.7019
10000 1.43635 0.7713
10000 1.43635 0.7732
10000 1.43635 0.7659
10000 1.43635 0.8
10000 1.43635 0.3658
10000 1.43635 0.8434
10000 1.43635 0.8094
10000 1.43635 0.7844
10000 1.43635 0.6085
10000 1.43635 0.6999
10000 1.43635 0.7805
10000 1.43635 0.8183
10000 1.43635 0.589
10000 1.43635 0.8417
10000 1.43635 0.7819
10000 1.43635 0.8161
10000 1.43635 0.8017
10000 1.43635 0.7844
10000 1.43635 0.7274
10000 1.43635 0.5507
10000 1.43635 0.5512
10000 1.43635 0.821
10000 1.43635 0.4972
10000 1.43635 0.5851
10000 1.43635 0.6055
10000 1.43635 0.3906
10000 1.43635 0.8277
10000 1.43635 0.3195
10000 1.43635 0.7998
10000 1.43635 0.3302
10000 1.43635 0.6836
10000 1.43635 0.5534
10000 1.43635 0.8088
10000 1.43635 0.8559
10000 1.43635 0.7648
10000 1.43635 0.8316
10000 1.43635 0.739
10000 1.43635 0.744
10000 1.43635 0.7459
10000 1.43635 0.7858
10000 1.43635 0.8173
10000 1.43635 0.8385
10000 1.43635 0.7161
10000 1.43635 0.483
10000 1.43635 0.7703
10000 1.43635 0.3773
10000 1.43635 0.749
10000 1.43635 0.7503
10000 1.43635 0.6727
10000 1.43635 0.7838
10000 1.43635 0.6292
10000 1.43635 0.7054
10000 1.43635 0.5509
10000 1.43635 0.7254
10000 1.43635 0.7197
10000 1.43635 0.839
10000 1.43635 0.8524
10000 1.43635 0.7135
10000 1.43635 0.8104
10000 1.43635 0.7761
10000 1.43635 0.6389
10000 1.43635 0.7324
10000 1.43635 0.7222
10000 1.43635 0.7155
10000 1.43635 0.802
10000 1.43635 0.5667
10000 1.43635 0.8231
10000 1.43635 0.5719
10000 1.43635 0.8123
10000 1.43635 0.6434
10000 1.43635 0.586
10000 1.43635 0.8323
10000 1.43635 0.707
10000 1.43635 0.7998
10000 1.43635 0.8127
10000 1.43635 0.6254
10000 1.43635 0.6904
10000 1.43635 0.7926
10000 1.43635 0.671
10000 1.43635 0.8066
10000 1.43635 0.7469
10000 1.43635 0.7555
10000 1.43635 0.784
10000 1.43635 0.615
10000 1.43635 0.784
10000 1.43635 0.8701
10000 1.43635 0.8145
10000 1.43635 0.7497
10000 1.43635 0.7793
10000 1.43635 0.7321
10000 1.43635 0.7515
10000 1.43635 0.8079
10000 1.43635 0.8291
10000 1.43635 0.8151
10000 1.43635 0.5632
10000 1.43635 0.5028
10000 1.43635 0.8145
10000 1.43635 0.7511
10000 1.43635 0.6952
10000 1.43635 0.7354
10000 1.43635 0.6826
10000 1.43635 0.748
10000 1.43635 0.8031
10000 1.43635 0.4396
10000 1.43635 0.6459
10000 1.43635 0.6867
10000 1.43635 0.5524
10000 1.43635 0.7977
10000 1.43635 0.7383
10000 1.43635 0.8609
10000 1.43635 0.7048
10000 1.43635 0.8281
10000 1.43635 0.7252
10000 1.43635 0.7887
10000 1.43635 0.8567
10000 1.43635 0.8289
10000 1.43635 0.3809
10000 1.43635 0.4772
10000 1.43635 0.8744
10000 1.43635 0.6118
10000 1.43635 0.735
10000 1.43635 0.7279
10000 1.43635 0.7777
10000 1.43635 0.5835
10000 1.43635 0.8286
10000 1.43635 0.6082
10000 1.43635 0.7043
10000 1.43635 0.8316
10000 1.43635 0.7102
10000 1.43635 0.6791
10000 1.43635 0.8127
10000 1.43635 0.7472
10000 1.43635 0.7901
10000 1.43635 0.8431
10000 1.43635 0.3723
10000 1.43635 0.8058
10000 1.43635 0.7198
10000 1.43635 0.803
10000 1.43635 0.8536
10000 1.43635 0.8078
10000 1.43635 0.7216
10000 1.43635 0.5888
10000 1.43635 0.8041
10000 1.43635 0.8101
10000 1.43635 0.6357
10000 1.43635 0.6573
10000 1.43635 0.829
10000 1.43635 0.7747
10000 1.43635 0.8455
10000 1.43635 0.6898
10000 1.43635 0.793
10000 1.43635 0.6319
10000 1.43635 0.8021
10000 1.43635 0.7833
10000 1.43635 0.8414
10000 1.43635 0.8056
10000 1.43635 0.7876
10000 1.43635 0.5743
10000 1.43635 0.7549
10000 1.43635 0.5991
10000 1.43635 0.8376
10000 1.43635 0.7494
10000 1.43635 0.7757
10000 1.43635 0.6823
10000 1.43635 0.6738
10000 1.43635 0.7886
10000 1.43635 0.7788
10000 1.43635 0.5962
10000 1.43635 0.7426
10000 1.43635 0.5521
10000 1.43635 0.8389
10000 1.43635 0.6349
10000 1.43635 0.5743
10000 1.43635 0.7364
10000 1.43635 0.7567
10000 1.43635 0.5835
10000 1.43635 0.4552
10000 1.43635 0.7532
10000 1.43635 0.5721
10000 1.43635 0.5874
10000 1.43635 0.6836
10000 1.43635 0.6835
