10000000000 1.43635 0.409164
10000000000 1.43635 0.359871
10000000000 1.43635 0.358518
10000000000 1.43635 0.294903
10000000000 1.43635 0.328592
10000000000 1.43635 0.404549
10000000000 1.43635 0.32315
10000000000 1.43635 0.413242
10000000000 1.43635 0.399719
10000000000 1.43635 0.333839
10000000000 1.43635 0.421582
10000000000 1.43635 0.37878
10000000000 1.43635 0.382363
10000000000 1.43635 0.365184
10000000000 1.43635 0.35206
10000000000 1.43635 0.406476
10000000000 1.43635 0.389368
10000000000 1.43635 0.41275
10000000000 1.43635 0.420531
10000000000 1.43635 0.396679
10000000000 1.43635 0.403577
10000000000 1.43635 0.303407
10000000000 1.43635 0.33831
10000000000 1.43635 0.40952
10000000000 1.43635 0.27829
10000000000 1.43635 0.368606
10000000000 1.43635 0.349771
10000000000 1.43635 0.150612
10000000000 1.43635 0.219309
10000000000 1.43635 0.21886
10000000000 1.43635 0.348773
10000000000 1.43635 0.148603
10000000000 1.43635 0.352972
10000000000 1.43635 0.319861
10000000000 1.43635 0.330434
10000000000 1.43635 0.213604
10000000000 1.43635 0.313166
10000000000 1.43635 0.323285
10000000000 1.43635 0.399991
10000000000 1.43635 0.393086
10000000000 1.43635 0.395249
10000000000 1.43635 0.306486
10000000000 1.43635 0.395185
10000000000 1.43635 0.409093
10000000000 1.43635 0.326864
10000000000 1.43635 0.388225
10000000000 1.43635 0.415851
10000000000 1.43635 0.405564
10000000000 1.43635 0.318678
10000000000 1.43635 0.394426
10000000000 1.43635 0.274237
10000000000 1.43635 0.354487
10000000000 1.43635 0.343116
10000000000 1.43635 0.27848
10000000000 1.43635 0.429856
10000000000 1.43635 0.407589
10000000000 1.43635 0.219062
10000000000 1.43635 0.413799
10000000000 1.43635 0.391313
10000000000 1.43635 0.296383
10000000000 1.43635 0.353789
10000000000 1.43635 0.434683
10000000000 1.43635 0.272213
10000000000 1.43635 0.39028
10000000000 1.43635 0.349114
10000000000 1.43635 0.328265
10000000000 1.43635 0.314197
10000000000 1.43635 0.314661
10000000000 1.43635 0.253276
10000000000 1.43635 0.43544
10000000000 1.43635 0.374571
10000000000 1.43635 0.388856
10000000000 1.43635 0.414003
10000000000 1.43635 0.413508
10000000000 1.43635 0.309275
10000000000 1.43635 0.278315
10000000000 1.43635 0.391887
10000000000 1.43635 0.364026
10000000000 1.43635 0.339991
10000000000 1.43635 0.401645
10000000000 1.43635 0.384773
10000000000 1.43635 0.393264
10000000000 1.43635 0.219724
10000000000 1.43635 0.386279
10000000000 1.43635 0.174952
10000000000 1.43635 0.316673
10000000000 1.43635 0.337693
10000000000 1.43635 0.375672
10000000000 1.43635 0.410519
10000000000 1.43635 0.320571
10000000000 1.43635 0.399941
10000000000 1.43635 0.422232
10000000000 1.43635 0.37264
10000000000 1.43635 0.23489
10000000000 1.43635 0.349978
10000000000 1.43635 0.355267
10000000000 1.43635 0.408913
10000000000 1.43635 0.276567
10000000000 1.43635 0.377171
10000000000 1.43635 0.405726
10000000000 1.43635 0.392154
10000000000 1.43635 0.371496
10000000000 1.43635 0.343582
10000000000 1.43635 0.363992
10000000000 1.43635 0.410944
10000000000 1.43635 0.290197
10000000000 1.43635 0.411651
10000000000 1.43635 0.358975
10000000000 1.43635 0.387905
10000000000 1.43635 0.239137
10000000000 1.43635 0.164504
10000000000 1.43635 0.325097
10000000000 1.43635 0.349928
10000000000 1.43635 0.367942
10000000000 1.43635 0.414008
10000000000 1.43635 0.41641
10000000000 1.43635 0.393771
10000000000 1.43635 0.322637
10000000000 1.43635 0.374875
10000000000 1.43635 0.324996
10000000000 1.43635 0.342309
10000000000 1.43635 0.348328
10000000000 1.43635 0.369129
10000000000 1.43635 0.409112
10000000000 1.43635 0.357611
10000000000 1.43635 0.139506
10000000000 1.43635 0.416139
10000000000 1.43635 0.164769
10000000000 1.43635 0.352531
10000000000 1.43635 0.412998
10000000000 1.43635 0.438297
10000000000 1.43635 0.28781
10000000000 1.43635 0.359733
10000000000 1.43635 0.425935
10000000000 1.43635 0.377766
10000000000 1.43635 0.325058
10000000000 1.43635 0.339965
10000000000 1.43635 0.39343
10000000000 1.43635 0.400982
10000000000 1.43635 0.371069
10000000000 1.43635 0.407662
10000000000 1.43635 0.393722
10000000000 1.43635 0.361115
10000000000 1.43635 0.377331
10000000000 1.43635 0.370059
10000000000 1.43635 0.378761
10000000000 1.43635 0.226076
10000000000 1.43635 0.402054
10000000000 1.43635 0.398505
10000000000 1.43635 0.377002
10000000000 1.43635 0.327809
10000000000 1.43635 0.420561
10000000000 1.43635 0.389626
10000000000 1.43635 0.357127
10000000000 1.43635 0.388119
10000000000 1.43635 0.354599
10000000000 1.43635 0.302025
10000000000 1.43635 0.35508
10000000000 1.43635 0.288024
10000000000 1.43635 0.3641
10000000000 1.43635 0.162811
10000000000 1.43635 0.348915
10000000000 1.43635 0.360017
10000000000 1.43635 0.183505
10000000000 1.43635 0.431965
10000000000 1.43635 0.392581
10000000000 1.43635 0.391606
10000000000 1.43635 0.305493
10000000000 1.43635 0.335303
10000000000 1.43635 0.393377
10000000000 1.43635 0.207958
10000000000 1.43635 0.358336
10000000000 1.43635 0.330652
10000000000 1.43635 0.326522
10000000000 1.43635 0.382006
10000000000 1.43635 0.207329
10000000000 1.43635 0.387991
10000000000 1.43635 0.419586
10000000000 1.43635 0.346863
10000000000 1.43635 0.349286
10000000000 1.43635 0.39265
10000000000 1.43635 0.396525
10000000000 1.43635 0.336329
10000000000 1.43635 0.384576
10000000000 1.43635 0.374862
10000000000 1.43635 0.403563
10000000000 1.43635 0.360288
10000000000 1.43635 0.421883
10000000000 1.43635 0.36961
10000000000 1.43635 0.359084
10000000000 1.43635 0.399346
10000000000 1.43635 0.268763
10000000000 1.43635 0.387927
10000000000 1.43635 0.298677
10000000000 1.43635 0.337177
10000000000 1.43635 0.31973
10000000000 1.43635 0.316604
10000000000 1.43635 0.333089
10000000000 1.43635 0.402133
10000000000 1.43635 0.356125
10000000000 1.43635 0.43803
10000000000 1.43635 0.132694
10000000000 1.43635 0.324735
10000000000 1.43635 0.420411
