1000 1.43635 0.627
1000 1.43635 0.727
1000 1.43635 0.233
1000 1.43635 0.688
1000 1.43635 0.899
1000 1.43635 0.768
1000 1.43635 0.89
1000 1.43635 0.684
1000 1.43635 0.903
1000 1.43635 0.455
1000 1.43635 0.866
1000 1.43635 0.857
1000 1.43635 0.647
1000 1.43635 0.931
1000 1.43635 0.858
1000 1.43635 0.92
1000 1.43635 0.93
1000 1.43635 0.677
1000 1.43635 0.901
1000 1.43635 0.878
1000 1.43635 0.838
1000 1.43635 0.852
1000 1.43635 0.759
1000 1.43635 0.873
1000 1.43635 0.856
1000 1.43635 0.924
1000 1.43635 0.842
1000 1.43635 0.912
1000 1.43635 0.799
1000 1.43635 0.798
1000 1.43635 0.793
1000 1.43635 0.58
1000 1.43635 0.862
1000 1.43635 0.547
1000 1.43635 0.589
1000 1.43635 0.668
1000 1.43635 0.797
1000 1.43635 0.833
1000 1.43635 0.8
1000 1.43635 0.879
1000 1.43635 0.917
1000 1.43635 0.9
1000 1.43635 0.781
1000 1.43635 0.889
1000 1.43635 0.891
1000 1.43635 0.854
1000 1.43635 0.673
1000 1.43635 0.622
1000 1.43635 0.907
1000 1.43635 0.976
1000 1.43635 0.774
1000 1.43635 0.825
1000 1.43635 0.788
1000 1.43635 0.656
1000 1.43635 0.883
1000 1.43635 0.917
1000 1.43635 0.909
1000 1.43635 0.847
1000 1.43635 0.91
1000 1.43635 0.771
1000 1.43635 0.852
1000 1.43635 0.681
1000 1.43635 0.949
1000 1.43635 0.713
1000 1.43635 0.876
1000 1.43635 0.884
1000 1.43635 0.822
1000 1.43635 0.86
1000 1.43635 0.869
1000 1.43635 0.825
1000 1.43635 0.821
1000 1.43635 0.897
1000 1.43635 0.86
1000 1.43635 0.901
1000 1.43635 0.744
1000 1.43635 0.844
1000 1.43635 0.499
1000 1.43635 0.942
1000 1.43635 0.895
1000 1.43635 0.839
1000 1.43635 0.832
1000 1.43635 0.906
1000 1.43635 0.651
1000 1.43635 0.917
1000 1.43635 0.493
1000 1.43635 0.891
1000 1.43635 0.888
1000 1.43635 0.862
1000 1.43635 0.797
1000 1.43635 0.886
1000 1.43635 0.911
1000 1.43635 0.811
1000 1.43635 0.836
1000 1.43635 0.939
1000 1.43635 0.929
1000 1.43635 0.842
1000 1.43635 0.817
1000 1.43635 0.899
1000 1.43635 0.897
1000 1.43635 0.881
1000 1.43635 0.474
1000 1.43635 0.809
1000 1.43635 0.504
1000 1.43635 0.876
1000 1.43635 0.73
1000 1.43635 0.868
1000 1.43635 0.799
1000 1.43635 0.826
1000 1.43635 0.547
1000 1.43635 0.744
1000 1.43635 0.685
1000 1.43635 0.946
1000 1.43635 0.754
1000 1.43635 0.79
1000 1.43635 0.837
1000 1.43635 0.886
1000 1.43635 0.821
1000 1.43635 0.892
1000 1.43635 0.897
1000 1.43635 0.888
1000 1.43635 0.854
1000 1.43635 0.825
1000 1.43635 0.92
1000 1.43635 0.884
1000 1.43635 0.887
1000 1.43635 0.911
1000 1.43635 0.866
1000 1.43635 0.755
1000 1.43635 0.882
1000 1.43635 0.904
1000 1.43635 0.766
1000 1.43635 0.845
1000 1.43635 0.807
1000 1.43635 0.804
1000 1.43635 0.804
1000 1.43635 0.83
1000 1.43635 0.79
1000 1.43635 0.867
1000 1.43635 0.845
1000 1.43635 0.845
1000 1.43635 0.838
1000 1.43635 0.509
1000 1.43635 0.623
1000 1.43635 0.948
1000 1.43635 0.508
1000 1.43635 0.915
1000 1.43635 0.844
1000 1.43635 0.8
1000 1.43635 0.825
1000 1.43635 0.791
1000 1.43635 0.902
1000 1.43635 0.843
1000 1.43635 0.911
1000 1.43635 0.863
1000 1.43635 0.671
1000 1.43635 0.924
1000 1.43635 0.523
1000 1.43635 0.933
1000 1.43635 0.847
1000 1.43635 0.79
1000 1.43635 0.9
1000 1.43635 0.828
1000 1.43635 0.86
1000 1.43635 0.899
1000 1.43635 0.901
1000 1.43635 0.907
1000 1.43635 0.573
1000 1.43635 0.846
1000 1.43635 0.789
1000 1.43635 0.664
1000 1.43635 0.89
1000 1.43635 0.872
1000 1.43635 0.846
1000 1.43635 0.811
1000 1.43635 0.932
1000 1.43635 0.88
1000 1.43635 0.904
1000 1.43635 0.755
1000 1.43635 0.869
1000 1.43635 0.575
1000 1.43635 0.514
1000 1.43635 0.489
1000 1.43635 0.511
1000 1.43635 0.906
1000 1.43635 0.662
1000 1.43635 0.915
1000 1.43635 0.708
1000 1.43635 0.517
1000 1.43635 0.483
1000 1.43635 0.898
1000 1.43635 0.921
1000 1.43635 0.567
1000 1.43635 0.75
1000 1.43635 0.854
1000 1.43635 0.918
1000 1.43635 0.805
1000 1.43635 0.8
1000 1.43635 0.9
1000 1.43635 0.785
1000 1.43635 0.573
1000 1.43635 0.893
1000 1.43635 0.518
1000 1.43635 0.705
1000 1.43635 0.91
1000 1.43635 0.729
1000 1.43635 0.803
1000 1.43635 0.713
1000 1.43635 0.886
1000 1.43635 0.729
1000 1.43635 0.808
1000 1.43635 0.7
1000 1.43635 0.853
1000 1.43635 0.788
1000 1.43635 0.902
1000 1.43635 0.615
1000 1.43635 0.605
1000 1.43635 0.902
1000 1.43635 0.763
1000 1.43635 0.858
1000 1.43635 0.912
1000 1.43635 0.827
1000 1.43635 0.575
1000 1.43635 0.911
1000 1.43635 0.721
1000 1.43635 0.882
1000 1.43635 0.704
1000 1.43635 0.547
1000 1.43635 0.905
1000 1.43635 0.722
1000 1.43635 0.784
1000 1.43635 0.827
1000 1.43635 0.787
1000 1.43635 0.64
1000 1.43635 0.891
1000 1.43635 0.839
1000 1.43635 0.646
1000 1.43635 0.548
1000 1.43635 0.876
1000 1.43635 0.68
1000 1.43635 0.7
1000 1.43635 0.869
1000 1.43635 0.861
1000 1.43635 0.796
1000 1.43635 0.695
1000 1.43635 0.773
1000 1.43635 0.899
1000 1.43635 0.742
1000 1.43635 0.952
1000 1.43635 0.972
1000 1.43635 0.784
1000 1.43635 0.776
1000 1.43635 0.801
1000 1.43635 0.876
1000 1.43635 0.91
1000 1.43635 0.533
1000 1.43635 0.815
1000 1.43635 0.591
1000 1.43635 0.874
1000 1.43635 0.491
1000 1.43635 0.795
1000 1.43635 0.896
1000 1.43635 0.905
1000 1.43635 0.738
1000 1.43635 0.87
1000 1.43635 0.895
1000 1.43635 0.825
1000 1.43635 0.721
1000 1.43635 0.876
1000 1.43635 0.505
1000 1.43635 0.825
1000 1.43635 0.93
1000 1.43635 0.726
1000 1.43635 0.792
1000 1.43635 0.839
1000 1.43635 0.902
1000 1.43635 0.76
1000 1.43635 0.77
1000 1.43635 0.753
1000 1.43635 0.743
1000 1.43635 0.575
1000 1.43635 0.422
1000 1.43635 0.918
1000 1.43635 0.886
1000 1.43635 0.89
1000 1.43635 0.955
1000 1.43635 0.888
1000 1.43635 0.8
1000 1.43635 0.882
1000 1.43635 0.824
1000 1.43635 0.905
1000 1.43635 0.854
1000 1.43635 0.765
1000 1.43635 0.693
1000 1.43635 0.871
1000 1.43635 0.915
1000 1.43635 0.447
1000 1.43635 0.849
1000 1.43635 0.677
1000 1.43635 0.591
1000 1.43635 0.788
1000 1.43635 0.841
1000 1.43635 0.838
1000 1.43635 0.819
1000 1.43635 0.876
1000 1.43635 0.925
1000 1.43635 0.942
1000 1.43635 0.774
1000 1.43635 0.667
1000 1.43635 0.877
1000 1.43635 0.895
1000 1.43635 0.703
1000 1.43635 0.847
1000 1.43635 0.427
1000 1.43635 0.779
1000 1.43635 0.896
1000 1.43635 0.899
1000 1.43635 0.799
1000 1.43635 0.737
1000 1.43635 0.895
1000 1.43635 0.833
1000 1.43635 0.849
1000 1.43635 0.767
1000 1.43635 0.794
1000 1.43635 0.842
1000 1.43635 0.809
1000 1.43635 0.906
1000 1.43635 0.929
1000 1.43635 0.617
1000 1.43635 0.6
1000 1.43635 0.858
1000 1.43635 0.746
1000 1.43635 0.8
1000 1.43635 0.892
1000 1.43635 0.912
1000 1.43635 0.888
1000 1.43635 0.797
1000 1.43635 0.707
1000 1.43635 0.847
1000 1.43635 0.789
1000 1.43635 0.775
1000 1.43635 0.849
1000 1.43635 0.775
1000 1.43635 0.941
1000 1.43635 0.902
1000 1.43635 0.858
1000 1.43635 0.877
1000 1.43635 0.511
1000 1.43635 0.883
1000 1.43635 0.639
1000 1.43635 0.867
1000 1.43635 0.929
1000 1.43635 0.923
1000 1.43635 0.88
1000 1.43635 0.835
1000 1.43635 0.706
1000 1.43635 0.833
1000 1.43635 0.881
1000 1.43635 0.895
1000 1.43635 0.757
1000 1.43635 0.665
1000 1.43635 0.85
1000 1.43635 0.489
1000 1.43635 0.898
1000 1.43635 0.747
1000 1.43635 0.542
1000 1.43635 0.867
1000 1.43635 0.69
1000 1.43635 0.817
1000 1.43635 0.924
1000 1.43635 0.966
1000 1.43635 0.655
1000 1.43635 0.855
1000 1.43635 0.835
1000 1.43635 0.915
1000 1.43635 0.422
1000 1.43635 0.854
1000 1.43635 0.935
1000 1.43635 0.68
1000 1.43635 0.883
1000 1.43635 0.897
1000 1.43635 0.937
1000 1.43635 0.789
1000 1.43635 0.762
1000 1.43635 0.778
1000 1.43635 0.856
1000 1.43635 0.777
1000 1.43635 0.865
1000 1.43635 0.835
1000 1.43635 0.836
1000 1.43635 0.8
1000 1.43635 0.83
1000 1.43635 0.672
1000 1.43635 0.937
1000 1.43635 0.839
1000 1.43635 0.441
1000 1.43635 0.734
1000 1.43635 0.841
1000 1.43635 0.898
1000 1.43635 0.567
1000 1.43635 0.778
1000 1.43635 0.778
1000 1.43635 0.945
1000 1.43635 0.416
1000 1.43635 0.902
1000 1.43635 0.932
1000 1.43635 0.848
1000 1.43635 0.819
1000 1.43635 0.905
1000 1.43635 0.788
1000 1.43635 0.711
1000 1.43635 0.849
1000 1.43635 0.827
1000 1.43635 0.464
1000 1.43635 0.674
1000 1.43635 0.858
1000 1.43635 0.805
1000 1.43635 0.822
1000 1.43635 0.912
1000 1.43635 0.755
1000 1.43635 0.889
1000 1.43635 0.543
1000 1.43635 0.861
1000 1.43635 0.947
1000 1.43635 0.863
1000 1.43635 0.746
1000 1.43635 0.76
1000 1.43635 0.907
1000 1.43635 0.873
1000 1.43635 0.591
1000 1.43635 0.851
1000 1.43635 0.867
1000 1.43635 0.888
1000 1.43635 0.772
1000 1.43635 0.774
1000 1.43635 0.837
1000 1.43635 0.629
1000 1.43635 0.543
1000 1.43635 0.812
1000 1.43635 0.886
1000 1.43635 0.919
1000 1.43635 0.681
1000 1.43635 0.9
1000 1.43635 0.856
1000 1.43635 0.751
1000 1.43635 0.911
1000 1.43635 0.936
1000 1.43635 0.854
1000 1.43635 0.812
1000 1.43635 0.873
1000 1.43635 0.685
1000 1.43635 0.519
1000 1.43635 0.884
1000 1.43635 0.906
1000 1.43635 0.844
1000 1.43635 0.665
1000 1.43635 0.911
1000 1.43635 0.771
1000 1.43635 0.892
1000 1.43635 0.868
1000 1.43635 0.648
1000 1.43635 0.726
1000 1.43635 0.87
1000 1.43635 0.878
1000 1.43635 0.854
1000 1.43635 0.914
1000 1.43635 0.904
1000 1.43635 0.928
1000 1.43635 0.84
1000 1.43635 0.763
1000 1.43635 0.911
1000 1.43635 0.671
1000 1.43635 0.868
1000 1.43635 0.936
1000 1.43635 0.913
1000 1.43635 0.842
1000 1.43635 0.728
1000 1.43635 0.608
1000 1.43635 0.848
1000 1.43635 0.799
1000 1.43635 0.89
1000 1.43635 0.942
1000 1.43635 0.782
1000 1.43635 0.851
1000 1.43635 0.903
1000 1.43635 0.462
1000 1.43635 0.769
1000 1.43635 0.85
1000 1.43635 0.738
1000 1.43635 0.709
1000 1.43635 0.887
1000 1.43635 0.689
1000 1.43635 0.726
1000 1.43635 0.734
1000 1.43635 0.861
1000 1.43635 0.555
1000 1.43635 0.916
1000 1.43635 0.78
1000 1.43635 0.881
1000 1.43635 0.838
1000 1.43635 0.805
1000 1.43635 0.762
1000 1.43635 0.74
1000 1.43635 0.894
1000 1.43635 0.783
1000 1.43635 0.868
1000 1.43635 0.925
1000 1.43635 0.942
1000 1.43635 0.654
1000 1.43635 0.85
1000 1.43635 0.805
1000 1.43635 0.838
1000 1.43635 0.87
1000 1.43635 0.74
1000 1.43635 0.927
1000 1.43635 0.912
1000 1.43635 0.899
1000 1.43635 0.844
1000 1.43635 0.922
1000 1.43635 0.802
1000 1.43635 0.792
1000 1.43635 0.822
1000 1.43635 0.884
1000 1.43635 0.898
1000 1.43635 0.818
1000 1.43635 0.856
1000 1.43635 0.931
1000 1.43635 0.8
1000 1.43635 0.89
1000 1.43635 0.81
1000 1.43635 0.878
1000 1.43635 0.783
1000 1.43635 0.896
1000 1.43635 0.767
1000 1.43635 0.88
1000 1.43635 0.792
1000 1.43635 0.684
1000 1.43635 0.621
1000 1.43635 0.815
1000 1.43635 0.513
1000 1.43635 0.742
1000 1.43635 0.835
1000 1.43635 0.799
1000 1.43635 0.781
1000 1.43635 0.824
1000 1.43635 0.848
1000 1.43635 0.743
1000 1.43635 0.796
1000 1.43635 0.42
1000 1.43635 0.816
1000 1.43635 0.959
1000 1.43635 0.925
1000 1.43635 0.467
1000 1.43635 0.815
1000 1.43635 0.791
1000 1.43635 0.52
1000 1.43635 0.823
1000 1.43635 0.899
1000 1.43635 0.83
1000 1.43635 0.571
1000 1.43635 0.816
1000 1.43635 0.861
1000 1.43635 0.557
1000 1.43635 0.831
1000 1.43635 0.845
1000 1.43635 0.778
1000 1.43635 0.817
1000 1.43635 0.451
1000 1.43635 0.406
1000 1.43635 0.879
1000 1.43635 0.779
1000 1.43635 0.862
1000 1.43635 0.86
1000 1.43635 0.889
1000 1.43635 0.838
1000 1.43635 0.91
1000 1.43635 0.673
1000 1.43635 0.756
1000 1.43635 0.416
1000 1.43635 0.91
1000 1.43635 0.901
1000 1.43635 0.875
1000 1.43635 0.757
1000 1.43635 0.69
1000 1.43635 0.899
1000 1.43635 0.786
1000 1.43635 0.828
1000 1.43635 0.646
1000 1.43635 0.826
1000 1.43635 0.898
1000 1.43635 0.707
1000 1.43635 0.795
1000 1.43635 0.762
1000 1.43635 0.834
1000 1.43635 0.384
1000 1.43635 0.795
1000 1.43635 0.915
1000 1.43635 0.871
1000 1.43635 0.843
1000 1.43635 0.674
1000 1.43635 0.706
1000 1.43635 0.934
1000 1.43635 0.74
1000 1.43635 0.769
1000 1.43635 0.703
1000 1.43635 0.792
1000 1.43635 0.741
1000 1.43635 0.703
1000 1.43635 0.773
1000 1.43635 0.776
1000 1.43635 0.861
1000 1.43635 0.824
1000 1.43635 0.72
1000 1.43635 0.83
1000 1.43635 0.876
1000 1.43635 0.805
1000 1.43635 0.872
1000 1.43635 0.375
1000 1.43635 0.536
1000 1.43635 0.551
1000 1.43635 0.793
1000 1.43635 0.956
1000 1.43635 0.61
1000 1.43635 0.913
1000 1.43635 0.872
1000 1.43635 0.839
1000 1.43635 0.817
1000 1.43635 0.945
1000 1.43635 0.936
1000 1.43635 0.785
1000 1.43635 0.846
1000 1.43635 0.902
1000 1.43635 0.92
1000 1.43635 0.897
1000 1.43635 0.898
1000 1.43635 0.529
1000 1.43635 0.622
1000 1.43635 0.899
1000 1.43635 0.606
1000 1.43635 0.857
1000 1.43635 0.791
1000 1.43635 0.676
1000 1.43635 0.937
1000 1.43635 0.927
1000 1.43635 0.454
1000 1.43635 0.53
1000 1.43635 0.693
1000 1.43635 0.688
1000 1.43635 0.786
1000 1.43635 0.811
1000 1.43635 0.763
1000 1.43635 0.44
1000 1.43635 0.927
1000 1.43635 0.906
1000 1.43635 0.701
1000 1.43635 0.866
1000 1.43635 0.892
1000 1.43635 0.782
1000 1.43635 0.916
1000 1.43635 0.855
1000 1.43635 0.711
1000 1.43635 0.809
1000 1.43635 0.897
1000 1.43635 0.881
1000 1.43635 0.851
1000 1.43635 0.918
1000 1.43635 0.497
1000 1.43635 0.729
1000 1.43635 0.867
1000 1.43635 0.829
1000 1.43635 0.927
1000 1.43635 0.923
1000 1.43635 0.874
1000 1.43635 0.873
1000 1.43635 0.766
1000 1.43635 0.899
1000 1.43635 0.323
1000 1.43635 0.398
1000 1.43635 0.702
1000 1.43635 0.41
1000 1.43635 0.878
1000 1.43635 0.845
1000 1.43635 0.618
1000 1.43635 0.594
1000 1.43635 0.754
1000 1.43635 0.91
1000 1.43635 0.81
1000 1.43635 0.656
1000 1.43635 0.938
1000 1.43635 0.868
1000 1.43635 0.696
1000 1.43635 0.815
1000 1.43635 0.633
1000 1.43635 0.544
1000 1.43635 0.749
1000 1.43635 0.522
1000 1.43635 0.679
1000 1.43635 0.772
1000 1.43635 0.866
1000 1.43635 0.938
1000 1.43635 0.892
1000 1.43635 0.885
1000 1.43635 0.806
1000 1.43635 0.815
1000 1.43635 0.821
1000 1.43635 0.909
1000 1.43635 0.867
1000 1.43635 0.452
1000 1.43635 0.917
1000 1.43635 0.855
1000 1.43635 0.922
1000 1.43635 0.786
1000 1.43635 0.856
1000 1.43635 0.903
1000 1.43635 0.836
1000 1.43635 0.768
1000 1.43635 0.67
1000 1.43635 0.74
1000 1.43635 0.905
1000 1.43635 0.773
1000 1.43635 0.894
1000 1.43635 0.772
1000 1.43635 0.732
1000 1.43635 0.87
1000 1.43635 0.852
1000 1.43635 0.818
1000 1.43635 0.861
1000 1.43635 0.915
1000 1.43635 0.871
1000 1.43635 0.848
1000 1.43635 0.76
1000 1.43635 0.747
1000 1.43635 0.729
1000 1.43635 0.739
1000 1.43635 0.693
1000 1.43635 0.581
1000 1.43635 0.878
1000 1.43635 0.893
1000 1.43635 0.832
1000 1.43635 0.877
1000 1.43635 0.703
1000 1.43635 0.956
1000 1.43635 0.931
1000 1.43635 0.887
1000 1.43635 0.888
1000 1.43635 0.819
1000 1.43635 0.811
1000 1.43635 0.547
1000 1.43635 0.949
1000 1.43635 0.635
1000 1.43635 0.878
1000 1.43635 0.861
1000 1.43635 0.766
1000 1.43635 0.857
1000 1.43635 0.919
1000 1.43635 0.874
1000 1.43635 0.318
1000 1.43635 0.906
1000 1.43635 0.876
1000 1.43635 0.677
1000 1.43635 0.898
1000 1.43635 0.876
1000 1.43635 0.726
1000 1.43635 0.884
1000 1.43635 0.57
1000 1.43635 0.918
1000 1.43635 0.948
1000 1.43635 0.756
1000 1.43635 0.722
1000 1.43635 0.868
1000 1.43635 0.817
1000 1.43635 0.901
1000 1.43635 0.664
1000 1.43635 0.588
1000 1.43635 0.874
1000 1.43635 0.863
1000 1.43635 0.933
1000 1.43635 0.895
1000 1.43635 0.591
1000 1.43635 0.656
1000 1.43635 0.906
1000 1.43635 0.849
1000 1.43635 0.806
1000 1.43635 0.661
1000 1.43635 0.755
1000 1.43635 0.822
1000 1.43635 0.768
1000 1.43635 0.784
1000 1.43635 0.917
1000 1.43635 0.814
1000 1.43635 0.914
1000 1.43635 0.803
1000 1.43635 0.849
1000 1.43635 0.962
1000 1.43635 0.728
1000 1.43635 0.6
1000 1.43635 0.469
1000 1.43635 0.567
1000 1.43635 0.717
1000 1.43635 0.696
1000 1.43635 0.844
1000 1.43635 0.921
1000 1.43635 0.895
1000 1.43635 0.937
1000 1.43635 0.904
1000 1.43635 0.741
1000 1.43635 0.931
1000 1.43635 0.899
1000 1.43635 0.876
1000 1.43635 0.887
1000 1.43635 0.884
1000 1.43635 0.866
1000 1.43635 0.69
1000 1.43635 0.902
1000 1.43635 0.841
1000 1.43635 0.808
1000 1.43635 0.926
1000 1.43635 0.887
1000 1.43635 0.869
1000 1.43635 0.92
1000 1.43635 0.766
1000 1.43635 0.85
1000 1.43635 0.831
1000 1.43635 0.777
1000 1.43635 0.855
1000 1.43635 0.959
1000 1.43635 0.832
1000 1.43635 0.851
1000 1.43635 0.692
1000 1.43635 0.81
1000 1.43635 0.894
1000 1.43635 0.892
1000 1.43635 0.896
1000 1.43635 0.818
1000 1.43635 0.725
1000 1.43635 0.876
1000 1.43635 0.597
1000 1.43635 0.883
1000 1.43635 0.816
1000 1.43635 0.757
1000 1.43635 0.831
1000 1.43635 0.736
1000 1.43635 0.779
1000 1.43635 0.684
1000 1.43635 0.846
1000 1.43635 0.722
1000 1.43635 0.618
1000 1.43635 0.731
1000 1.43635 0.769
1000 1.43635 0.868
1000 1.43635 0.837
1000 1.43635 0.826
1000 1.43635 0.52
1000 1.43635 0.543
1000 1.43635 0.823
1000 1.43635 0.697
1000 1.43635 0.838
1000 1.43635 0.801
1000 1.43635 0.47
1000 1.43635 0.871
1000 1.43635 0.8
1000 1.43635 0.428
1000 1.43635 0.712
1000 1.43635 0.686
1000 1.43635 0.869
1000 1.43635 0.84
1000 1.43635 0.966
1000 1.43635 0.849
1000 1.43635 0.723
1000 1.43635 0.892
1000 1.43635 0.828
1000 1.43635 0.924
1000 1.43635 0.866
1000 1.43635 0.874
1000 1.43635 0.911
1000 1.43635 0.936
1000 1.43635 0.932
1000 1.43635 0.928
1000 1.43635 0.9
1000 1.43635 0.729
1000 1.43635 0.906
1000 1.43635 0.873
1000 1.43635 0.799
1000 1.43635 0.869
1000 1.43635 0.896
1000 1.43635 0.632
1000 1.43635 0.588
1000 1.43635 0.857
1000 1.43635 0.643
1000 1.43635 0.242
1000 1.43635 0.671
1000 1.43635 0.807
1000 1.43635 0.839
1000 1.43635 0.283
1000 1.43635 0.896
1000 1.43635 0.864
1000 1.43635 0.851
1000 1.43635 0.865
1000 1.43635 0.623
1000 1.43635 0.873
1000 1.43635 0.818
1000 1.43635 0.746
1000 1.43635 0.844
1000 1.43635 0.899
1000 1.43635 0.433
1000 1.43635 0.669
1000 1.43635 0.933
1000 1.43635 0.708
1000 1.43635 0.74
1000 1.43635 0.825
1000 1.43635 0.725
1000 1.43635 0.884
1000 1.43635 0.92
1000 1.43635 0.768
1000 1.43635 0.836
1000 1.43635 0.919
1000 1.43635 0.912
1000 1.43635 0.939
1000 1.43635 0.452
1000 1.43635 0.79
1000 1.43635 0.878
1000 1.43635 0.911
1000 1.43635 0.506
1000 1.43635 0.536
1000 1.43635 0.805
1000 1.43635 0.807
1000 1.43635 0.752
1000 1.43635 0.892
1000 1.43635 0.627
1000 1.43635 0.876
1000 1.43635 0.823
1000 1.43635 0.912
1000 1.43635 0.592
1000 1.43635 0.852
1000 1.43635 0.935
1000 1.43635 0.773
1000 1.43635 0.701
1000 1.43635 0.872
1000 1.43635 0.927
1000 1.43635 0.819
1000 1.43635 0.792
1000 1.43635 0.747
1000 1.43635 0.739
1000 1.43635 0.94
1000 1.43635 0.611
1000 1.43635 0.501
1000 1.43635 0.81
1000 1.43635 0.314
1000 1.43635 0.878
1000 1.43635 0.631
1000 1.43635 0.926
1000 1.43635 0.902
1000 1.43635 0.9
1000 1.43635 0.692
1000 1.43635 0.91
1000 1.43635 0.766
1000 1.43635 0.789
1000 1.43635 0.875
1000 1.43635 0.877
1000 1.43635 0.858
1000 1.43635 0.889
1000 1.43635 0.869
1000 1.43635 0.924
1000 1.43635 0.733
1000 1.43635 0.857
1000 1.43635 0.725
1000 1.43635 0.815
1000 1.43635 0.428
1000 1.43635 0.907
1000 1.43635 0.874
1000 1.43635 0.888
1000 1.43635 0.918
1000 1.43635 0.773
1000 1.43635 0.802
1000 1.43635 0.791
1000 1.43635 0.784
1000 1.43635 0.454
1000 1.43635 0.722
1000 1.43635 0.787
1000 1.43635 0.571
1000 1.43635 0.708
1000 1.43635 0.935
1000 1.43635 0.867
1000 1.43635 0.871
1000 1.43635 0.91
1000 1.43635 0.912
1000 1.43635 0.759
1000 1.43635 0.885
1000 1.43635 0.668
1000 1.43635 0.713
1000 1.43635 0.908
1000 1.43635 0.499
1000 1.43635 0.894
1000 1.43635 0.871
1000 1.43635 0.901
1000 1.43635 0.915
1000 1.43635 0.767
1000 1.43635 0.811
1000 1.43635 0.875
1000 1.43635 0.935
1000 1.43635 0.917
