100000000 1.43635 0.492147
100000000 1.43635 0.40227
100000000 1.43635 0.50786
100000000 1.43635 0.506872
100000000 1.43635 0.388717
100000000 1.43635 0.435329
100000000 1.43635 0.332408
100000000 1.43635 0.463711
100000000 1.43635 0.396031
100000000 1.43635 0.392743
100000000 1.43635 0.412953
100000000 1.43635 0.496671
100000000 1.43635 0.231678
100000000 1.43635 0.512637
100000000 1.43635 0.510442
100000000 1.43635 0.369784
100000000 1.43635 0.51797
100000000 1.43635 0.486515
100000000 1.43635 0.478485
100000000 1.43635 0.511162
100000000 1.43635 0.479108
100000000 1.43635 0.419761
100000000 1.43635 0.434681
100000000 1.43635 0.212624
100000000 1.43635 0.404004
100000000 1.43635 0.527544
100000000 1.43635 0.328578
100000000 1.43635 0.450323
100000000 1.43635 0.531658
100000000 1.43635 0.448037
100000000 1.43635 0.159634
100000000 1.43635 0.243413
100000000 1.43635 0.499172
100000000 1.43635 0.300172
100000000 1.43635 0.129518
100000000 1.43635 0.516285
100000000 1.43635 0.336605
100000000 1.43635 0.517975
100000000 1.43635 0.365018
100000000 1.43635 0.427869
100000000 1.43635 0.527229
100000000 1.43635 0.514357
100000000 1.43635 0.422465
100000000 1.43635 0.421565
100000000 1.43635 0.382527
100000000 1.43635 0.473486
100000000 1.43635 0.346808
100000000 1.43635 0.447578
100000000 1.43635 0.475153
100000000 1.43635 0.483386
100000000 1.43635 0.326363
100000000 1.43635 0.527006
100000000 1.43635 0.251554
100000000 1.43635 0.538842
100000000 1.43635 0.23045
100000000 1.43635 0.231741
100000000 1.43635 0.503405
100000000 1.43635 0.45622
100000000 1.43635 0.540939
100000000 1.43635 0.400069
100000000 1.43635 0.441984
100000000 1.43635 0.494858
100000000 1.43635 0.374822
100000000 1.43635 0.305037
100000000 1.43635 0.403414
100000000 1.43635 0.495781
100000000 1.43635 0.497796
100000000 1.43635 0.528744
100000000 1.43635 0.490199
100000000 1.43635 0.523602
100000000 1.43635 0.218045
100000000 1.43635 0.524162
100000000 1.43635 0.482187
100000000 1.43635 0.353407
100000000 1.43635 0.298377
100000000 1.43635 0.465513
100000000 1.43635 0.409324
100000000 1.43635 0.47115
100000000 1.43635 0.527163
100000000 1.43635 0.468647
100000000 1.43635 0.466704
100000000 1.43635 0.288776
100000000 1.43635 0.40288
100000000 1.43635 0.504278
100000000 1.43635 0.525432
100000000 1.43635 0.404395
100000000 1.43635 0.496254
100000000 1.43635 0.524029
100000000 1.43635 0.509042
100000000 1.43635 0.538586
100000000 1.43635 0.376174
100000000 1.43635 0.413515
100000000 1.43635 0.463447
100000000 1.43635 0.495326
100000000 1.43635 0.465535
100000000 1.43635 0.52161
100000000 1.43635 0.231148
100000000 1.43635 0.487757
100000000 1.43635 0.47986
100000000 1.43635 0.46057
100000000 1.43635 0.484346
100000000 1.43635 0.491197
100000000 1.43635 0.406656
100000000 1.43635 0.451099
100000000 1.43635 0.276576
100000000 1.43635 0.488686
100000000 1.43635 0.451724
100000000 1.43635 0.531347
100000000 1.43635 0.47676
100000000 1.43635 0.532216
100000000 1.43635 0.498798
100000000 1.43635 0.440859
100000000 1.43635 0.394942
100000000 1.43635 0.390914
100000000 1.43635 0.554163
100000000 1.43635 0.542797
100000000 1.43635 0.47152
100000000 1.43635 0.452024
100000000 1.43635 0.454575
100000000 1.43635 0.396285
100000000 1.43635 0.429655
100000000 1.43635 0.53702
100000000 1.43635 0.482372
100000000 1.43635 0.534157
100000000 1.43635 0.47167
100000000 1.43635 0.290488
100000000 1.43635 0.45832
100000000 1.43635 0.437141
100000000 1.43635 0.468832
100000000 1.43635 0.410606
100000000 1.43635 0.503641
100000000 1.43635 0.499056
100000000 1.43635 0.253099
100000000 1.43635 0.371735
100000000 1.43635 0.447159
100000000 1.43635 0.506742
100000000 1.43635 0.431612
100000000 1.43635 0.467838
100000000 1.43635 0.473329
100000000 1.43635 0.357794
100000000 1.43635 0.273782
100000000 1.43635 0.35059
100000000 1.43635 0.337641
100000000 1.43635 0.430847
100000000 1.43635 0.465519
100000000 1.43635 0.548973
100000000 1.43635 0.499231
100000000 1.43635 0.409663
100000000 1.43635 0.437766
100000000 1.43635 0.470374
100000000 1.43635 0.431296
100000000 1.43635 0.480346
100000000 1.43635 0.219282
100000000 1.43635 0.534746
100000000 1.43635 0.247323
100000000 1.43635 0.482557
100000000 1.43635 0.502793
100000000 1.43635 0.21905
100000000 1.43635 0.467916
100000000 1.43635 0.53735
100000000 1.43635 0.495304
100000000 1.43635 0.465996
100000000 1.43635 0.498034
100000000 1.43635 0.421911
100000000 1.43635 0.360826
100000000 1.43635 0.538499
100000000 1.43635 0.475833
100000000 1.43635 0.29737
100000000 1.43635 0.502485
100000000 1.43635 0.525072
100000000 1.43635 0.508093
100000000 1.43635 0.379189
100000000 1.43635 0.341193
100000000 1.43635 0.496868
100000000 1.43635 0.450652
100000000 1.43635 0.39125
100000000 1.43635 0.212805
100000000 1.43635 0.488507
100000000 1.43635 0.54522
100000000 1.43635 0.530303
100000000 1.43635 0.515711
100000000 1.43635 0.399198
100000000 1.43635 0.358323
100000000 1.43635 0.510364
100000000 1.43635 0.365978
100000000 1.43635 0.233622
100000000 1.43635 0.526167
100000000 1.43635 0.486623
100000000 1.43635 0.424871
100000000 1.43635 0.427038
100000000 1.43635 0.414472
100000000 1.43635 0.450094
100000000 1.43635 0.34106
100000000 1.43635 0.330892
100000000 1.43635 0.451748
100000000 1.43635 0.256927
100000000 1.43635 0.506405
100000000 1.43635 0.207387
100000000 1.43635 0.461473
100000000 1.43635 0.463988
100000000 1.43635 0.506357
100000000 1.43635 0.529977
100000000 1.43635 0.495708
100000000 1.43635 0.425937
100000000 1.43635 0.444648
100000000 1.43635 0.436947
100000000 1.43635 0.538752
100000000 1.43635 0.51956
100000000 1.43635 0.462763
100000000 1.43635 0.51448
100000000 1.43635 0.451666
100000000 1.43635 0.321852
100000000 1.43635 0.471691
100000000 1.43635 0.271568
100000000 1.43635 0.357392
100000000 1.43635 0.476164
100000000 1.43635 0.446117
100000000 1.43635 0.512401
100000000 1.43635 0.44352
100000000 1.43635 0.414792
100000000 1.43635 0.245456
100000000 1.43635 0.227657
100000000 1.43635 0.434185
100000000 1.43635 0.432936
100000000 1.43635 0.485929
100000000 1.43635 0.413055
100000000 1.43635 0.19508
100000000 1.43635 0.412688
100000000 1.43635 0.426736
100000000 1.43635 0.218362
100000000 1.43635 0.485701
100000000 1.43635 0.525617
100000000 1.43635 0.478223
100000000 1.43635 0.366811
100000000 1.43635 0.505706
100000000 1.43635 0.447716
100000000 1.43635 0.47724
100000000 1.43635 0.455648
100000000 1.43635 0.446522
100000000 1.43635 0.31975
100000000 1.43635 0.474179
100000000 1.43635 0.531572
100000000 1.43635 0.517817
100000000 1.43635 0.500886
100000000 1.43635 0.48921
100000000 1.43635 0.390353
100000000 1.43635 0.511179
100000000 1.43635 0.475652
100000000 1.43635 0.475195
100000000 1.43635 0.293374
100000000 1.43635 0.485656
100000000 1.43635 0.50794
100000000 1.43635 0.523504
100000000 1.43635 0.293939
100000000 1.43635 0.489251
100000000 1.43635 0.53296
100000000 1.43635 0.492304
100000000 1.43635 0.496144
100000000 1.43635 0.283873
100000000 1.43635 0.364486
100000000 1.43635 0.451861
100000000 1.43635 0.51633
100000000 1.43635 0.456799
100000000 1.43635 0.252594
100000000 1.43635 0.481027
100000000 1.43635 0.461728
100000000 1.43635 0.444525
100000000 1.43635 0.410413
100000000 1.43635 0.517728
100000000 1.43635 0.435797
100000000 1.43635 0.474149
100000000 1.43635 0.455132
100000000 1.43635 0.451863
100000000 1.43635 0.460592
100000000 1.43635 0.476755
100000000 1.43635 0.26591
100000000 1.43635 0.423403
100000000 1.43635 0.285032
100000000 1.43635 0.284856
100000000 1.43635 0.399756
100000000 1.43635 0.186608
100000000 1.43635 0.412644
100000000 1.43635 0.309224
100000000 1.43635 0.196145
100000000 1.43635 0.450231
100000000 1.43635 0.516563
100000000 1.43635 0.497561
100000000 1.43635 0.427673
100000000 1.43635 0.507519
100000000 1.43635 0.531732
100000000 1.43635 0.272662
100000000 1.43635 0.514832
100000000 1.43635 0.542933
100000000 1.43635 0.501499
100000000 1.43635 0.323019
100000000 1.43635 0.448731
100000000 1.43635 0.473917
100000000 1.43635 0.485373
100000000 1.43635 0.511537
100000000 1.43635 0.416178
