100000 1.43635 0.54631
100000 1.43635 0.57958
100000 1.43635 0.45985
100000 1.43635 0.65926
100000 1.43635 0.45583
100000 1.43635 0.70666
100000 1.43635 0.6888
100000 1.43635 0.79456
100000 1.43635 0.62715
100000 1.43635 0.58835
100000 1.43635 0.59278
100000 1.43635 0.74447
100000 1.43635 0.54841
100000 1.43635 0.71121
100000 1.43635 0.37407
100000 1.43635 0.66484
100000 1.43635 0.33094
100000 1.43635 0.45087
100000 1.43635 0.76195
100000 1.43635 0.66204
100000 1.43635 0.65205
100000 1.43635 0.74771
100000 1.43635 0.58267
100000 1.43635 0.31237
100000 1.43635 0.72937
100000 1.43635 0.35463
100000 1.43635 0.70525
100000 1.43635 0.73711
100000 1.43635 0.70041
100000 1.43635 0.7397
100000 1.43635 0.65426
100000 1.43635 0.76326
100000 1.43635 0.57364
100000 1.43635 0.6065
100000 1.43635 0.66745
100000 1.43635 0.48094
100000 1.43635 0.6368
100000 1.43635 0.60854
100000 1.43635 0.35294
100000 1.43635 0.76349
100000 1.43635 0.62933
100000 1.43635 0.67797
100000 1.43635 0.67165
100000 1.43635 0.75951
100000 1.43635 0.47252
100000 1.43635 0.6095
100000 1.43635 0.68634
100000 1.43635 0.19198
100000 1.43635 0.70168
100000 1.43635 0.6125
100000 1.43635 0.50099
100000 1.43635 0.65022
100000 1.43635 0.53632
100000 1.43635 0.73244
100000 1.43635 0.62899
100000 1.43635 0.62067
100000 1.43635 0.16921
100000 1.43635 0.57483
100000 1.43635 0.25443
100000 1.43635 0.62887
100000 1.43635 0.6811
100000 1.43635 0.72615
100000 1.43635 0.71509
100000 1.43635 0.70309
100000 1.43635 0.72639
100000 1.43635 0.4346
100000 1.43635 0.38921
100000 1.43635 0.70603
100000 1.43635 0.36654
100000 1.43635 0.72251
100000 1.43635 0.48392
100000 1.43635 0.7524
100000 1.43635 0.70073
100000 1.43635 0.7213
100000 1.43635 0.68736
100000 1.43635 0.56111
100000 1.43635 0.72774
100000 1.43635 0.73403
100000 1.43635 0.69981
100000 1.43635 0.70947
100000 1.43635 0.64921
100000 1.43635 0.74611
100000 1.43635 0.6563
100000 1.43635 0.59928
100000 1.43635 0.6968
100000 1.43635 0.69667
100000 1.43635 0.71718
100000 1.43635 0.58172
100000 1.43635 0.58817
100000 1.43635 0.58645
100000 1.43635 0.65088
100000 1.43635 0.6685
100000 1.43635 0.61665
100000 1.43635 0.6634
100000 1.43635 0.73916
100000 1.43635 0.63074
100000 1.43635 0.63733
100000 1.43635 0.52055
100000 1.43635 0.64037
100000 1.43635 0.76579
100000 1.43635 0.64211
100000 1.43635 0.57874
100000 1.43635 0.29371
100000 1.43635 0.64272
100000 1.43635 0.6822
100000 1.43635 0.63502
100000 1.43635 0.70271
100000 1.43635 0.68633
100000 1.43635 0.71049
100000 1.43635 0.56971
100000 1.43635 0.68213
100000 1.43635 0.75336
100000 1.43635 0.60563
100000 1.43635 0.62452
100000 1.43635 0.67642
100000 1.43635 0.68581
100000 1.43635 0.74335
100000 1.43635 0.73505
100000 1.43635 0.72608
100000 1.43635 0.64978
100000 1.43635 0.73719
100000 1.43635 0.54452
100000 1.43635 0.53393
100000 1.43635 0.6305
100000 1.43635 0.31908
100000 1.43635 0.72547
100000 1.43635 0.65673
100000 1.43635 0.38766
100000 1.43635 0.72258
100000 1.43635 0.61737
100000 1.43635 0.75365
100000 1.43635 0.29205
100000 1.43635 0.55913
100000 1.43635 0.66039
100000 1.43635 0.50556
100000 1.43635 0.7443
100000 1.43635 0.74507
100000 1.43635 0.64983
100000 1.43635 0.31359
100000 1.43635 0.56327
100000 1.43635 0.54982
100000 1.43635 0.3948
100000 1.43635 0.63667
100000 1.43635 0.59586
100000 1.43635 0.62117
100000 1.43635 0.4936
100000 1.43635 0.27134
100000 1.43635 0.73667
100000 1.43635 0.66783
100000 1.43635 0.4429
100000 1.43635 0.58929
100000 1.43635 0.6818
100000 1.43635 0.63237
100000 1.43635 0.54308
100000 1.43635 0.74907
100000 1.43635 0.73587
100000 1.43635 0.77176
100000 1.43635 0.42148
100000 1.43635 0.60072
100000 1.43635 0.42569
100000 1.43635 0.57443
100000 1.43635 0.69556
100000 1.43635 0.7189
100000 1.43635 0.58832
100000 1.43635 0.69118
100000 1.43635 0.6723
100000 1.43635 0.74681
100000 1.43635 0.71975
100000 1.43635 0.78739
100000 1.43635 0.55835
100000 1.43635 0.27595
100000 1.43635 0.35334
100000 1.43635 0.68375
100000 1.43635 0.66374
100000 1.43635 0.49958
100000 1.43635 0.70574
100000 1.43635 0.65235
100000 1.43635 0.53409
100000 1.43635 0.72894
100000 1.43635 0.50462
100000 1.43635 0.37689
100000 1.43635 0.76033
100000 1.43635 0.73499
100000 1.43635 0.56769
100000 1.43635 0.72907
100000 1.43635 0.46403
100000 1.43635 0.70758
100000 1.43635 0.4767
100000 1.43635 0.4268
100000 1.43635 0.53172
100000 1.43635 0.72326
100000 1.43635 0.55427
100000 1.43635 0.70011
100000 1.43635 0.69973
100000 1.43635 0.66958
100000 1.43635 0.76636
100000 1.43635 0.34272
100000 1.43635 0.41512
100000 1.43635 0.59658
100000 1.43635 0.55963
100000 1.43635 0.65697
100000 1.43635 0.74917
100000 1.43635 0.5896
100000 1.43635 0.58144
100000 1.43635 0.70213
100000 1.43635 0.46472
100000 1.43635 0.78683
100000 1.43635 0.74449
100000 1.43635 0.71945
100000 1.43635 0.60814
100000 1.43635 0.76692
100000 1.43635 0.58808
100000 1.43635 0.50657
100000 1.43635 0.72969
100000 1.43635 0.67117
100000 1.43635 0.63251
100000 1.43635 0.60639
100000 1.43635 0.5515
100000 1.43635 0.31606
100000 1.43635 0.5059
100000 1.43635 0.56598
100000 1.43635 0.77675
100000 1.43635 0.72549
100000 1.43635 0.71503
100000 1.43635 0.28794
100000 1.43635 0.67368
100000 1.43635 0.57198
100000 1.43635 0.34754
100000 1.43635 0.67532
100000 1.43635 0.75036
100000 1.43635 0.64112
100000 1.43635 0.60337
100000 1.43635 0.67423
100000 1.43635 0.67927
100000 1.43635 0.59964
100000 1.43635 0.51451
100000 1.43635 0.42445
100000 1.43635 0.71088
100000 1.43635 0.43587
100000 1.43635 0.45105
100000 1.43635 0.51309
100000 1.43635 0.62006
100000 1.43635 0.7532
100000 1.43635 0.71184
100000 1.43635 0.69623
100000 1.43635 0.71949
100000 1.43635 0.60795
100000 1.43635 0.41136
100000 1.43635 0.6633
100000 1.43635 0.76787
100000 1.43635 0.53443
100000 1.43635 0.40063
100000 1.43635 0.56909
100000 1.43635 0.71918
100000 1.43635 0.73688
100000 1.43635 0.4627
100000 1.43635 0.62547
100000 1.43635 0.66577
100000 1.43635 0.67468
100000 1.43635 0.62657
100000 1.43635 0.58804
100000 1.43635 0.41807
100000 1.43635 0.66646
100000 1.43635 0.33344
100000 1.43635 0.43758
100000 1.43635 0.61632
100000 1.43635 0.4297
100000 1.43635 0.70205
100000 1.43635 0.69616
100000 1.43635 0.73227
100000 1.43635 0.68251
100000 1.43635 0.45491
100000 1.43635 0.67352
100000 1.43635 0.64446
100000 1.43635 0.71081
100000 1.43635 0.72209
100000 1.43635 0.65349
100000 1.43635 0.74207
100000 1.43635 0.47269
100000 1.43635 0.71453
100000 1.43635 0.41042
100000 1.43635 0.70659
100000 1.43635 0.41735
100000 1.43635 0.60703
100000 1.43635 0.26415
100000 1.43635 0.71362
100000 1.43635 0.58777
100000 1.43635 0.69079
100000 1.43635 0.56161
100000 1.43635 0.61444
100000 1.43635 0.72794
100000 1.43635 0.55727
100000 1.43635 0.69589
100000 1.43635 0.77338
100000 1.43635 0.65225
100000 1.43635 0.46557
100000 1.43635 0.59042
100000 1.43635 0.66433
100000 1.43635 0.42544
100000 1.43635 0.7021
100000 1.43635 0.6923
100000 1.43635 0.72685
100000 1.43635 0.27028
100000 1.43635 0.62034
100000 1.43635 0.60842
100000 1.43635 0.64466
100000 1.43635 0.44732
100000 1.43635 0.49685
100000 1.43635 0.31767
100000 1.43635 0.32768
100000 1.43635 0.56271
100000 1.43635 0.68839
100000 1.43635 0.32309
100000 1.43635 0.36615
100000 1.43635 0.53989
100000 1.43635 0.70333
100000 1.43635 0.72287
100000 1.43635 0.60097
100000 1.43635 0.46052
100000 1.43635 0.60315
100000 1.43635 0.50168
100000 1.43635 0.45207
100000 1.43635 0.62532
100000 1.43635 0.72244
100000 1.43635 0.78153
100000 1.43635 0.28506
100000 1.43635 0.58278
100000 1.43635 0.56172
100000 1.43635 0.69524
100000 1.43635 0.71187
100000 1.43635 0.65416
100000 1.43635 0.73608
100000 1.43635 0.70371
100000 1.43635 0.66358
100000 1.43635 0.70947
100000 1.43635 0.65829
100000 1.43635 0.315
100000 1.43635 0.61729
100000 1.43635 0.34947
100000 1.43635 0.58416
100000 1.43635 0.60815
100000 1.43635 0.74921
100000 1.43635 0.52913
100000 1.43635 0.72696
100000 1.43635 0.78663
100000 1.43635 0.68574
100000 1.43635 0.65172
100000 1.43635 0.61307
100000 1.43635 0.55328
100000 1.43635 0.73087
100000 1.43635 0.6139
100000 1.43635 0.70413
100000 1.43635 0.61655
100000 1.43635 0.55945
100000 1.43635 0.55902
100000 1.43635 0.65761
100000 1.43635 0.65715
100000 1.43635 0.54194
100000 1.43635 0.43795
100000 1.43635 0.77099
100000 1.43635 0.68139
100000 1.43635 0.70429
100000 1.43635 0.68467
100000 1.43635 0.55615
100000 1.43635 0.61206
100000 1.43635 0.21909
100000 1.43635 0.63695
100000 1.43635 0.62708
100000 1.43635 0.65121
100000 1.43635 0.74244
100000 1.43635 0.67088
100000 1.43635 0.67284
100000 1.43635 0.42845
100000 1.43635 0.3428
100000 1.43635 0.54323
100000 1.43635 0.50619
100000 1.43635 0.50212
100000 1.43635 0.58044
100000 1.43635 0.54303
100000 1.43635 0.60447
100000 1.43635 0.6524
100000 1.43635 0.70459
100000 1.43635 0.70758
100000 1.43635 0.67534
100000 1.43635 0.65207
100000 1.43635 0.40319
100000 1.43635 0.67993
100000 1.43635 0.36597
100000 1.43635 0.70195
100000 1.43635 0.68128
100000 1.43635 0.66579
100000 1.43635 0.63818
100000 1.43635 0.7104
100000 1.43635 0.71175
100000 1.43635 0.61221
100000 1.43635 0.58574
100000 1.43635 0.74457
100000 1.43635 0.67332
100000 1.43635 0.3549
100000 1.43635 0.58979
100000 1.43635 0.77212
100000 1.43635 0.53621
100000 1.43635 0.64796
100000 1.43635 0.61301
100000 1.43635 0.47621
100000 1.43635 0.76749
100000 1.43635 0.72072
100000 1.43635 0.49138
100000 1.43635 0.57249
100000 1.43635 0.71465
100000 1.43635 0.70877
100000 1.43635 0.40409
100000 1.43635 0.65799
100000 1.43635 0.63839
100000 1.43635 0.60807
100000 1.43635 0.30529
100000 1.43635 0.59817
100000 1.43635 0.71736
100000 1.43635 0.65442
100000 1.43635 0.62869
100000 1.43635 0.62969
100000 1.43635 0.67176
100000 1.43635 0.73198
100000 1.43635 0.66237
100000 1.43635 0.50464
100000 1.43635 0.73641
100000 1.43635 0.62947
100000 1.43635 0.60626
100000 1.43635 0.67941
100000 1.43635 0.64252
100000 1.43635 0.31248
100000 1.43635 0.71574
100000 1.43635 0.57402
100000 1.43635 0.722
100000 1.43635 0.72609
100000 1.43635 0.71148
100000 1.43635 0.4994
100000 1.43635 0.67357
100000 1.43635 0.75525
100000 1.43635 0.71311
100000 1.43635 0.53507
100000 1.43635 0.62645
100000 1.43635 0.68949
100000 1.43635 0.67271
100000 1.43635 0.60455
100000 1.43635 0.75477
100000 1.43635 0.53285
100000 1.43635 0.68438
100000 1.43635 0.54106
100000 1.43635 0.75077
100000 1.43635 0.73584
100000 1.43635 0.33372
100000 1.43635 0.52211
100000 1.43635 0.44248
100000 1.43635 0.68116
100000 1.43635 0.56082
100000 1.43635 0.3271
100000 1.43635 0.65155
100000 1.43635 0.69229
100000 1.43635 0.73921
100000 1.43635 0.23576
100000 1.43635 0.48692
100000 1.43635 0.70544
100000 1.43635 0.74401
100000 1.43635 0.61891
100000 1.43635 0.58909
100000 1.43635 0.71717
100000 1.43635 0.59968
100000 1.43635 0.63948
100000 1.43635 0.63848
100000 1.43635 0.68157
100000 1.43635 0.70205
100000 1.43635 0.60828
100000 1.43635 0.50057
100000 1.43635 0.6044
100000 1.43635 0.53733
100000 1.43635 0.74466
100000 1.43635 0.71868
100000 1.43635 0.61852
100000 1.43635 0.62881
100000 1.43635 0.55147
100000 1.43635 0.65711
100000 1.43635 0.72897
100000 1.43635 0.53928
100000 1.43635 0.76714
100000 1.43635 0.44365
100000 1.43635 0.60996
100000 1.43635 0.7009
100000 1.43635 0.68345
100000 1.43635 0.32116
100000 1.43635 0.6414
100000 1.43635 0.74877
100000 1.43635 0.26691
100000 1.43635 0.61145
100000 1.43635 0.75081
100000 1.43635 0.55544
100000 1.43635 0.47565
100000 1.43635 0.77446
100000 1.43635 0.56173
100000 1.43635 0.56557
100000 1.43635 0.59351
100000 1.43635 0.43794
100000 1.43635 0.64196
100000 1.43635 0.72963
100000 1.43635 0.66927
100000 1.43635 0.34242
100000 1.43635 0.68017
100000 1.43635 0.45066
100000 1.43635 0.5412
100000 1.43635 0.68198
100000 1.43635 0.48272
100000 1.43635 0.63606
100000 1.43635 0.38075
100000 1.43635 0.72468
100000 1.43635 0.61745
100000 1.43635 0.73526
100000 1.43635 0.6327
100000 1.43635 0.74528
100000 1.43635 0.62839
100000 1.43635 0.62764
100000 1.43635 0.58797
100000 1.43635 0.40021
100000 1.43635 0.62725
100000 1.43635 0.64086
100000 1.43635 0.77513
100000 1.43635 0.67111
100000 1.43635 0.75763
100000 1.43635 0.58996
100000 1.43635 0.66884
100000 1.43635 0.46834
100000 1.43635 0.64706
100000 1.43635 0.69108
100000 1.43635 0.48442
100000 1.43635 0.67645
100000 1.43635 0.60552
100000 1.43635 0.74911
100000 1.43635 0.69736
100000 1.43635 0.56404
100000 1.43635 0.68065
100000 1.43635 0.6564
100000 1.43635 0.74272
100000 1.43635 0.44653
100000 1.43635 0.70522
100000 1.43635 0.7916
100000 1.43635 0.59206
100000 1.43635 0.73256
100000 1.43635 0.6907
100000 1.43635 0.79546
100000 1.43635 0.62754
100000 1.43635 0.59869
100000 1.43635 0.4497
100000 1.43635 0.66019
100000 1.43635 0.60947
100000 1.43635 0.64339
100000 1.43635 0.72224
100000 1.43635 0.7229
100000 1.43635 0.61248
100000 1.43635 0.65154
100000 1.43635 0.72339
100000 1.43635 0.71596
100000 1.43635 0.70805
100000 1.43635 0.61912
100000 1.43635 0.76028
100000 1.43635 0.65338
100000 1.43635 0.31252
100000 1.43635 0.64523
100000 1.43635 0.47837
100000 1.43635 0.65274
100000 1.43635 0.59116
100000 1.43635 0.66705
100000 1.43635 0.69256
100000 1.43635 0.66091
100000 1.43635 0.48175
100000 1.43635 0.72993
100000 1.43635 0.71037
100000 1.43635 0.63087
100000 1.43635 0.76573
100000 1.43635 0.69171
100000 1.43635 0.62179
100000 1.43635 0.45977
100000 1.43635 0.64995
100000 1.43635 0.75224
100000 1.43635 0.7023
100000 1.43635 0.5204
100000 1.43635 0.7225
100000 1.43635 0.64469
100000 1.43635 0.52591
100000 1.43635 0.55486
100000 1.43635 0.60612
100000 1.43635 0.74065
100000 1.43635 0.6352
100000 1.43635 0.70094
100000 1.43635 0.49631
100000 1.43635 0.74946
100000 1.43635 0.62328
100000 1.43635 0.62604
100000 1.43635 0.55865
100000 1.43635 0.74148
100000 1.43635 0.74148
100000 1.43635 0.53153
100000 1.43635 0.69481
100000 1.43635 0.5039
100000 1.43635 0.79443
100000 1.43635 0.3034
100000 1.43635 0.64564
100000 1.43635 0.54817
100000 1.43635 0.63597
100000 1.43635 0.381
100000 1.43635 0.74563
100000 1.43635 0.55024
100000 1.43635 0.69972
100000 1.43635 0.67224
100000 1.43635 0.74519
100000 1.43635 0.21801
100000 1.43635 0.679
100000 1.43635 0.652
100000 1.43635 0.44178
100000 1.43635 0.28832
100000 1.43635 0.61836
100000 1.43635 0.75817
100000 1.43635 0.61168
100000 1.43635 0.59052
100000 1.43635 0.72276
100000 1.43635 0.69482
100000 1.43635 0.65063
100000 1.43635 0.64533
100000 1.43635 0.75826
100000 1.43635 0.41952
100000 1.43635 0.72532
100000 1.43635 0.34557
100000 1.43635 0.67983
100000 1.43635 0.53677
100000 1.43635 0.32491
100000 1.43635 0.66322
100000 1.43635 0.7085
100000 1.43635 0.32835
100000 1.43635 0.56905
100000 1.43635 0.56466
100000 1.43635 0.75958
100000 1.43635 0.74792
100000 1.43635 0.65034
100000 1.43635 0.6869
100000 1.43635 0.67288
100000 1.43635 0.60596
100000 1.43635 0.68996
100000 1.43635 0.73282
100000 1.43635 0.67806
100000 1.43635 0.62836
100000 1.43635 0.65872
100000 1.43635 0.62223
100000 1.43635 0.71578
100000 1.43635 0.55529
100000 1.43635 0.73272
100000 1.43635 0.64338
100000 1.43635 0.74929
100000 1.43635 0.65163
100000 1.43635 0.40952
100000 1.43635 0.46973
100000 1.43635 0.61207
100000 1.43635 0.60375
100000 1.43635 0.73339
100000 1.43635 0.737
100000 1.43635 0.69942
100000 1.43635 0.62486
100000 1.43635 0.50671
100000 1.43635 0.67627
100000 1.43635 0.71957
100000 1.43635 0.73829
100000 1.43635 0.55608
100000 1.43635 0.74382
100000 1.43635 0.52574
100000 1.43635 0.48958
100000 1.43635 0.7164
100000 1.43635 0.71029
100000 1.43635 0.62493
100000 1.43635 0.70888
100000 1.43635 0.76605
100000 1.43635 0.74661
100000 1.43635 0.66503
100000 1.43635 0.37402
100000 1.43635 0.68264
100000 1.43635 0.72579
100000 1.43635 0.55097
100000 1.43635 0.68353
100000 1.43635 0.77542
100000 1.43635 0.64425
100000 1.43635 0.5082
100000 1.43635 0.31341
100000 1.43635 0.48273
100000 1.43635 0.798
100000 1.43635 0.67279
100000 1.43635 0.68082
100000 1.43635 0.67803
100000 1.43635 0.62034
100000 1.43635 0.64919
100000 1.43635 0.25208
100000 1.43635 0.64398
100000 1.43635 0.62587
100000 1.43635 0.45564
100000 1.43635 0.67884
100000 1.43635 0.62323
100000 1.43635 0.58496
100000 1.43635 0.69924
100000 1.43635 0.5973
100000 1.43635 0.71409
100000 1.43635 0.7465
100000 1.43635 0.21686
100000 1.43635 0.74443
100000 1.43635 0.74453
100000 1.43635 0.57061
100000 1.43635 0.49398
100000 1.43635 0.66527
100000 1.43635 0.58832
100000 1.43635 0.71113
100000 1.43635 0.73336
100000 1.43635 0.60935
100000 1.43635 0.61486
100000 1.43635 0.71937
100000 1.43635 0.7228
100000 1.43635 0.71535
100000 1.43635 0.76779
100000 1.43635 0.73739
100000 1.43635 0.63126
100000 1.43635 0.47091
100000 1.43635 0.4108
100000 1.43635 0.68723
100000 1.43635 0.53673
100000 1.43635 0.65089
100000 1.43635 0.73382
100000 1.43635 0.71627
100000 1.43635 0.70186
100000 1.43635 0.7677
100000 1.43635 0.3499
100000 1.43635 0.55631
100000 1.43635 0.609
100000 1.43635 0.54939
100000 1.43635 0.49414
100000 1.43635 0.62837
100000 1.43635 0.67324
100000 1.43635 0.64099
100000 1.43635 0.73954
100000 1.43635 0.48082
100000 1.43635 0.67369
100000 1.43635 0.68974
100000 1.43635 0.69809
100000 1.43635 0.53265
100000 1.43635 0.75244
100000 1.43635 0.63594
100000 1.43635 0.28249
100000 1.43635 0.21663
100000 1.43635 0.67348
100000 1.43635 0.63831
100000 1.43635 0.4625
100000 1.43635 0.54749
100000 1.43635 0.72745
100000 1.43635 0.5624
100000 1.43635 0.48824
100000 1.43635 0.67215
100000 1.43635 0.64685
100000 1.43635 0.61641
100000 1.43635 0.73793
100000 1.43635 0.65987
100000 1.43635 0.72308
100000 1.43635 0.72004
100000 1.43635 0.65739
100000 1.43635 0.65747
100000 1.43635 0.76533
100000 1.43635 0.71762
100000 1.43635 0.69877
100000 1.43635 0.66328
100000 1.43635 0.61337
100000 1.43635 0.63975
100000 1.43635 0.67647
100000 1.43635 0.38656
100000 1.43635 0.54348
100000 1.43635 0.52815
100000 1.43635 0.69781
100000 1.43635 0.71973
100000 1.43635 0.66805
100000 1.43635 0.62351
100000 1.43635 0.72877
100000 1.43635 0.70339
100000 1.43635 0.3567
100000 1.43635 0.60485
100000 1.43635 0.69206
100000 1.43635 0.69298
100000 1.43635 0.64535
100000 1.43635 0.37227
100000 1.43635 0.70693
100000 1.43635 0.42547
100000 1.43635 0.46043
100000 1.43635 0.74231
100000 1.43635 0.73088
100000 1.43635 0.69768
100000 1.43635 0.5604
100000 1.43635 0.65809
100000 1.43635 0.46459
100000 1.43635 0.7152
100000 1.43635 0.56929
100000 1.43635 0.18079
100000 1.43635 0.73278
100000 1.43635 0.64977
100000 1.43635 0.65287
100000 1.43635 0.57614
100000 1.43635 0.72983
100000 1.43635 0.77364
100000 1.43635 0.54913
100000 1.43635 0.67367
100000 1.43635 0.63612
100000 1.43635 0.64627
100000 1.43635 0.68441
100000 1.43635 0.71231
100000 1.43635 0.68692
100000 1.43635 0.74041
100000 1.43635 0.65433
100000 1.43635 0.71791
100000 1.43635 0.67775
100000 1.43635 0.67896
100000 1.43635 0.62805
100000 1.43635 0.7165
100000 1.43635 0.654
100000 1.43635 0.71
100000 1.43635 0.31541
100000 1.43635 0.67393
100000 1.43635 0.67429
100000 1.43635 0.70027
100000 1.43635 0.72644
100000 1.43635 0.47613
100000 1.43635 0.49945
100000 1.43635 0.67917
100000 1.43635 0.57964
100000 1.43635 0.70699
100000 1.43635 0.55182
100000 1.43635 0.70283
100000 1.43635 0.64957
100000 1.43635 0.40504
100000 1.43635 0.63136
100000 1.43635 0.65479
100000 1.43635 0.66659
100000 1.43635 0.6893
100000 1.43635 0.50825
100000 1.43635 0.52644
100000 1.43635 0.62798
100000 1.43635 0.71959
100000 1.43635 0.70781
100000 1.43635 0.6814
100000 1.43635 0.65467
100000 1.43635 0.59188
100000 1.43635 0.61467
100000 1.43635 0.42996
100000 1.43635 0.69276
100000 1.43635 0.57074
100000 1.43635 0.57632
100000 1.43635 0.64264
100000 1.43635 0.67039
100000 1.43635 0.74657
100000 1.43635 0.73225
100000 1.43635 0.67952
100000 1.43635 0.52173
100000 1.43635 0.62879
100000 1.43635 0.7506
100000 1.43635 0.71261
100000 1.43635 0.5518
100000 1.43635 0.63699
100000 1.43635 0.64163
100000 1.43635 0.69917
100000 1.43635 0.61376
100000 1.43635 0.77048
100000 1.43635 0.72993
100000 1.43635 0.50849
100000 1.43635 0.76605
100000 1.43635 0.48354
100000 1.43635 0.6885
100000 1.43635 0.64683
100000 1.43635 0.7049
100000 1.43635 0.61245
100000 1.43635 0.53709
100000 1.43635 0.69058
100000 1.43635 0.67465
100000 1.43635 0.69193
100000 1.43635 0.69747
100000 1.43635 0.37365
100000 1.43635 0.72466
100000 1.43635 0.67078
100000 1.43635 0.20905
100000 1.43635 0.33448
100000 1.43635 0.65876
100000 1.43635 0.71152
100000 1.43635 0.50175
100000 1.43635 0.34378
100000 1.43635 0.71486
100000 1.43635 0.37164
100000 1.43635 0.70475
100000 1.43635 0.39952
100000 1.43635 0.7374
100000 1.43635 0.5638
100000 1.43635 0.51311
100000 1.43635 0.68837
100000 1.43635 0.39812
100000 1.43635 0.55756
100000 1.43635 0.69366
100000 1.43635 0.44727
100000 1.43635 0.64206
100000 1.43635 0.70433
100000 1.43635 0.74317
100000 1.43635 0.72982
100000 1.43635 0.34748
100000 1.43635 0.67733
100000 1.43635 0.71411
100000 1.43635 0.5969
100000 1.43635 0.35607
100000 1.43635 0.6851
100000 1.43635 0.63591
100000 1.43635 0.70343
100000 1.43635 0.44142
100000 1.43635 0.71987
100000 1.43635 0.68132
100000 1.43635 0.34992
100000 1.43635 0.68589
100000 1.43635 0.69887
100000 1.43635 0.39538
100000 1.43635 0.52464
100000 1.43635 0.66514
100000 1.43635 0.58632
100000 1.43635 0.53427
100000 1.43635 0.72158
100000 1.43635 0.708
100000 1.43635 0.6331
100000 1.43635 0.33359
100000 1.43635 0.66629
100000 1.43635 0.62051
100000 1.43635 0.51547
100000 1.43635 0.48236
100000 1.43635 0.65086
100000 1.43635 0.75978
100000 1.43635 0.40403
100000 1.43635 0.54016
100000 1.43635 0.72731
100000 1.43635 0.61208
100000 1.43635 0.53983
100000 1.43635 0.66891
100000 1.43635 0.53249
100000 1.43635 0.6354
100000 1.43635 0.72067
100000 1.43635 0.61792
100000 1.43635 0.68306
100000 1.43635 0.66056
100000 1.43635 0.47888
100000 1.43635 0.60653
100000 1.43635 0.70945
100000 1.43635 0.69718
100000 1.43635 0.73301
100000 1.43635 0.41051
100000 1.43635 0.33972
100000 1.43635 0.67192
100000 1.43635 0.68883
100000 1.43635 0.72643
100000 1.43635 0.76261
100000 1.43635 0.58232
100000 1.43635 0.74088
100000 1.43635 0.64095
100000 1.43635 0.47526
100000 1.43635 0.73906
100000 1.43635 0.71422
100000 1.43635 0.72979
100000 1.43635 0.74826
100000 1.43635 0.69471
100000 1.43635 0.71636
100000 1.43635 0.59803
100000 1.43635 0.77674
100000 1.43635 0.34681
100000 1.43635 0.72623
100000 1.43635 0.48204
100000 1.43635 0.61039
100000 1.43635 0.59872
100000 1.43635 0.54324
100000 1.43635 0.75213
100000 1.43635 0.68059
100000 1.43635 0.70945
100000 1.43635 0.55967
100000 1.43635 0.68825
100000 1.43635 0.65805
100000 1.43635 0.65134
100000 1.43635 0.57443
100000 1.43635 0.73068
100000 1.43635 0.69915
100000 1.43635 0.70989
100000 1.43635 0.70346
100000 1.43635 0.72165
100000 1.43635 0.61918
100000 1.43635 0.56098
100000 1.43635 0.63754
100000 1.43635 0.57041
100000 1.43635 0.74605
100000 1.43635 0.52736
100000 1.43635 0.64468
100000 1.43635 0.65344
100000 1.43635 0.6901
100000 1.43635 0.72029
100000 1.43635 0.54668
