100000000000 1.43635 0.338987
100000000000 1.43635 0.344153
100000000000 1.43635 0.235936
100000000000 1.43635 0.263719
100000000000 1.43635 0.34292
100000000000 1.43635 0.345343
100000000000 1.43635 0.350642
100000000000 1.43635 0.325332
100000000000 1.43635 0.332387
100000000000 1.43635 0.269365
100000000000 1.43635 0.369692
100000000000 1.43635 0.347584
100000000000 1.43635 0.340261
100000000000 1.43635 0.359708
100000000000 1.43635 0.35038
100000000000 1.43635 0.365114
100000000000 1.43635 0.3031
100000000000 1.43635 0.347591
100000000000 1.43635 0.34276
100000000000 1.43635 0.303467
