10000000 1.43635 0.185152
10000000 1.43635 0.47543
10000000 1.43635 0.534037
10000000 1.43635 0.534937
10000000 1.43635 0.534441
10000000 1.43635 0.628041
10000000 1.43635 0.501845
10000000 1.43635 0.501175
10000000 1.43635 0.515048
10000000 1.43635 0.440037
10000000 1.43635 0.463305
10000000 1.43635 0.218103
10000000 1.43635 0.187751
10000000 1.43635 0.497166
10000000 1.43635 0.501729
10000000 1.43635 0.583213
10000000 1.43635 0.432774
10000000 1.43635 0.570001
10000000 1.43635 0.154442
10000000 1.43635 0.362073
10000000 1.43635 0.569223
10000000 1.43635 0.380193
10000000 1.43635 0.278015
10000000 1.43635 0.586333
10000000 1.43635 0.61986
10000000 1.43635 0.543735
10000000 1.43635 0.395566
10000000 1.43635 0.584938
10000000 1.43635 0.244105
10000000 1.43635 0.317701
10000000 1.43635 0.523107
10000000 1.43635 0.554807
10000000 1.43635 0.536318
10000000 1.43635 0.271962
10000000 1.43635 0.545017
10000000 1.43635 0.392439
10000000 1.43635 0.454524
10000000 1.43635 0.331046
10000000 1.43635 0.523685
10000000 1.43635 0.224586
10000000 1.43635 0.443675
10000000 1.43635 0.555203
10000000 1.43635 0.576009
10000000 1.43635 0.593905
10000000 1.43635 0.536808
10000000 1.43635 0.467377
10000000 1.43635 0.360928
10000000 1.43635 0.543339
10000000 1.43635 0.490557
10000000 1.43635 0.563686
10000000 1.43635 0.394213
10000000 1.43635 0.50478
10000000 1.43635 0.615431
10000000 1.43635 0.206534
10000000 1.43635 0.573646
10000000 1.43635 0.598796
10000000 1.43635 0.490763
10000000 1.43635 0.325449
10000000 1.43635 0.511185
10000000 1.43635 0.450413
10000000 1.43635 0.511511
10000000 1.43635 0.417862
10000000 1.43635 0.41372
10000000 1.43635 0.521326
10000000 1.43635 0.486478
10000000 1.43635 0.303067
10000000 1.43635 0.608572
10000000 1.43635 0.59747
10000000 1.43635 0.556342
10000000 1.43635 0.528782
10000000 1.43635 0.512707
10000000 1.43635 0.48605
10000000 1.43635 0.554145
10000000 1.43635 0.515964
10000000 1.43635 0.299485
10000000 1.43635 0.527022
10000000 1.43635 0.499747
10000000 1.43635 0.543868
10000000 1.43635 0.499857
10000000 1.43635 0.396952
10000000 1.43635 0.513738
10000000 1.43635 0.183866
10000000 1.43635 0.352653
10000000 1.43635 0.515634
10000000 1.43635 0.364019
10000000 1.43635 0.549949
10000000 1.43635 0.566809
10000000 1.43635 0.443669
10000000 1.43635 0.555041
10000000 1.43635 0.562789
10000000 1.43635 0.442245
10000000 1.43635 0.58382
10000000 1.43635 0.557158
10000000 1.43635 0.490467
10000000 1.43635 0.323333
10000000 1.43635 0.597973
10000000 1.43635 0.384859
10000000 1.43635 0.254179
10000000 1.43635 0.385906
10000000 1.43635 0.486216
10000000 1.43635 0.49524
10000000 1.43635 0.495509
10000000 1.43635 0.599719
10000000 1.43635 0.506025
10000000 1.43635 0.582111
10000000 1.43635 0.442681
10000000 1.43635 0.549587
10000000 1.43635 0.517854
10000000 1.43635 0.52609
10000000 1.43635 0.533397
10000000 1.43635 0.556674
10000000 1.43635 0.584859
10000000 1.43635 0.474008
10000000 1.43635 0.577375
10000000 1.43635 0.539762
10000000 1.43635 0.555932
10000000 1.43635 0.330996
10000000 1.43635 0.387368
10000000 1.43635 0.556642
10000000 1.43635 0.185808
10000000 1.43635 0.431724
10000000 1.43635 0.367829
10000000 1.43635 0.527808
10000000 1.43635 0.45012
10000000 1.43635 0.57614
10000000 1.43635 0.388115
10000000 1.43635 0.288964
10000000 1.43635 0.554616
10000000 1.43635 0.468993
10000000 1.43635 0.556322
10000000 1.43635 0.584634
10000000 1.43635 0.404693
10000000 1.43635 0.500448
10000000 1.43635 0.481462
10000000 1.43635 0.458298
10000000 1.43635 0.514912
10000000 1.43635 0.440086
10000000 1.43635 0.580496
10000000 1.43635 0.479009
10000000 1.43635 0.564718
10000000 1.43635 0.581453
10000000 1.43635 0.414916
10000000 1.43635 0.556683
10000000 1.43635 0.434667
10000000 1.43635 0.470605
10000000 1.43635 0.558581
10000000 1.43635 0.530027
10000000 1.43635 0.596708
10000000 1.43635 0.583403
10000000 1.43635 0.467516
10000000 1.43635 0.324528
10000000 1.43635 0.493311
10000000 1.43635 0.508018
10000000 1.43635 0.545088
10000000 1.43635 0.523378
10000000 1.43635 0.435034
10000000 1.43635 0.586437
10000000 1.43635 0.594982
10000000 1.43635 0.507589
10000000 1.43635 0.322579
10000000 1.43635 0.541969
10000000 1.43635 0.460457
10000000 1.43635 0.460451
10000000 1.43635 0.547564
10000000 1.43635 0.555629
10000000 1.43635 0.563649
10000000 1.43635 0.493161
10000000 1.43635 0.602827
10000000 1.43635 0.589147
10000000 1.43635 0.319521
10000000 1.43635 0.548992
10000000 1.43635 0.387245
10000000 1.43635 0.482646
10000000 1.43635 0.412719
10000000 1.43635 0.582546
10000000 1.43635 0.579838
10000000 1.43635 0.415138
10000000 1.43635 0.547715
10000000 1.43635 0.543343
10000000 1.43635 0.262158
10000000 1.43635 0.384935
10000000 1.43635 0.578981
10000000 1.43635 0.305712
10000000 1.43635 0.539323
10000000 1.43635 0.56019
10000000 1.43635 0.494367
10000000 1.43635 0.534265
10000000 1.43635 0.279932
10000000 1.43635 0.481659
10000000 1.43635 0.449366
10000000 1.43635 0.518417
10000000 1.43635 0.533381
10000000 1.43635 0.547171
10000000 1.43635 0.56766
10000000 1.43635 0.563498
10000000 1.43635 0.546111
10000000 1.43635 0.510893
10000000 1.43635 0.565877
10000000 1.43635 0.52311
10000000 1.43635 0.516379
10000000 1.43635 0.57977
10000000 1.43635 0.530021
10000000 1.43635 0.451707
10000000 1.43635 0.566372
10000000 1.43635 0.388554
10000000 1.43635 0.453626
10000000 1.43635 0.263301
10000000 1.43635 0.571334
10000000 1.43635 0.426936
10000000 1.43635 0.465489
10000000 1.43635 0.54582
10000000 1.43635 0.54704
10000000 1.43635 0.551589
10000000 1.43635 0.563538
10000000 1.43635 0.465162
10000000 1.43635 0.51802
10000000 1.43635 0.519035
10000000 1.43635 0.365865
10000000 1.43635 0.613535
10000000 1.43635 0.505309
10000000 1.43635 0.581875
10000000 1.43635 0.354219
10000000 1.43635 0.368571
10000000 1.43635 0.528613
10000000 1.43635 0.551423
10000000 1.43635 0.459241
10000000 1.43635 0.542871
10000000 1.43635 0.522448
10000000 1.43635 0.506626
10000000 1.43635 0.386288
10000000 1.43635 0.540993
10000000 1.43635 0.555284
10000000 1.43635 0.543085
10000000 1.43635 0.396025
10000000 1.43635 0.563138
10000000 1.43635 0.266118
10000000 1.43635 0.490091
10000000 1.43635 0.501997
10000000 1.43635 0.507755
10000000 1.43635 0.471402
10000000 1.43635 0.611516
10000000 1.43635 0.320799
10000000 1.43635 0.549487
10000000 1.43635 0.539207
10000000 1.43635 0.178257
10000000 1.43635 0.571269
10000000 1.43635 0.51664
10000000 1.43635 0.54674
10000000 1.43635 0.540657
10000000 1.43635 0.56242
10000000 1.43635 0.48199
10000000 1.43635 0.502811
10000000 1.43635 0.55335
10000000 1.43635 0.491172
10000000 1.43635 0.584404
10000000 1.43635 0.575537
10000000 1.43635 0.563108
10000000 1.43635 0.532381
10000000 1.43635 0.433339
10000000 1.43635 0.517764
10000000 1.43635 0.437015
10000000 1.43635 0.516572
10000000 1.43635 0.412725
10000000 1.43635 0.428691
10000000 1.43635 0.42299
10000000 1.43635 0.539297
10000000 1.43635 0.57847
10000000 1.43635 0.488536
10000000 1.43635 0.52531
10000000 1.43635 0.545753
10000000 1.43635 0.581037
10000000 1.43635 0.579103
10000000 1.43635 0.26969
10000000 1.43635 0.418197
10000000 1.43635 0.551372
10000000 1.43635 0.536384
10000000 1.43635 0.569655
10000000 1.43635 0.528574
10000000 1.43635 0.446764
10000000 1.43635 0.482646
10000000 1.43635 0.566585
10000000 1.43635 0.510615
10000000 1.43635 0.54566
10000000 1.43635 0.525579
10000000 1.43635 0.564308
10000000 1.43635 0.548894
10000000 1.43635 0.470562
10000000 1.43635 0.505616
10000000 1.43635 0.541318
10000000 1.43635 0.579585
10000000 1.43635 0.34693
10000000 1.43635 0.433236
10000000 1.43635 0.525752
10000000 1.43635 0.574279
10000000 1.43635 0.546953
10000000 1.43635 0.558548
10000000 1.43635 0.59889
10000000 1.43635 0.527886
10000000 1.43635 0.577684
10000000 1.43635 0.299399
10000000 1.43635 0.462882
10000000 1.43635 0.473851
10000000 1.43635 0.479448
10000000 1.43635 0.534882
10000000 1.43635 0.329242
10000000 1.43635 0.473787
10000000 1.43635 0.562813
10000000 1.43635 0.444493
10000000 1.43635 0.492002
10000000 1.43635 0.412679
10000000 1.43635 0.497916
10000000 1.43635 0.528701
10000000 1.43635 0.595259
10000000 1.43635 0.494564
10000000 1.43635 0.257994
10000000 1.43635 0.437728
10000000 1.43635 0.511733
10000000 1.43635 0.548138
10000000 1.43635 0.597428
10000000 1.43635 0.557546
10000000 1.43635 0.535985
10000000 1.43635 0.587122
10000000 1.43635 0.411064
10000000 1.43635 0.574572
10000000 1.43635 0.598927
10000000 1.43635 0.544963
10000000 1.43635 0.570618
10000000 1.43635 0.472046
10000000 1.43635 0.38524
10000000 1.43635 0.603385
10000000 1.43635 0.183253
10000000 1.43635 0.532414
10000000 1.43635 0.50128
10000000 1.43635 0.585973
10000000 1.43635 0.431384
10000000 1.43635 0.549086
10000000 1.43635 0.285513
10000000 1.43635 0.605558
10000000 1.43635 0.572914
10000000 1.43635 0.356077
10000000 1.43635 0.453546
10000000 1.43635 0.513736
10000000 1.43635 0.564529
10000000 1.43635 0.448405
10000000 1.43635 0.358313
10000000 1.43635 0.436063
10000000 1.43635 0.532577
10000000 1.43635 0.552582
10000000 1.43635 0.335163
10000000 1.43635 0.296644
10000000 1.43635 0.366721
10000000 1.43635 0.553177
10000000 1.43635 0.296284
10000000 1.43635 0.565861
10000000 1.43635 0.148997
10000000 1.43635 0.376406
10000000 1.43635 0.328301
10000000 1.43635 0.513004
10000000 1.43635 0.522882
10000000 1.43635 0.481372
10000000 1.43635 0.505682
10000000 1.43635 0.548061
10000000 1.43635 0.598431
10000000 1.43635 0.506042
10000000 1.43635 0.440129
10000000 1.43635 0.553409
10000000 1.43635 0.553523
10000000 1.43635 0.451143
10000000 1.43635 0.382773
10000000 1.43635 0.460603
10000000 1.43635 0.296712
10000000 1.43635 0.426662
10000000 1.43635 0.519207
10000000 1.43635 0.281005
10000000 1.43635 0.158232
10000000 1.43635 0.446796
10000000 1.43635 0.54186
10000000 1.43635 0.308503
10000000 1.43635 0.46307
10000000 1.43635 0.544516
10000000 1.43635 0.369945
10000000 1.43635 0.57579
10000000 1.43635 0.20408
10000000 1.43635 0.318406
10000000 1.43635 0.422125
10000000 1.43635 0.582301
10000000 1.43635 0.548888
10000000 1.43635 0.578266
10000000 1.43635 0.496611
10000000 1.43635 0.462835
10000000 1.43635 0.561697
10000000 1.43635 0.525474
10000000 1.43635 0.567961
10000000 1.43635 0.585738
10000000 1.43635 0.542653
10000000 1.43635 0.418981
10000000 1.43635 0.564861
10000000 1.43635 0.587147
10000000 1.43635 0.470103
10000000 1.43635 0.557754
