1000000 1.43635 0.603599
1000000 1.43635 0.44754
1000000 1.43635 0.579285
1000000 1.43635 0.627587
1000000 1.43635 0.235879
1000000 1.43635 0.650244
1000000 1.43635 0.624083
1000000 1.43635 0.64535
1000000 1.43635 0.485677
1000000 1.43635 0.650784
1000000 1.43635 0.699645
1000000 1.43635 0.327261
1000000 1.43635 0.326605
1000000 1.43635 0.588978
1000000 1.43635 0.662083
1000000 1.43635 0.552251
1000000 1.43635 0.647335
1000000 1.43635 0.616862
1000000 1.43635 0.650571
1000000 1.43635 0.470034
1000000 1.43635 0.389778
1000000 1.43635 0.656874
1000000 1.43635 0.651712
1000000 1.43635 0.581742
1000000 1.43635 0.386103
1000000 1.43635 0.575066
1000000 1.43635 0.616133
1000000 1.43635 0.567915
1000000 1.43635 0.604977
1000000 1.43635 0.356976
1000000 1.43635 0.626339
1000000 1.43635 0.415414
1000000 1.43635 0.383729
1000000 1.43635 0.629513
1000000 1.43635 0.601966
1000000 1.43635 0.667964
1000000 1.43635 0.44772
1000000 1.43635 0.529298
1000000 1.43635 0.492999
1000000 1.43635 0.616065
1000000 1.43635 0.589908
1000000 1.43635 0.695038
1000000 1.43635 0.618489
1000000 1.43635 0.649281
1000000 1.43635 0.692968
1000000 1.43635 0.556686
1000000 1.43635 0.496114
1000000 1.43635 0.383805
1000000 1.43635 0.229467
1000000 1.43635 0.62649
1000000 1.43635 0.543238
1000000 1.43635 0.611672
1000000 1.43635 0.606366
1000000 1.43635 0.57896
1000000 1.43635 0.257284
1000000 1.43635 0.536116
1000000 1.43635 0.614462
1000000 1.43635 0.300623
1000000 1.43635 0.689061
1000000 1.43635 0.662163
1000000 1.43635 0.510795
1000000 1.43635 0.65983
1000000 1.43635 0.460279
1000000 1.43635 0.344564
1000000 1.43635 0.580469
1000000 1.43635 0.6859
1000000 1.43635 0.514407
1000000 1.43635 0.320141
1000000 1.43635 0.435242
1000000 1.43635 0.562952
1000000 1.43635 0.651124
1000000 1.43635 0.616602
1000000 1.43635 0.611668
1000000 1.43635 0.603614
1000000 1.43635 0.617994
1000000 1.43635 0.658757
1000000 1.43635 0.459734
1000000 1.43635 0.646677
1000000 1.43635 0.550268
1000000 1.43635 0.612585
1000000 1.43635 0.693532
1000000 1.43635 0.544393
1000000 1.43635 0.457559
1000000 1.43635 0.624288
1000000 1.43635 0.622201
1000000 1.43635 0.658305
1000000 1.43635 0.562358
1000000 1.43635 0.594219
1000000 1.43635 0.592534
1000000 1.43635 0.657714
1000000 1.43635 0.627333
1000000 1.43635 0.529511
1000000 1.43635 0.645242
1000000 1.43635 0.282708
1000000 1.43635 0.294778
1000000 1.43635 0.493584
1000000 1.43635 0.584983
1000000 1.43635 0.657183
1000000 1.43635 0.718062
1000000 1.43635 0.597227
1000000 1.43635 0.646726
1000000 1.43635 0.466392
1000000 1.43635 0.615163
1000000 1.43635 0.59495
1000000 1.43635 0.628192
1000000 1.43635 0.652333
1000000 1.43635 0.595673
1000000 1.43635 0.335905
1000000 1.43635 0.332754
1000000 1.43635 0.582426
1000000 1.43635 0.608288
1000000 1.43635 0.518682
1000000 1.43635 0.639879
1000000 1.43635 0.545975
1000000 1.43635 0.57613
1000000 1.43635 0.359829
1000000 1.43635 0.606626
1000000 1.43635 0.559426
1000000 1.43635 0.596604
1000000 1.43635 0.322121
1000000 1.43635 0.546645
1000000 1.43635 0.590047
1000000 1.43635 0.602341
1000000 1.43635 0.648001
1000000 1.43635 0.542
1000000 1.43635 0.651419
1000000 1.43635 0.523915
1000000 1.43635 0.598717
1000000 1.43635 0.482066
1000000 1.43635 0.381267
1000000 1.43635 0.522474
1000000 1.43635 0.498927
1000000 1.43635 0.337398
1000000 1.43635 0.288472
1000000 1.43635 0.470365
1000000 1.43635 0.447083
1000000 1.43635 0.537043
1000000 1.43635 0.656493
1000000 1.43635 0.574022
1000000 1.43635 0.657257
1000000 1.43635 0.647598
1000000 1.43635 0.577602
1000000 1.43635 0.67356
1000000 1.43635 0.347384
1000000 1.43635 0.553797
1000000 1.43635 0.664002
1000000 1.43635 0.598307
1000000 1.43635 0.533008
1000000 1.43635 0.545424
1000000 1.43635 0.634167
1000000 1.43635 0.530407
1000000 1.43635 0.619247
1000000 1.43635 0.489269
1000000 1.43635 0.663681
1000000 1.43635 0.374812
1000000 1.43635 0.693898
1000000 1.43635 0.396345
1000000 1.43635 0.518111
1000000 1.43635 0.460395
1000000 1.43635 0.433171
1000000 1.43635 0.616706
1000000 1.43635 0.546719
1000000 1.43635 0.649465
1000000 1.43635 0.544614
1000000 1.43635 0.568062
1000000 1.43635 0.587432
1000000 1.43635 0.627642
1000000 1.43635 0.658018
1000000 1.43635 0.563928
1000000 1.43635 0.623008
1000000 1.43635 0.685641
1000000 1.43635 0.585747
1000000 1.43635 0.705598
1000000 1.43635 0.512822
1000000 1.43635 0.656959
1000000 1.43635 0.635855
1000000 1.43635 0.60086
1000000 1.43635 0.516624
1000000 1.43635 0.407046
1000000 1.43635 0.637456
1000000 1.43635 0.578677
1000000 1.43635 0.677842
1000000 1.43635 0.618326
1000000 1.43635 0.502694
1000000 1.43635 0.517676
1000000 1.43635 0.581204
1000000 1.43635 0.322828
1000000 1.43635 0.698987
1000000 1.43635 0.296351
1000000 1.43635 0.640402
1000000 1.43635 0.595502
1000000 1.43635 0.65393
1000000 1.43635 0.369231
1000000 1.43635 0.300814
1000000 1.43635 0.583845
1000000 1.43635 0.313166
1000000 1.43635 0.353949
1000000 1.43635 0.640845
1000000 1.43635 0.411142
1000000 1.43635 0.371435
1000000 1.43635 0.569896
1000000 1.43635 0.691528
1000000 1.43635 0.614944
1000000 1.43635 0.587096
1000000 1.43635 0.616952
1000000 1.43635 0.63658
1000000 1.43635 0.635884
1000000 1.43635 0.618465
1000000 1.43635 0.610177
1000000 1.43635 0.661724
1000000 1.43635 0.657924
1000000 1.43635 0.672773
1000000 1.43635 0.632856
1000000 1.43635 0.509319
1000000 1.43635 0.332973
1000000 1.43635 0.663184
1000000 1.43635 0.660669
1000000 1.43635 0.717548
1000000 1.43635 0.478496
1000000 1.43635 0.676199
1000000 1.43635 0.58432
1000000 1.43635 0.651023
1000000 1.43635 0.614133
1000000 1.43635 0.314639
1000000 1.43635 0.199372
1000000 1.43635 0.544003
1000000 1.43635 0.587333
1000000 1.43635 0.615007
1000000 1.43635 0.623775
1000000 1.43635 0.635795
1000000 1.43635 0.332619
1000000 1.43635 0.451379
1000000 1.43635 0.503379
1000000 1.43635 0.677523
1000000 1.43635 0.377997
1000000 1.43635 0.545473
1000000 1.43635 0.3421
1000000 1.43635 0.676459
1000000 1.43635 0.676346
1000000 1.43635 0.4722
1000000 1.43635 0.646324
1000000 1.43635 0.499965
1000000 1.43635 0.642896
1000000 1.43635 0.493104
1000000 1.43635 0.597271
1000000 1.43635 0.672126
1000000 1.43635 0.623782
1000000 1.43635 0.210643
1000000 1.43635 0.331162
1000000 1.43635 0.60318
1000000 1.43635 0.594451
1000000 1.43635 0.505972
1000000 1.43635 0.474469
1000000 1.43635 0.455497
1000000 1.43635 0.625944
1000000 1.43635 0.65035
1000000 1.43635 0.523383
1000000 1.43635 0.275782
1000000 1.43635 0.725432
1000000 1.43635 0.653003
1000000 1.43635 0.574093
1000000 1.43635 0.651398
1000000 1.43635 0.648548
1000000 1.43635 0.631002
1000000 1.43635 0.629507
1000000 1.43635 0.508802
1000000 1.43635 0.575147
1000000 1.43635 0.674077
1000000 1.43635 0.618594
1000000 1.43635 0.514349
1000000 1.43635 0.530092
1000000 1.43635 0.611416
1000000 1.43635 0.481383
1000000 1.43635 0.639233
1000000 1.43635 0.547495
1000000 1.43635 0.681346
1000000 1.43635 0.65786
1000000 1.43635 0.258082
1000000 1.43635 0.546174
1000000 1.43635 0.413699
1000000 1.43635 0.387168
1000000 1.43635 0.666406
1000000 1.43635 0.508684
1000000 1.43635 0.546834
1000000 1.43635 0.635447
1000000 1.43635 0.571468
1000000 1.43635 0.673903
1000000 1.43635 0.506247
1000000 1.43635 0.294588
1000000 1.43635 0.485687
1000000 1.43635 0.657469
1000000 1.43635 0.353299
1000000 1.43635 0.444981
1000000 1.43635 0.67826
1000000 1.43635 0.663229
1000000 1.43635 0.478774
1000000 1.43635 0.427808
1000000 1.43635 0.540254
1000000 1.43635 0.555655
1000000 1.43635 0.627824
1000000 1.43635 0.611007
1000000 1.43635 0.620981
1000000 1.43635 0.670245
1000000 1.43635 0.616192
1000000 1.43635 0.576892
1000000 1.43635 0.246573
1000000 1.43635 0.597331
1000000 1.43635 0.562047
1000000 1.43635 0.532508
1000000 1.43635 0.222861
1000000 1.43635 0.676811
1000000 1.43635 0.604035
1000000 1.43635 0.332048
1000000 1.43635 0.587171
1000000 1.43635 0.501941
1000000 1.43635 0.633144
1000000 1.43635 0.607851
1000000 1.43635 0.390079
1000000 1.43635 0.649884
1000000 1.43635 0.56051
1000000 1.43635 0.63431
1000000 1.43635 0.659647
1000000 1.43635 0.39854
1000000 1.43635 0.499167
1000000 1.43635 0.455497
1000000 1.43635 0.427234
1000000 1.43635 0.638624
1000000 1.43635 0.622575
1000000 1.43635 0.429045
1000000 1.43635 0.454121
1000000 1.43635 0.626865
1000000 1.43635 0.572441
1000000 1.43635 0.335442
1000000 1.43635 0.590564
1000000 1.43635 0.475424
1000000 1.43635 0.632291
1000000 1.43635 0.610298
1000000 1.43635 0.536389
1000000 1.43635 0.655806
1000000 1.43635 0.663769
1000000 1.43635 0.558818
1000000 1.43635 0.630595
1000000 1.43635 0.543659
1000000 1.43635 0.410711
1000000 1.43635 0.656176
1000000 1.43635 0.515771
1000000 1.43635 0.62672
1000000 1.43635 0.649748
1000000 1.43635 0.687875
1000000 1.43635 0.17016
1000000 1.43635 0.441895
1000000 1.43635 0.685866
1000000 1.43635 0.541722
1000000 1.43635 0.289618
1000000 1.43635 0.496747
1000000 1.43635 0.542417
1000000 1.43635 0.668946
1000000 1.43635 0.555169
1000000 1.43635 0.635063
1000000 1.43635 0.611038
1000000 1.43635 0.584109
1000000 1.43635 0.599057
1000000 1.43635 0.643312
1000000 1.43635 0.661661
1000000 1.43635 0.611802
1000000 1.43635 0.667194
1000000 1.43635 0.602135
1000000 1.43635 0.600295
1000000 1.43635 0.61343
1000000 1.43635 0.472707
1000000 1.43635 0.607069
1000000 1.43635 0.238484
1000000 1.43635 0.66267
1000000 1.43635 0.576422
1000000 1.43635 0.587297
1000000 1.43635 0.577278
1000000 1.43635 0.542003
1000000 1.43635 0.622078
1000000 1.43635 0.430504
1000000 1.43635 0.548554
1000000 1.43635 0.642912
1000000 1.43635 0.539503
1000000 1.43635 0.524856
1000000 1.43635 0.353284
1000000 1.43635 0.579521
1000000 1.43635 0.657287
1000000 1.43635 0.581809
1000000 1.43635 0.500245
1000000 1.43635 0.706961
1000000 1.43635 0.654981
1000000 1.43635 0.665611
1000000 1.43635 0.548729
1000000 1.43635 0.651077
1000000 1.43635 0.229569
1000000 1.43635 0.666124
1000000 1.43635 0.325556
1000000 1.43635 0.598783
1000000 1.43635 0.508019
1000000 1.43635 0.452835
1000000 1.43635 0.453701
1000000 1.43635 0.373116
1000000 1.43635 0.620218
1000000 1.43635 0.666776
1000000 1.43635 0.583171
1000000 1.43635 0.437159
1000000 1.43635 0.595295
1000000 1.43635 0.507595
1000000 1.43635 0.639382
1000000 1.43635 0.531532
1000000 1.43635 0.649884
1000000 1.43635 0.227544
1000000 1.43635 0.417596
1000000 1.43635 0.569192
1000000 1.43635 0.341072
1000000 1.43635 0.589654
1000000 1.43635 0.248014
1000000 1.43635 0.691735
1000000 1.43635 0.447383
1000000 1.43635 0.430733
1000000 1.43635 0.603787
1000000 1.43635 0.653523
1000000 1.43635 0.61706
1000000 1.43635 0.522459
1000000 1.43635 0.663281
1000000 1.43635 0.681457
1000000 1.43635 0.524952
1000000 1.43635 0.679381
1000000 1.43635 0.647136
1000000 1.43635 0.630671
1000000 1.43635 0.593368
1000000 1.43635 0.665961
1000000 1.43635 0.438622
1000000 1.43635 0.64185
1000000 1.43635 0.589279
1000000 1.43635 0.603206
1000000 1.43635 0.38756
1000000 1.43635 0.469096
1000000 1.43635 0.544318
1000000 1.43635 0.605323
1000000 1.43635 0.589414
1000000 1.43635 0.591111
1000000 1.43635 0.451998
1000000 1.43635 0.598508
1000000 1.43635 0.574758
1000000 1.43635 0.614479
1000000 1.43635 0.47718
1000000 1.43635 0.516623
1000000 1.43635 0.653734
1000000 1.43635 0.497221
1000000 1.43635 0.60156
1000000 1.43635 0.599613
1000000 1.43635 0.518702
1000000 1.43635 0.53044
1000000 1.43635 0.680674
1000000 1.43635 0.600253
1000000 1.43635 0.659608
1000000 1.43635 0.618864
1000000 1.43635 0.412581
1000000 1.43635 0.564212
1000000 1.43635 0.489867
1000000 1.43635 0.623139
1000000 1.43635 0.615453
1000000 1.43635 0.626316
1000000 1.43635 0.611845
1000000 1.43635 0.580183
1000000 1.43635 0.578614
1000000 1.43635 0.482036
1000000 1.43635 0.439437
1000000 1.43635 0.504349
1000000 1.43635 0.506059
1000000 1.43635 0.574695
1000000 1.43635 0.352223
1000000 1.43635 0.587859
1000000 1.43635 0.574069
1000000 1.43635 0.623539
1000000 1.43635 0.597735
1000000 1.43635 0.616898
1000000 1.43635 0.51596
1000000 1.43635 0.538492
1000000 1.43635 0.355193
1000000 1.43635 0.626437
1000000 1.43635 0.25263
1000000 1.43635 0.353102
1000000 1.43635 0.496496
1000000 1.43635 0.319304
1000000 1.43635 0.445952
1000000 1.43635 0.602493
1000000 1.43635 0.481669
1000000 1.43635 0.393908
1000000 1.43635 0.380707
1000000 1.43635 0.66841
1000000 1.43635 0.391684
1000000 1.43635 0.337238
1000000 1.43635 0.476716
1000000 1.43635 0.657473
1000000 1.43635 0.551496
1000000 1.43635 0.445901
1000000 1.43635 0.547027
1000000 1.43635 0.533144
1000000 1.43635 0.673561
1000000 1.43635 0.59111
1000000 1.43635 0.435976
1000000 1.43635 0.431723
1000000 1.43635 0.596674
1000000 1.43635 0.290955
1000000 1.43635 0.630662
1000000 1.43635 0.661873
1000000 1.43635 0.684974
1000000 1.43635 0.549287
1000000 1.43635 0.550827
1000000 1.43635 0.607089
1000000 1.43635 0.601869
1000000 1.43635 0.65966
1000000 1.43635 0.444935
1000000 1.43635 0.383795
1000000 1.43635 0.52385
1000000 1.43635 0.642081
1000000 1.43635 0.643864
1000000 1.43635 0.633052
1000000 1.43635 0.477644
1000000 1.43635 0.559267
1000000 1.43635 0.590178
1000000 1.43635 0.591592
1000000 1.43635 0.40553
1000000 1.43635 0.5935
1000000 1.43635 0.609702
1000000 1.43635 0.631602
1000000 1.43635 0.594926
1000000 1.43635 0.525141
1000000 1.43635 0.44346
1000000 1.43635 0.573231
1000000 1.43635 0.512743
1000000 1.43635 0.432732
1000000 1.43635 0.637464
1000000 1.43635 0.607631
1000000 1.43635 0.417027
1000000 1.43635 0.561064
1000000 1.43635 0.563812
1000000 1.43635 0.673256
1000000 1.43635 0.485503
1000000 1.43635 0.363053
1000000 1.43635 0.530865
1000000 1.43635 0.542378
1000000 1.43635 0.625283
1000000 1.43635 0.566695
1000000 1.43635 0.582556
1000000 1.43635 0.621725
1000000 1.43635 0.558586
1000000 1.43635 0.545704
1000000 1.43635 0.523024
1000000 1.43635 0.55316
1000000 1.43635 0.417515
1000000 1.43635 0.610889
1000000 1.43635 0.263543
1000000 1.43635 0.631609
1000000 1.43635 0.634075
1000000 1.43635 0.604494
1000000 1.43635 0.452176
1000000 1.43635 0.462593
1000000 1.43635 0.506223
1000000 1.43635 0.559526
1000000 1.43635 0.621513
1000000 1.43635 0.492085
1000000 1.43635 0.617298
1000000 1.43635 0.505314
1000000 1.43635 0.671507
1000000 1.43635 0.593997
1000000 1.43635 0.477767
1000000 1.43635 0.614881
1000000 1.43635 0.609551
1000000 1.43635 0.618266
1000000 1.43635 0.540224
1000000 1.43635 0.609514
1000000 1.43635 0.615027
1000000 1.43635 0.534296
1000000 1.43635 0.596612
1000000 1.43635 0.5711
1000000 1.43635 0.647959
1000000 1.43635 0.660022
1000000 1.43635 0.592034
1000000 1.43635 0.570749
1000000 1.43635 0.65692
1000000 1.43635 0.317433
1000000 1.43635 0.625056
1000000 1.43635 0.595978
1000000 1.43635 0.250079
1000000 1.43635 0.277586
1000000 1.43635 0.579887
1000000 1.43635 0.588474
1000000 1.43635 0.296153
1000000 1.43635 0.631816
1000000 1.43635 0.572448
1000000 1.43635 0.336339
1000000 1.43635 0.63185
1000000 1.43635 0.656531
1000000 1.43635 0.306388
1000000 1.43635 0.372117
1000000 1.43635 0.49958
1000000 1.43635 0.513518
1000000 1.43635 0.548059
1000000 1.43635 0.571871
1000000 1.43635 0.63717
1000000 1.43635 0.560535
1000000 1.43635 0.603631
1000000 1.43635 0.531469
1000000 1.43635 0.61014
1000000 1.43635 0.554955
1000000 1.43635 0.665109
1000000 1.43635 0.377806
1000000 1.43635 0.504018
1000000 1.43635 0.487908
1000000 1.43635 0.539529
1000000 1.43635 0.62621
1000000 1.43635 0.637779
1000000 1.43635 0.565885
1000000 1.43635 0.448234
1000000 1.43635 0.590184
1000000 1.43635 0.632806
1000000 1.43635 0.645263
1000000 1.43635 0.612834
1000000 1.43635 0.418712
1000000 1.43635 0.643851
1000000 1.43635 0.652761
1000000 1.43635 0.611444
1000000 1.43635 0.613323
1000000 1.43635 0.380598
1000000 1.43635 0.531277
1000000 1.43635 0.390634
1000000 1.43635 0.588288
1000000 1.43635 0.629144
1000000 1.43635 0.546258
1000000 1.43635 0.608328
1000000 1.43635 0.553199
1000000 1.43635 0.528171
1000000 1.43635 0.508068
1000000 1.43635 0.595234
1000000 1.43635 0.350386
1000000 1.43635 0.603439
1000000 1.43635 0.658667
1000000 1.43635 0.619754
1000000 1.43635 0.545168
1000000 1.43635 0.569507
1000000 1.43635 0.63415
1000000 1.43635 0.662796
1000000 1.43635 0.335913
1000000 1.43635 0.563004
1000000 1.43635 0.657274
1000000 1.43635 0.579586
1000000 1.43635 0.595791
1000000 1.43635 0.667189
1000000 1.43635 0.586079
1000000 1.43635 0.204665
1000000 1.43635 0.498238
1000000 1.43635 0.515856
1000000 1.43635 0.486182
1000000 1.43635 0.545013
1000000 1.43635 0.650942
1000000 1.43635 0.616458
1000000 1.43635 0.521132
1000000 1.43635 0.555432
1000000 1.43635 0.657147
1000000 1.43635 0.526581
1000000 1.43635 0.626309
1000000 1.43635 0.339675
1000000 1.43635 0.620631
1000000 1.43635 0.607416
1000000 1.43635 0.668601
1000000 1.43635 0.400087
1000000 1.43635 0.303987
1000000 1.43635 0.650896
1000000 1.43635 0.617569
1000000 1.43635 0.516392
1000000 1.43635 0.596545
1000000 1.43635 0.579874
1000000 1.43635 0.26728
1000000 1.43635 0.59448
1000000 1.43635 0.389909
1000000 1.43635 0.448613
1000000 1.43635 0.632331
1000000 1.43635 0.633262
1000000 1.43635 0.560382
1000000 1.43635 0.585505
1000000 1.43635 0.653228
1000000 1.43635 0.503603
1000000 1.43635 0.45617
1000000 1.43635 0.653516
1000000 1.43635 0.668614
1000000 1.43635 0.66358
1000000 1.43635 0.596374
1000000 1.43635 0.647899
1000000 1.43635 0.61896
1000000 1.43635 0.526612
1000000 1.43635 0.601146
1000000 1.43635 0.548775
1000000 1.43635 0.675166
1000000 1.43635 0.630036
1000000 1.43635 0.591073
1000000 1.43635 0.673279
1000000 1.43635 0.658016
1000000 1.43635 0.584978
1000000 1.43635 0.594786
1000000 1.43635 0.615202
1000000 1.43635 0.540461
1000000 1.43635 0.689805
1000000 1.43635 0.587007
1000000 1.43635 0.617378
1000000 1.43635 0.531501
1000000 1.43635 0.562927
1000000 1.43635 0.611858
1000000 1.43635 0.266256
1000000 1.43635 0.498723
1000000 1.43635 0.611769
1000000 1.43635 0.585281
1000000 1.43635 0.293484
1000000 1.43635 0.595879
1000000 1.43635 0.357782
1000000 1.43635 0.637591
1000000 1.43635 0.46916
1000000 1.43635 0.329956
1000000 1.43635 0.575592
1000000 1.43635 0.657511
1000000 1.43635 0.505424
1000000 1.43635 0.514866
1000000 1.43635 0.645369
1000000 1.43635 0.544826
1000000 1.43635 0.630721
1000000 1.43635 0.584135
1000000 1.43635 0.51035
1000000 1.43635 0.665078
1000000 1.43635 0.557629
1000000 1.43635 0.680314
1000000 1.43635 0.556833
1000000 1.43635 0.52129
1000000 1.43635 0.600054
1000000 1.43635 0.648875
1000000 1.43635 0.6543
1000000 1.43635 0.621023
1000000 1.43635 0.641759
1000000 1.43635 0.478176
1000000 1.43635 0.52088
1000000 1.43635 0.455071
1000000 1.43635 0.673437
1000000 1.43635 0.507345
1000000 1.43635 0.289693
1000000 1.43635 0.661621
1000000 1.43635 0.494217
1000000 1.43635 0.662493
1000000 1.43635 0.642577
1000000 1.43635 0.555712
1000000 1.43635 0.51385
1000000 1.43635 0.567641
1000000 1.43635 0.335114
1000000 1.43635 0.607453
1000000 1.43635 0.551351
1000000 1.43635 0.622012
1000000 1.43635 0.425619
1000000 1.43635 0.609565
1000000 1.43635 0.446492
1000000 1.43635 0.532715
1000000 1.43635 0.306261
1000000 1.43635 0.579471
1000000 1.43635 0.631286
1000000 1.43635 0.551012
1000000 1.43635 0.659384
1000000 1.43635 0.559147
1000000 1.43635 0.59991
1000000 1.43635 0.543792
1000000 1.43635 0.510662
1000000 1.43635 0.643742
1000000 1.43635 0.56226
1000000 1.43635 0.543123
1000000 1.43635 0.490211
1000000 1.43635 0.569113
1000000 1.43635 0.539066
1000000 1.43635 0.674332
1000000 1.43635 0.590616
1000000 1.43635 0.597897
1000000 1.43635 0.636646
1000000 1.43635 0.526271
1000000 1.43635 0.627027
1000000 1.43635 0.4113
1000000 1.43635 0.620474
1000000 1.43635 0.640339
1000000 1.43635 0.698051
1000000 1.43635 0.658614
1000000 1.43635 0.549182
1000000 1.43635 0.511676
1000000 1.43635 0.411932
1000000 1.43635 0.62321
1000000 1.43635 0.606232
1000000 1.43635 0.638431
1000000 1.43635 0.495796
1000000 1.43635 0.539189
1000000 1.43635 0.592768
1000000 1.43635 0.639313
1000000 1.43635 0.572281
1000000 1.43635 0.646512
1000000 1.43635 0.310846
1000000 1.43635 0.536482
1000000 1.43635 0.667469
1000000 1.43635 0.597746
1000000 1.43635 0.680671
1000000 1.43635 0.611121
1000000 1.43635 0.551022
1000000 1.43635 0.594778
1000000 1.43635 0.503122
1000000 1.43635 0.645156
1000000 1.43635 0.618714
1000000 1.43635 0.262322
1000000 1.43635 0.542287
1000000 1.43635 0.392597
1000000 1.43635 0.651963
1000000 1.43635 0.642163
1000000 1.43635 0.607412
1000000 1.43635 0.548087
1000000 1.43635 0.640422
1000000 1.43635 0.640923
1000000 1.43635 0.550231
1000000 1.43635 0.544301
1000000 1.43635 0.690847
1000000 1.43635 0.594123
1000000 1.43635 0.549968
1000000 1.43635 0.577264
1000000 1.43635 0.668143
1000000 1.43635 0.602361
1000000 1.43635 0.665224
1000000 1.43635 0.329566
1000000 1.43635 0.512559
1000000 1.43635 0.557448
1000000 1.43635 0.512459
1000000 1.43635 0.623717
1000000 1.43635 0.506082
1000000 1.43635 0.495908
1000000 1.43635 0.493908
1000000 1.43635 0.535457
1000000 1.43635 0.5333
1000000 1.43635 0.362724
1000000 1.43635 0.495745
1000000 1.43635 0.37732
1000000 1.43635 0.589102
1000000 1.43635 0.55628
1000000 1.43635 0.692017
1000000 1.43635 0.592279
1000000 1.43635 0.632781
1000000 1.43635 0.37243
1000000 1.43635 0.521683
1000000 1.43635 0.598598
1000000 1.43635 0.43865
1000000 1.43635 0.600512
1000000 1.43635 0.515011
1000000 1.43635 0.50742
1000000 1.43635 0.135743
1000000 1.43635 0.359538
1000000 1.43635 0.624106
1000000 1.43635 0.675388
1000000 1.43635 0.656688
1000000 1.43635 0.479225
1000000 1.43635 0.352532
1000000 1.43635 0.588094
1000000 1.43635 0.64706
1000000 1.43635 0.30966
1000000 1.43635 0.613201
1000000 1.43635 0.509391
1000000 1.43635 0.565252
1000000 1.43635 0.593702
1000000 1.43635 0.623671
1000000 1.43635 0.647741
1000000 1.43635 0.348888
1000000 1.43635 0.620713
1000000 1.43635 0.535145
1000000 1.43635 0.670921
1000000 1.43635 0.51612
1000000 1.43635 0.501059
1000000 1.43635 0.47028
1000000 1.43635 0.599953
1000000 1.43635 0.624002
1000000 1.43635 0.557117
1000000 1.43635 0.427283
1000000 1.43635 0.310506
1000000 1.43635 0.664725
1000000 1.43635 0.568498
1000000 1.43635 0.492131
1000000 1.43635 0.260385
1000000 1.43635 0.605549
1000000 1.43635 0.492007
1000000 1.43635 0.56926
1000000 1.43635 0.640654
1000000 1.43635 0.504848
1000000 1.43635 0.607352
1000000 1.43635 0.445691
1000000 1.43635 0.643923
1000000 1.43635 0.632253
1000000 1.43635 0.592234
1000000 1.43635 0.521988
1000000 1.43635 0.343519
1000000 1.43635 0.570188
1000000 1.43635 0.5243
1000000 1.43635 0.436516
1000000 1.43635 0.620716
1000000 1.43635 0.693604
1000000 1.43635 0.681872
1000000 1.43635 0.658018
1000000 1.43635 0.638224
1000000 1.43635 0.601215
1000000 1.43635 0.653692
1000000 1.43635 0.406663
1000000 1.43635 0.569707
1000000 1.43635 0.65032
1000000 1.43635 0.556497
1000000 1.43635 0.489553
1000000 1.43635 0.628592
1000000 1.43635 0.590711
1000000 1.43635 0.504495
1000000 1.43635 0.377217
1000000 1.43635 0.365051
1000000 1.43635 0.432035
1000000 1.43635 0.341522
1000000 1.43635 0.592322
1000000 1.43635 0.404452
1000000 1.43635 0.564743
1000000 1.43635 0.670203
1000000 1.43635 0.599794
1000000 1.43635 0.563181
1000000 1.43635 0.522937
1000000 1.43635 0.687888
1000000 1.43635 0.643048
1000000 1.43635 0.485832
1000000 1.43635 0.640214
1000000 1.43635 0.61863
1000000 1.43635 0.6159
1000000 1.43635 0.555933
1000000 1.43635 0.592755
1000000 1.43635 0.536231
1000000 1.43635 0.69468
1000000 1.43635 0.501897
1000000 1.43635 0.581023
1000000 1.43635 0.574699
1000000 1.43635 0.630911
1000000 1.43635 0.557517
1000000 1.43635 0.542029
1000000 1.43635 0.605203
1000000 1.43635 0.406805
1000000 1.43635 0.311705
1000000 1.43635 0.596472
1000000 1.43635 0.517673
1000000 1.43635 0.52572
1000000 1.43635 0.483834
1000000 1.43635 0.622547
1000000 1.43635 0.672681
1000000 1.43635 0.596891
1000000 1.43635 0.341422
1000000 1.43635 0.611961
1000000 1.43635 0.391264
1000000 1.43635 0.44869
1000000 1.43635 0.259087
1000000 1.43635 0.597009
1000000 1.43635 0.662475
1000000 1.43635 0.667195
1000000 1.43635 0.634988
1000000 1.43635 0.562662
1000000 1.43635 0.509816
1000000 1.43635 0.501294
1000000 1.43635 0.564754
1000000 1.43635 0.482265
1000000 1.43635 0.515609
1000000 1.43635 0.646646
1000000 1.43635 0.623791
1000000 1.43635 0.414487
1000000 1.43635 0.624076
1000000 1.43635 0.578712
1000000 1.43635 0.692181
1000000 1.43635 0.467676
1000000 1.43635 0.442654
1000000 1.43635 0.500669
1000000 1.43635 0.57982
1000000 1.43635 0.653443
1000000 1.43635 0.589129
1000000 1.43635 0.62799
1000000 1.43635 0.611804
1000000 1.43635 0.274893
1000000 1.43635 0.459217
1000000 1.43635 0.519029
1000000 1.43635 0.610679
1000000 1.43635 0.502182
1000000 1.43635 0.618329
1000000 1.43635 0.208483
1000000 1.43635 0.548863
1000000 1.43635 0.535976
1000000 1.43635 0.575036
1000000 1.43635 0.463411
1000000 1.43635 0.261733
1000000 1.43635 0.609815
1000000 1.43635 0.229374
1000000 1.43635 0.487469
1000000 1.43635 0.643876
1000000 1.43635 0.622323
1000000 1.43635 0.514117
1000000 1.43635 0.678504
1000000 1.43635 0.642145
1000000 1.43635 0.298392
