1000000000 1.43635 0.458448
1000000000 1.43635 0.338067
1000000000 1.43635 0.44855
1000000000 1.43635 0.423605
1000000000 1.43635 0.414297
1000000000 1.43635 0.469312
1000000000 1.43635 0.444404
1000000000 1.43635 0.434555
1000000000 1.43635 0.436212
1000000000 1.43635 0.373115
1000000000 1.43635 0.289985
1000000000 1.43635 0.195061
1000000000 1.43635 0.417366
1000000000 1.43635 0.387947
1000000000 1.43635 0.308084
1000000000 1.43635 0.431751
1000000000 1.43635 0.442704
1000000000 1.43635 0.417644
1000000000 1.43635 0.379824
1000000000 1.43635 0.461975
1000000000 1.43635 0.336
1000000000 1.43635 0.454434
1000000000 1.43635 0.432035
1000000000 1.43635 0.424972
1000000000 1.43635 0.37412
1000000000 1.43635 0.435669
1000000000 1.43635 0.348624
1000000000 1.43635 0.369626
1000000000 1.43635 0.354921
1000000000 1.43635 0.280836
1000000000 1.43635 0.301536
1000000000 1.43635 0.40566
1000000000 1.43635 0.471325
1000000000 1.43635 0.416152
1000000000 1.43635 0.39422
1000000000 1.43635 0.352872
1000000000 1.43635 0.391877
1000000000 1.43635 0.446082
1000000000 1.43635 0.309228
1000000000 1.43635 0.350152
1000000000 1.43635 0.443323
1000000000 1.43635 0.383615
1000000000 1.43635 0.434056
1000000000 1.43635 0.441465
1000000000 1.43635 0.413117
1000000000 1.43635 0.440249
1000000000 1.43635 0.474648
1000000000 1.43635 0.384957
1000000000 1.43635 0.437705
1000000000 1.43635 0.303495
1000000000 1.43635 0.397732
1000000000 1.43635 0.484175
1000000000 1.43635 0.408231
1000000000 1.43635 0.360724
1000000000 1.43635 0.404211
1000000000 1.43635 0.470087
1000000000 1.43635 0.431492
1000000000 1.43635 0.220942
1000000000 1.43635 0.47367
1000000000 1.43635 0.367343
1000000000 1.43635 0.345366
1000000000 1.43635 0.317863
1000000000 1.43635 0.442543
1000000000 1.43635 0.404436
1000000000 1.43635 0.476088
1000000000 1.43635 0.428981
1000000000 1.43635 0.478926
1000000000 1.43635 0.450153
1000000000 1.43635 0.389417
1000000000 1.43635 0.443677
1000000000 1.43635 0.375576
1000000000 1.43635 0.444706
1000000000 1.43635 0.261142
1000000000 1.43635 0.401861
1000000000 1.43635 0.190352
1000000000 1.43635 0.459209
1000000000 1.43635 0.313454
1000000000 1.43635 0.401347
1000000000 1.43635 0.39284
1000000000 1.43635 0.416088
1000000000 1.43635 0.427832
1000000000 1.43635 0.181116
1000000000 1.43635 0.364245
1000000000 1.43635 0.469536
1000000000 1.43635 0.399869
1000000000 1.43635 0.327184
1000000000 1.43635 0.393701
1000000000 1.43635 0.277843
1000000000 1.43635 0.349055
1000000000 1.43635 0.355617
1000000000 1.43635 0.366194
1000000000 1.43635 0.4235
1000000000 1.43635 0.477904
1000000000 1.43635 0.384319
1000000000 1.43635 0.3946
1000000000 1.43635 0.432935
1000000000 1.43635 0.441705
1000000000 1.43635 0.450984
1000000000 1.43635 0.411469
1000000000 1.43635 0.432566
1000000000 1.43635 0.381694
1000000000 1.43635 0.311287
1000000000 1.43635 0.371355
1000000000 1.43635 0.413577
1000000000 1.43635 0.384612
1000000000 1.43635 0.394531
1000000000 1.43635 0.425716
1000000000 1.43635 0.460519
1000000000 1.43635 0.296862
1000000000 1.43635 0.398449
1000000000 1.43635 0.43014
1000000000 1.43635 0.25261
1000000000 1.43635 0.436191
1000000000 1.43635 0.421095
1000000000 1.43635 0.259676
1000000000 1.43635 0.431756
1000000000 1.43635 0.451363
1000000000 1.43635 0.419786
1000000000 1.43635 0.26888
1000000000 1.43635 0.297137
1000000000 1.43635 0.424921
1000000000 1.43635 0.303869
1000000000 1.43635 0.34284
1000000000 1.43635 0.420452
1000000000 1.43635 0.232448
1000000000 1.43635 0.46796
1000000000 1.43635 0.416278
1000000000 1.43635 0.35902
1000000000 1.43635 0.449208
1000000000 1.43635 0.381709
1000000000 1.43635 0.418368
1000000000 1.43635 0.254815
1000000000 1.43635 0.387209
1000000000 1.43635 0.386808
1000000000 1.43635 0.457815
1000000000 1.43635 0.374563
1000000000 1.43635 0.368539
1000000000 1.43635 0.365114
1000000000 1.43635 0.276226
1000000000 1.43635 0.48497
1000000000 1.43635 0.476859
1000000000 1.43635 0.305363
1000000000 1.43635 0.472004
1000000000 1.43635 0.414392
1000000000 1.43635 0.439789
1000000000 1.43635 0.418347
1000000000 1.43635 0.400212
1000000000 1.43635 0.404617
1000000000 1.43635 0.41806
1000000000 1.43635 0.451301
