100000000000 1.437 0.465578
100000000000 1.436 0.0760037
100000000 1.437 0.485791
1000000000 1.437 0.487723
1000000000 1.437 0.486219
1000000000 1.437 0.481784
10000000000 1.437 0.49257
10000000000 1.437 0.47258
100000000 1.436 0.426886
100000000 1.436 0.309317
100000000 1.436 0.511556
100000000 1.436 0.33805
100000000 1.436 0.287588
100000000 1.436 0.186149
100000000 1.436 0.395552
100000000 1.436 0.381128
100000000 1.436 0.295396
100000000 1.436 0.477146
100000000 1.436 0.472575
100000000 1.436 0.276378
100000000 1.436 0.413488
100000000 1.436 0.432433
100000000 1.436 0.378986
100000000 1.436 0.494445
100000000 1.436 0.526053
100000000 1.436 0.442464
100000000 1.436 0.284099
100000000 1.436 0.505163
100000000 1.436 0.427108
100000000 1.436 0.316612
1000000000 1.436 0.194913
1000000000 1.436 0.326279
1000000000 1.436 0.315342
1000000000 1.436 0.312955
1000000000 1.436 0.143622
1000000000 1.436 0.382501
1000000000 1.436 0.380755
1000000000 1.436 0.409406
1000000000 1.436 0.29709
1000000000 1.436 0.352687
10000000000 1.436 0.156753
100000000 1.435 0.232324
100000000 1.435 0.282246
100000000 1.435 0.419529
100000000 1.435 0.306215
100000000 1.435 0.273368
100000000 1.435 0.374708
100000000 1.435 0.171366
100000000 1.435 0.374617
100000000 1.435 0.226671
100000000 1.435 0.174013
100000000 1.435 0.359989
100000000 1.435 0.452561
100000000 1.435 0.329721
100000000 1.435 0.300424
100000000 1.435 0.354433
100000000 1.435 0.248145
100000000 1.435 0.35751
100000000 1.435 0.141034
100000000 1.435 0.372379
100000000 1.435 0.352607
100000000 1.435 0.262101
100000000 1.435 0.290955
100000000 1.435 0.406677
1000000000 1.435 0.168309
1000000000 1.435 0.197556
1000000000 1.435 0.198827
1000000000 1.435 0.0755948
1000000000 1.435 0.337985
1000000000 1.435 0.12506
1000000000 1.435 0.103337
1000000000 1.435 0.157416
1000000000 1.435 0.0511505
1000000000 1.435 0.10825
10000000 1.435 0.474942
10000000 1.435 0.270872
10000000 1.435 0.588442
10000000 1.435 0.495944
10000000 1.435 0.206506
10000000 1.435 0.531695
10000000 1.435 0.204684
10000000 1.435 0.462988
10000000 1.435 0.444066
10000000 1.435 0.31955
10000000 1.435 0.35801
10000000 1.435 0.538466
10000000 1.435 0.400979
10000000 1.435 0.478544
10000000 1.435 0.528272
10000000 1.435 0.239939
10000000 1.435 0.534563
10000000 1.435 0.443116
10000000 1.435 0.30995
10000000 1.435 0.314186
10000000 1.435 0.537938
10000000 1.435 0.334836
10000000 1.435 0.475634
10000000 1.435 0.289784
10000000 1.435 0.310118
10000000 1.435 0.522408
10000000 1.435 0.237468
10000000 1.435 0.546465
10000000 1.435 0.323073
10000000 1.435 0.214357
10000000 1.435 0.464633
10000000 1.435 0.531728
10000000 1.435 0.409051
10000000 1.435 0.425873
10000000 1.435 0.409286
10000000 1.435 0.189132
10000000 1.435 0.317753
10000000 1.435 0.45437
10000000 1.435 0.321468
10000000 1.435 0.374323
10000000 1.435 0.266875
10000000 1.435 0.488039
10000000 1.435 0.597163
10000000 1.435 0.285964
10000000 1.435 0.530235
10000000 1.435 0.473547
10000000 1.435 0.589297
10000000 1.435 0.501279
10000000 1.435 0.574423
10000000 1.435 0.513379
10000000 1.436 0.450471
10000000 1.436 0.554709
10000000 1.436 0.433163
10000000 1.436 0.508376
10000000 1.436 0.495984
10000000 1.436 0.541824
10000000 1.436 0.573531
10000000 1.436 0.31625
10000000 1.436 0.579487
10000000 1.436 0.45929
10000000 1.436 0.465534
10000000 1.436 0.437167
10000000 1.436 0.46785
10000000 1.436 0.560621
10000000 1.436 0.170586
10000000 1.436 0.163757
10000000 1.436 0.560236
10000000 1.436 0.515391
10000000 1.436 0.497771
10000000 1.436 0.492628
10000000 1.436 0.491088
10000000 1.436 0.283297
10000000 1.436 0.235143
10000000 1.436 0.34477
10000000 1.436 0.586036
10000000 1.436 0.509433
10000000 1.436 0.238812
10000000 1.436 0.289287
10000000 1.436 0.508998
10000000 1.436 0.302912
10000000 1.436 0.561141
10000000 1.436 0.547792
10000000 1.436 0.55472
10000000 1.436 0.469732
10000000 1.436 0.475122
10000000 1.436 0.47336
10000000 1.436 0.575133
10000000 1.436 0.540787
10000000 1.436 0.58097
10000000 1.436 0.496937
10000000 1.436 0.541898
10000000 1.436 0.58352
10000000 1.436 0.512148
10000000 1.436 0.423715
10000000 1.436 0.532971
10000000 1.436 0.609963
10000000 1.436 0.474548
10000000 1.436 0.570493
10000000 1.436 0.578592
10000000 1.436 0.413672
10000000 1.437 0.319064
10000000 1.437 0.365487
10000000 1.437 0.522145
10000000 1.437 0.573296
10000000 1.437 0.579645
10000000 1.437 0.533281
10000000 1.437 0.421749
10000000 1.437 0.583313
10000000 1.437 0.479894
10000000 1.437 0.51779
10000000 1.437 0.620663
10000000 1.437 0.582192
10000000 1.437 0.527462
10000000 1.437 0.549341
10000000 1.437 0.49483
10000000 1.437 0.51622
10000000 1.437 0.515039
10000000 1.437 0.547265
10000000 1.437 0.352239
10000000 1.437 0.365135
10000000 1.437 0.56249
10000000 1.437 0.435757
10000000 1.437 0.530184
10000000 1.437 0.60449
10000000 1.437 0.534654
10000000 1.437 0.385787
10000000 1.437 0.518326
10000000 1.437 0.489893
10000000 1.437 0.485944
10000000 1.437 0.550556
10000000 1.437 0.573616
10000000 1.437 0.506054
10000000 1.437 0.58803
10000000 1.437 0.604745
10000000 1.437 0.500426
10000000 1.437 0.519168
10000000 1.437 0.367987
10000000 1.437 0.45758
10000000 1.437 0.333779
10000000 1.437 0.460139
10000000 1.437 0.592397
10000000 1.437 0.551733
10000000 1.437 0.498816
10000000 1.437 0.457906
10000000 1.437 0.384224
10000000 1.437 0.506256
10000000 1.437 0.559197
10000000 1.437 0.506743
10000000 1.437 0.555581
10000000 1.437 0.553745
1000000 1.437 0.63756
1000000 1.437 0.568437
1000000 1.437 0.525332
1000000 1.437 0.546933
1000000 1.437 0.679081
1000000 1.437 0.617022
1000000 1.437 0.579262
1000000 1.437 0.487299
1000000 1.437 0.545126
1000000 1.437 0.653111
1000000 1.437 0.641436
1000000 1.437 0.597566
1000000 1.437 0.594144
1000000 1.437 0.256471
1000000 1.437 0.54156
1000000 1.437 0.6618
1000000 1.437 0.680325
1000000 1.437 0.667144
1000000 1.437 0.548603
1000000 1.437 0.683743
1000000 1.437 0.644953
1000000 1.437 0.533778
1000000 1.437 0.356498
1000000 1.437 0.517795
1000000 1.437 0.565935
1000000 1.437 0.555872
1000000 1.437 0.659903
1000000 1.437 0.595712
1000000 1.437 0.568873
1000000 1.437 0.57244
1000000 1.437 0.609455
1000000 1.437 0.591243
1000000 1.437 0.632148
1000000 1.437 0.305303
1000000 1.437 0.484877
1000000 1.437 0.45332
1000000 1.437 0.593993
1000000 1.437 0.291027
1000000 1.437 0.432348
1000000 1.437 0.465022
1000000 1.437 0.581138
1000000 1.437 0.65328
1000000 1.437 0.629621
1000000 1.437 0.623186
1000000 1.437 0.594465
1000000 1.437 0.695372
1000000 1.437 0.634503
1000000 1.437 0.3834
1000000 1.437 0.522392
1000000 1.437 0.486035
1000000 1.437 0.652775
1000000 1.437 0.590299
1000000 1.437 0.650677
1000000 1.437 0.603962
1000000 1.437 0.643162
1000000 1.437 0.665881
1000000 1.437 0.67874
1000000 1.437 0.473629
1000000 1.437 0.562001
1000000 1.437 0.465494
1000000 1.437 0.603783
1000000 1.437 0.540773
1000000 1.437 0.411574
1000000 1.437 0.507369
1000000 1.437 0.522272
1000000 1.437 0.680093
1000000 1.437 0.648694
1000000 1.437 0.298513
1000000 1.437 0.607927
1000000 1.437 0.582354
1000000 1.437 0.654012
1000000 1.437 0.568029
1000000 1.437 0.429634
1000000 1.437 0.496065
1000000 1.437 0.597552
1000000 1.437 0.462955
1000000 1.437 0.61993
1000000 1.437 0.571622
1000000 1.437 0.584857
1000000 1.437 0.668151
1000000 1.437 0.690135
1000000 1.437 0.679985
1000000 1.437 0.459422
1000000 1.437 0.491767
1000000 1.437 0.662385
1000000 1.437 0.549794
1000000 1.437 0.519761
1000000 1.437 0.420204
1000000 1.437 0.495581
1000000 1.437 0.535051
1000000 1.437 0.660319
1000000 1.437 0.541031
1000000 1.437 0.579267
1000000 1.437 0.640894
1000000 1.437 0.520806
1000000 1.437 0.488155
1000000 1.437 0.414566
1000000 1.437 0.348845
1000000 1.437 0.594322
1000000 1.437 0.565432
1000000 1.437 0.408417
1000000 1.437 0.586785
1000000 1.437 0.538468
1000000 1.437 0.356013
1000000 1.436 0.472772
1000000 1.436 0.554021
1000000 1.436 0.64965
1000000 1.436 0.572123
1000000 1.436 0.561536
1000000 1.436 0.377198
1000000 1.436 0.510474
1000000 1.436 0.559638
1000000 1.436 0.587917
1000000 1.436 0.616577
1000000 1.436 0.611028
1000000 1.436 0.427921
1000000 1.436 0.633424
1000000 1.436 0.543089
1000000 1.436 0.390072
1000000 1.436 0.579119
1000000 1.436 0.409397
1000000 1.436 0.461711
1000000 1.436 0.616558
1000000 1.436 0.461765
1000000 1.436 0.409447
1000000 1.436 0.656282
1000000 1.436 0.452448
1000000 1.436 0.570246
1000000 1.436 0.629101
1000000 1.436 0.423097
1000000 1.436 0.625035
1000000 1.436 0.474905
1000000 1.436 0.550836
1000000 1.436 0.662719
1000000 1.436 0.402064
1000000 1.436 0.605155
1000000 1.436 0.582211
1000000 1.436 0.620841
1000000 1.436 0.585857
1000000 1.436 0.613524
1000000 1.436 0.451927
1000000 1.436 0.630635
1000000 1.436 0.592531
1000000 1.436 0.527946
1000000 1.436 0.370873
1000000 1.436 0.564335
1000000 1.436 0.631156
1000000 1.436 0.638509
1000000 1.436 0.5743
1000000 1.436 0.445782
1000000 1.436 0.470008
1000000 1.436 0.386152
1000000 1.436 0.588852
1000000 1.436 0.585923
1000000 1.436 0.443037
1000000 1.436 0.622898
1000000 1.436 0.314093
1000000 1.436 0.618265
1000000 1.436 0.385963
1000000 1.436 0.634115
1000000 1.436 0.660268
1000000 1.436 0.486231
1000000 1.436 0.380165
1000000 1.436 0.442099
1000000 1.436 0.583902
1000000 1.436 0.415187
1000000 1.436 0.427894
1000000 1.436 0.457998
1000000 1.436 0.441438
1000000 1.436 0.619804
1000000 1.436 0.540052
1000000 1.436 0.614303
1000000 1.436 0.622038
1000000 1.436 0.620761
1000000 1.436 0.659418
1000000 1.436 0.449695
1000000 1.436 0.544978
1000000 1.436 0.576612
1000000 1.436 0.578619
1000000 1.436 0.624842
1000000 1.436 0.412315
1000000 1.436 0.567308
1000000 1.436 0.510778
1000000 1.436 0.447319
1000000 1.436 0.28828
1000000 1.436 0.462685
1000000 1.436 0.677805
1000000 1.436 0.616743
1000000 1.436 0.630757
1000000 1.436 0.551623
1000000 1.436 0.661586
1000000 1.436 0.652613
1000000 1.436 0.569637
1000000 1.436 0.474163
1000000 1.436 0.533802
1000000 1.436 0.360492
1000000 1.436 0.519111
1000000 1.436 0.580539
1000000 1.436 0.338288
1000000 1.436 0.49791
1000000 1.436 0.299635
1000000 1.436 0.509094
1000000 1.436 0.586348
1000000 1.436 0.445529
1000000 1.435 0.607147
1000000 1.435 0.52814
1000000 1.435 0.632348
1000000 1.435 0.635912
1000000 1.435 0.588422
1000000 1.435 0.489471
1000000 1.435 0.63479
1000000 1.435 0.477208
1000000 1.435 0.581722
1000000 1.435 0.587195
1000000 1.435 0.515347
1000000 1.435 0.629268
1000000 1.435 0.560822
1000000 1.435 0.638478
1000000 1.435 0.602792
1000000 1.435 0.56801
1000000 1.435 0.52083
1000000 1.435 0.64007
1000000 1.435 0.388424
1000000 1.435 0.586069
1000000 1.435 0.455868
1000000 1.435 0.66347
1000000 1.435 0.49246
1000000 1.435 0.375163
1000000 1.435 0.570138
1000000 1.435 0.596161
1000000 1.435 0.384429
1000000 1.435 0.543217
1000000 1.435 0.354265
1000000 1.435 0.655139
1000000 1.435 0.520235
1000000 1.435 0.53959
1000000 1.435 0.583079
1000000 1.435 0.654345
1000000 1.435 0.571249
1000000 1.435 0.487945
1000000 1.435 0.468457
1000000 1.435 0.389183
1000000 1.435 0.564562
1000000 1.435 0.557516
1000000 1.435 0.609689
1000000 1.435 0.560829
1000000 1.435 0.543237
1000000 1.435 0.441292
1000000 1.435 0.480853
1000000 1.435 0.601557
1000000 1.435 0.165817
1000000 1.435 0.325846
1000000 1.435 0.618875
1000000 1.435 0.544595
1000000 1.435 0.617174
1000000 1.435 0.568248
1000000 1.435 0.518114
1000000 1.435 0.491218
1000000 1.435 0.374102
1000000 1.435 0.6061
1000000 1.435 0.545062
1000000 1.435 0.474979
1000000 1.435 0.576969
1000000 1.435 0.443604
1000000 1.435 0.357761
1000000 1.435 0.665252
1000000 1.435 0.636188
1000000 1.435 0.355225
1000000 1.435 0.611527
1000000 1.435 0.594775
1000000 1.435 0.149606
1000000 1.435 0.46532
1000000 1.435 0.658804
1000000 1.435 0.53614
1000000 1.435 0.594127
1000000 1.435 0.629311
1000000 1.435 0.647021
1000000 1.435 0.61735
1000000 1.435 0.615704
1000000 1.435 0.679972
1000000 1.435 0.658321
1000000 1.435 0.644667
1000000 1.435 0.592733
1000000 1.435 0.588615
1000000 1.435 0.610512
1000000 1.435 0.372873
1000000 1.435 0.459027
1000000 1.435 0.473802
1000000 1.435 0.630609
1000000 1.435 0.340652
1000000 1.435 0.429346
1000000 1.435 0.620421
1000000 1.435 0.517146
1000000 1.435 0.62949
1000000 1.435 0.608174
1000000 1.435 0.549831
1000000 1.435 0.435338
1000000 1.435 0.638052
1000000 1.435 0.47057
1000000 1.435 0.549627
1000000 1.435 0.679253
1000000 1.435 0.478021
1000000 1.435 0.530151
1000000 1.435 0.607926
