100000 1.44 0.57022
100000 1.44 0.74551
100000 1.44 0.63211
100000 1.44 0.63951
100000 1.44 0.54236
100000 1.44 0.7082
100000 1.44 0.45638
100000 1.44 0.74953
100000 1.44 0.79065
100000 1.44 0.65467
100000 1.44 0.64042
100000 1.44 0.7197
100000 1.44 0.68145
100000 1.44 0.59463
100000 1.44 0.77306
100000 1.44 0.68001
100000 1.44 0.69827
100000 1.44 0.21112
100000 1.44 0.63518
100000 1.44 0.61784
100000 1.44 0.53289
100000 1.44 0.5783
100000 1.44 0.63959
100000 1.44 0.73701
100000 1.44 0.25346
100000 1.44 0.69901
100000 1.44 0.74629
100000 1.44 0.76172
100000 1.44 0.64383
100000 1.44 0.37544
100000 1.44 0.7102
100000 1.44 0.48148
100000 1.44 0.6986
100000 1.44 0.71093
100000 1.44 0.57744
100000 1.44 0.70886
100000 1.44 0.62093
100000 1.44 0.56307
100000 1.44 0.5609
100000 1.44 0.71213
100000 1.44 0.615
100000 1.44 0.70454
100000 1.44 0.43601
100000 1.44 0.75885
100000 1.44 0.77369
100000 1.44 0.69066
100000 1.44 0.5144
100000 1.44 0.57742
100000 1.44 0.33772
100000 1.44 0.7072
100000 1.44 0.7261
100000 1.44 0.70842
100000 1.44 0.77594
100000 1.44 0.74471
100000 1.44 0.74208
100000 1.44 0.73361
100000 1.44 0.52551
100000 1.44 0.6932
100000 1.44 0.73623
100000 1.44 0.26484
100000 1.44 0.63653
100000 1.44 0.47524
100000 1.44 0.63428
100000 1.44 0.76284
100000 1.44 0.72735
100000 1.44 0.65764
100000 1.44 0.63956
100000 1.44 0.39897
100000 1.44 0.76822
100000 1.44 0.62601
100000 1.44 0.56809
100000 1.44 0.73368
100000 1.44 0.76395
100000 1.44 0.54067
100000 1.44 0.70108
100000 1.44 0.66955
100000 1.44 0.71214
100000 1.44 0.73524
100000 1.44 0.66206
100000 1.44 0.60155
100000 1.44 0.71769
100000 1.44 0.74388
100000 1.44 0.70231
100000 1.44 0.52381
100000 1.44 0.71584
100000 1.44 0.69854
100000 1.44 0.64442
100000 1.44 0.74071
100000 1.44 0.53927
100000 1.44 0.569
100000 1.44 0.61307
100000 1.44 0.41572
100000 1.44 0.55141
100000 1.44 0.71485
100000 1.44 0.44588
100000 1.44 0.65084
100000 1.44 0.74346
100000 1.44 0.56335
100000 1.44 0.77913
100000 1.44 0.73659
100000 1.44 0.78943
100000 1.44 0.73705
100000 1.44 0.75649
100000 1.44 0.29101
100000 1.44 0.48118
100000 1.44 0.7403
100000 1.44 0.33019
100000 1.44 0.55234
100000 1.44 0.78828
100000 1.44 0.32248
100000 1.44 0.50487
100000 1.44 0.70391
100000 1.44 0.78296
100000 1.44 0.75492
100000 1.44 0.59917
100000 1.44 0.77933
100000 1.44 0.65413
100000 1.44 0.72443
100000 1.44 0.73933
100000 1.44 0.74803
100000 1.44 0.61477
100000 1.44 0.74031
100000 1.44 0.47953
100000 1.44 0.67314
100000 1.44 0.70312
100000 1.44 0.74372
100000 1.44 0.74906
100000 1.44 0.44029
100000 1.44 0.63178
100000 1.44 0.67373
100000 1.44 0.78954
100000 1.44 0.70011
100000 1.44 0.63545
100000 1.44 0.74223
100000 1.44 0.70634
100000 1.44 0.69205
100000 1.44 0.47143
100000 1.44 0.66188
100000 1.44 0.50278
100000 1.44 0.22201
100000 1.44 0.66475
100000 1.44 0.67067
100000 1.44 0.63113
100000 1.44 0.70113
100000 1.44 0.758
100000 1.44 0.6286
100000 1.44 0.20176
100000 1.44 0.73274
100000 1.44 0.60685
100000 1.44 0.37571
100000 1.44 0.72217
100000 1.44 0.45618
100000 1.44 0.72767
100000 1.44 0.62765
100000 1.44 0.70668
100000 1.44 0.74859
100000 1.44 0.50378
100000 1.44 0.71905
100000 1.44 0.70977
100000 1.44 0.73398
100000 1.44 0.57719
100000 1.44 0.72672
100000 1.44 0.5967
100000 1.44 0.57846
100000 1.44 0.53362
100000 1.44 0.54991
100000 1.44 0.65282
100000 1.44 0.72477
100000 1.44 0.63755
100000 1.44 0.69504
100000 1.44 0.46944
100000 1.44 0.7037
100000 1.44 0.62826
100000 1.44 0.65824
100000 1.44 0.78169
100000 1.44 0.62211
100000 1.44 0.71321
100000 1.44 0.72754
100000 1.44 0.57064
100000 1.44 0.7605
100000 1.44 0.6515
100000 1.44 0.39826
100000 1.44 0.72162
100000 1.44 0.67929
100000 1.44 0.73164
100000 1.44 0.7428
100000 1.44 0.73661
100000 1.44 0.73128
100000 1.44 0.62609
100000 1.44 0.57241
100000 1.44 0.73835
100000 1.44 0.68141
100000 1.44 0.68179
100000 1.44 0.68194
100000 1.44 0.55449
100000 1.44 0.75763
100000 1.44 0.64519
100000 1.44 0.66947
100000 1.44 0.50307
100000 1.44 0.53274
100000 1.44 0.54191
100000 1.44 0.62833
100000 1.44 0.66114
100000 1.44 0.44581
100000 1.44 0.67165
100000 1.44 0.60495
100000 1.44 0.70375
100000 1.44 0.42238
100000 1.44 0.62708
100000 1.44 0.81388
100000 1.44 0.67547
100000 1.44 0.61654
100000 1.44 0.72927
100000 1.44 0.45492
100000 1.44 0.59723
100000 1.44 0.66868
100000 1.44 0.74367
100000 1.44 0.67933
100000 1.44 0.6346
100000 1.44 0.59171
100000 1.44 0.659
100000 1.44 0.76481
100000 1.44 0.76597
100000 1.44 0.68286
100000 1.44 0.55457
100000 1.44 0.74258
100000 1.44 0.76518
100000 1.44 0.75479
100000 1.44 0.63402
100000 1.44 0.63478
100000 1.44 0.6784
100000 1.44 0.49143
100000 1.44 0.55893
100000 1.44 0.48643
100000 1.44 0.71508
100000 1.44 0.75644
100000 1.44 0.68493
100000 1.44 0.74538
100000 1.44 0.51278
100000 1.44 0.57884
100000 1.44 0.74614
100000 1.44 0.66127
100000 1.44 0.75262
100000 1.44 0.74314
100000 1.44 0.29058
100000 1.44 0.7431
100000 1.44 0.6003
100000 1.44 0.70249
100000 1.44 0.69841
100000 1.44 0.56305
100000 1.44 0.67091
100000 1.44 0.71905
100000 1.44 0.74045
100000 1.44 0.68038
100000 1.44 0.78257
100000 1.44 0.74839
100000 1.44 0.67186
100000 1.44 0.49167
100000 1.44 0.48937
100000 1.44 0.7609
100000 1.44 0.73847
100000 1.44 0.68349
100000 1.44 0.60442
100000 1.44 0.6959
100000 1.44 0.70586
100000 1.44 0.65827
100000 1.44 0.79036
100000 1.44 0.62105
100000 1.44 0.53196
100000 1.44 0.6883
100000 1.44 0.39821
100000 1.44 0.63836
100000 1.44 0.69185
100000 1.44 0.77595
100000 1.44 0.5819
100000 1.44 0.73969
100000 1.44 0.68795
100000 1.44 0.59795
100000 1.44 0.56918
100000 1.44 0.74038
100000 1.44 0.67129
100000 1.44 0.63481
100000 1.44 0.71463
100000 1.44 0.6298
100000 1.44 0.64153
100000 1.44 0.75103
100000 1.44 0.43528
100000 1.44 0.70155
100000 1.44 0.67977
100000 1.44 0.62648
100000 1.44 0.7586
100000 1.44 0.76976
100000 1.44 0.67732
100000 1.44 0.53576
100000 1.44 0.67584
100000 1.44 0.53841
100000 1.44 0.71229
100000 1.44 0.79263
100000 1.44 0.47944
100000 1.44 0.71499
100000 1.44 0.52773
100000 1.44 0.6898
100000 1.44 0.7581
100000 1.44 0.75054
100000 1.44 0.63988
100000 1.44 0.60283
100000 1.44 0.75199
100000 1.44 0.68071
100000 1.44 0.70075
100000 1.44 0.65713
100000 1.44 0.70776
100000 1.44 0.72374
100000 1.44 0.72203
100000 1.44 0.58968
100000 1.44 0.71429
100000 1.44 0.41602
100000 1.44 0.68791
100000 1.44 0.66714
100000 1.44 0.59111
100000 1.44 0.71763
100000 1.44 0.73407
100000 1.44 0.68805
100000 1.44 0.63747
100000 1.44 0.57523
100000 1.44 0.75165
100000 1.44 0.65635
100000 1.44 0.66984
100000 1.44 0.57891
100000 1.44 0.70156
100000 1.44 0.67546
100000 1.44 0.77883
100000 1.44 0.46737
100000 1.44 0.689
100000 1.44 0.55502
100000 1.44 0.7805
100000 1.44 0.56423
100000 1.44 0.56289
100000 1.44 0.68621
100000 1.44 0.58362
100000 1.44 0.6593
100000 1.44 0.29955
100000 1.44 0.7367
100000 1.44 0.72956
100000 1.44 0.63752
100000 1.44 0.74949
100000 1.44 0.73744
100000 1.44 0.65263
100000 1.44 0.73338
100000 1.44 0.75425
100000 1.44 0.66365
100000 1.44 0.68004
100000 1.44 0.74131
100000 1.44 0.34119
100000 1.44 0.31839
100000 1.44 0.33062
100000 1.44 0.60387
100000 1.44 0.43536
100000 1.44 0.5123
100000 1.44 0.65426
100000 1.44 0.66798
100000 1.44 0.7015
100000 1.44 0.62274
100000 1.44 0.73093
100000 1.44 0.41872
100000 1.44 0.59678
100000 1.44 0.57667
100000 1.44 0.63502
100000 1.44 0.76188
100000 1.44 0.65192
100000 1.44 0.70933
100000 1.44 0.71833
100000 1.44 0.70296
100000 1.44 0.71775
100000 1.44 0.34095
100000 1.44 0.71506
100000 1.44 0.64351
100000 1.44 0.72664
100000 1.44 0.59503
100000 1.44 0.78823
100000 1.44 0.74186
100000 1.44 0.69222
100000 1.44 0.57125
100000 1.44 0.776
100000 1.44 0.64411
100000 1.44 0.58138
100000 1.44 0.74495
100000 1.44 0.49819
100000 1.44 0.63918
100000 1.44 0.60728
100000 1.44 0.7151
100000 1.44 0.75366
100000 1.44 0.53494
100000 1.44 0.75593
100000 1.44 0.73208
100000 1.44 0.54664
100000 1.44 0.68341
100000 1.44 0.60971
100000 1.44 0.65768
100000 1.44 0.72276
100000 1.44 0.74797
100000 1.44 0.48981
100000 1.44 0.6972
100000 1.44 0.67999
100000 1.44 0.79563
100000 1.44 0.62729
100000 1.44 0.59388
100000 1.44 0.75241
100000 1.44 0.63083
100000 1.44 0.68754
100000 1.44 0.69998
100000 1.44 0.63837
100000 1.44 0.62594
100000 1.44 0.67159
100000 1.44 0.66831
100000 1.44 0.50388
100000 1.44 0.77184
100000 1.44 0.76531
100000 1.44 0.5823
100000 1.44 0.69652
100000 1.44 0.74111
100000 1.44 0.68812
100000 1.44 0.66959
100000 1.44 0.76857
100000 1.44 0.75887
100000 1.44 0.64925
100000 1.44 0.28261
100000 1.44 0.77481
100000 1.44 0.5513
100000 1.44 0.44278
100000 1.44 0.50467
100000 1.44 0.60789
100000 1.44 0.28434
100000 1.44 0.76635
100000 1.44 0.57743
100000 1.44 0.68973
100000 1.44 0.73599
100000 1.44 0.29276
100000 1.44 0.68962
100000 1.44 0.6623
100000 1.44 0.35586
100000 1.44 0.52849
100000 1.44 0.75264
100000 1.44 0.55046
100000 1.44 0.7212
100000 1.44 0.74049
100000 1.44 0.55284
100000 1.44 0.62437
100000 1.44 0.43603
100000 1.44 0.61898
100000 1.44 0.72457
100000 1.44 0.77061
100000 1.44 0.78114
100000 1.44 0.6754
100000 1.44 0.69772
100000 1.44 0.7108
100000 1.44 0.67062
100000 1.44 0.69331
100000 1.44 0.74507
100000 1.44 0.72469
100000 1.44 0.69176
100000 1.44 0.58453
100000 1.44 0.58145
100000 1.44 0.74416
100000 1.44 0.68764
100000 1.44 0.63664
100000 1.44 0.57343
100000 1.44 0.56722
100000 1.44 0.66669
100000 1.44 0.42166
100000 1.44 0.67206
100000 1.44 0.74217
100000 1.44 0.7406
100000 1.44 0.64116
100000 1.44 0.70655
100000 1.44 0.75872
100000 1.44 0.59201
100000 1.44 0.71916
100000 1.44 0.5416
100000 1.44 0.50939
100000 1.44 0.66579
100000 1.44 0.70423
100000 1.44 0.70163
100000 1.44 0.52511
100000 1.44 0.76755
100000 1.44 0.57738
100000 1.44 0.71975
100000 1.44 0.4728
100000 1.44 0.55557
100000 1.44 0.67856
100000 1.44 0.64915
100000 1.44 0.66816
100000 1.44 0.38168
100000 1.44 0.71802
100000 1.44 0.67652
100000 1.44 0.5945
100000 1.44 0.7756
100000 1.44 0.72691
100000 1.44 0.70958
100000 1.44 0.75377
100000 1.44 0.6944
100000 1.44 0.7198
100000 1.44 0.71441
100000 1.44 0.3191
100000 1.44 0.74881
100000 1.44 0.6332
100000 1.44 0.7332
100000 1.44 0.61459
100000 1.44 0.48209
100000 1.44 0.38988
100000 1.44 0.72668
100000 1.44 0.66523
100000 1.44 0.42027
100000 1.44 0.66343
100000 1.44 0.39945
100000 1.44 0.62433
100000 1.44 0.52625
100000 1.44 0.68921
100000 1.44 0.60487
100000 1.44 0.52995
100000 1.44 0.66994
100000 1.44 0.75285
100000 1.44 0.52648
100000 1.44 0.72323
100000 1.44 0.71905
100000 1.44 0.77189
100000 1.44 0.66128
100000 1.44 0.71118
100000 1.44 0.74673
100000 1.44 0.7546
100000 1.44 0.633
100000 1.44 0.6647
100000 1.44 0.47192
100000 1.44 0.75643
100000 1.44 0.65343
100000 1.44 0.67762
100000 1.44 0.54698
100000 1.44 0.6681
100000 1.44 0.6776
100000 1.44 0.38148
100000 1.44 0.70475
100000 1.44 0.68985
100000 1.44 0.28112
100000 1.44 0.43729
100000 1.44 0.57005
100000 1.44 0.37104
100000 1.44 0.68579
100000 1.44 0.73577
100000 1.44 0.60714
100000 1.44 0.74443
100000 1.44 0.7093
100000 1.44 0.68639
100000 1.44 0.61076
100000 1.44 0.66152
100000 1.44 0.6035
100000 1.44 0.68872
100000 1.44 0.72741
100000 1.44 0.69154
100000 1.44 0.7217
100000 1.44 0.34693
100000 1.44 0.61109
100000 1.44 0.73554
100000 1.44 0.71773
100000 1.44 0.66
100000 1.44 0.79593
100000 1.44 0.6989
100000 1.44 0.34678
100000 1.44 0.71122
100000 1.44 0.74173
100000 1.44 0.73811
100000 1.44 0.37062
100000 1.44 0.74181
100000 1.44 0.70288
100000 1.44 0.62131
100000 1.44 0.76556
100000 1.44 0.68217
100000 1.44 0.65932
100000 1.44 0.68383
100000 1.44 0.76308
100000 1.44 0.71252
100000 1.44 0.57518
100000 1.44 0.69735
100000 1.44 0.61838
100000 1.44 0.55404
100000 1.44 0.57424
100000 1.44 0.77615
100000 1.44 0.71463
100000 1.44 0.68893
100000 1.44 0.42314
100000 1.44 0.73422
100000 1.44 0.74662
100000 1.44 0.60928
100000 1.44 0.61754
100000 1.44 0.63311
100000 1.44 0.58623
100000 1.44 0.70137
100000 1.44 0.76189
100000 1.44 0.65156
100000 1.44 0.60502
100000 1.44 0.57824
100000 1.44 0.57405
100000 1.44 0.59187
100000 1.44 0.75908
100000 1.44 0.72942
100000 1.44 0.71257
100000 1.44 0.69859
100000 1.44 0.68089
100000 1.44 0.6885
100000 1.44 0.43044
100000 1.44 0.6862
100000 1.44 0.70784
100000 1.44 0.72772
100000 1.44 0.73211
100000 1.44 0.67352
100000 1.44 0.75545
100000 1.44 0.62785
100000 1.44 0.64183
100000 1.44 0.73358
100000 1.44 0.71332
100000 1.44 0.65401
100000 1.44 0.70291
100000 1.44 0.59662
100000 1.44 0.74516
100000 1.44 0.70557
100000 1.44 0.78233
100000 1.44 0.73052
100000 1.44 0.48777
100000 1.44 0.66055
100000 1.44 0.41922
100000 1.44 0.73926
100000 1.44 0.76442
100000 1.44 0.49764
100000 1.44 0.71631
100000 1.44 0.59575
100000 1.44 0.62387
100000 1.44 0.57782
100000 1.44 0.7073
100000 1.44 0.40288
100000 1.44 0.71999
100000 1.44 0.5843
100000 1.44 0.7564
100000 1.44 0.70367
100000 1.44 0.62137
100000 1.44 0.53415
100000 1.44 0.68079
100000 1.44 0.74838
100000 1.44 0.64818
100000 1.44 0.499
100000 1.44 0.70009
100000 1.44 0.75099
100000 1.44 0.67084
100000 1.44 0.77796
100000 1.44 0.73823
100000 1.44 0.51094
100000 1.44 0.70716
100000 1.44 0.63503
100000 1.44 0.77428
100000 1.44 0.69551
100000 1.44 0.30838
100000 1.44 0.71445
100000 1.44 0.74635
100000 1.44 0.76027
100000 1.44 0.60497
100000 1.44 0.7164
100000 1.44 0.71271
100000 1.44 0.41847
100000 1.44 0.52122
100000 1.44 0.72815
100000 1.44 0.73583
100000 1.44 0.71475
100000 1.44 0.56983
100000 1.44 0.54728
100000 1.44 0.70857
100000 1.44 0.63801
100000 1.44 0.53012
100000 1.44 0.75614
100000 1.44 0.48553
100000 1.44 0.68989
100000 1.44 0.68369
100000 1.44 0.55878
100000 1.44 0.55211
100000 1.44 0.75479
100000 1.44 0.61555
100000 1.44 0.71265
100000 1.44 0.7536
100000 1.44 0.62813
100000 1.44 0.73365
100000 1.44 0.55379
100000 1.44 0.75977
100000 1.44 0.68285
100000 1.44 0.7378
100000 1.44 0.71282
100000 1.44 0.77507
100000 1.44 0.75
100000 1.44 0.74999
100000 1.44 0.64712
100000 1.44 0.67745
100000 1.44 0.69034
100000 1.44 0.2617
100000 1.44 0.57812
100000 1.44 0.70026
100000 1.44 0.72549
100000 1.44 0.72236
100000 1.44 0.72488
100000 1.44 0.6469
100000 1.44 0.72069
100000 1.44 0.44945
100000 1.44 0.74848
100000 1.44 0.75363
100000 1.44 0.58922
100000 1.44 0.46126
100000 1.44 0.5796
100000 1.44 0.75089
100000 1.44 0.58949
100000 1.44 0.73229
100000 1.44 0.58612
100000 1.44 0.55356
100000 1.44 0.73608
100000 1.44 0.66424
100000 1.44 0.37014
100000 1.44 0.58977
100000 1.44 0.71532
100000 1.44 0.78482
100000 1.44 0.7516
100000 1.44 0.51693
100000 1.44 0.67656
100000 1.44 0.77523
100000 1.44 0.72022
100000 1.44 0.74657
100000 1.44 0.76624
100000 1.44 0.6826
100000 1.44 0.71381
100000 1.44 0.70576
100000 1.44 0.65595
100000 1.44 0.67175
100000 1.44 0.73081
100000 1.44 0.51238
100000 1.44 0.63179
100000 1.44 0.61073
100000 1.44 0.6101
100000 1.44 0.80236
100000 1.44 0.56532
100000 1.44 0.72756
100000 1.44 0.75641
100000 1.44 0.69935
100000 1.44 0.59111
100000 1.44 0.56191
100000 1.44 0.44484
100000 1.44 0.64361
100000 1.44 0.63951
100000 1.44 0.65305
100000 1.44 0.63654
100000 1.44 0.74099
100000 1.44 0.68427
100000 1.44 0.75689
100000 1.44 0.73101
100000 1.44 0.71745
100000 1.44 0.76229
100000 1.44 0.75229
100000 1.44 0.7445
100000 1.44 0.75844
100000 1.44 0.69821
100000 1.44 0.71974
100000 1.44 0.69048
100000 1.44 0.68612
100000 1.44 0.73495
100000 1.44 0.56018
100000 1.44 0.66902
100000 1.44 0.34766
100000 1.44 0.74162
100000 1.44 0.74977
100000 1.44 0.75366
100000 1.44 0.78852
100000 1.44 0.58831
100000 1.44 0.66128
100000 1.44 0.7183
100000 1.44 0.58581
100000 1.44 0.36317
100000 1.44 0.69897
100000 1.44 0.2101
100000 1.44 0.70837
100000 1.44 0.65157
100000 1.44 0.68384
100000 1.44 0.72614
100000 1.44 0.75625
100000 1.44 0.64791
100000 1.44 0.49741
100000 1.44 0.75684
100000 1.44 0.73971
100000 1.44 0.65934
100000 1.44 0.57933
100000 1.44 0.67175
100000 1.44 0.31917
100000 1.44 0.72849
100000 1.44 0.66533
100000 1.44 0.76242
100000 1.44 0.63777
100000 1.44 0.7207
100000 1.44 0.72962
100000 1.44 0.5525
100000 1.44 0.70901
100000 1.44 0.74584
100000 1.44 0.69399
100000 1.44 0.67167
100000 1.44 0.73327
100000 1.44 0.71488
100000 1.44 0.6935
100000 1.44 0.59293
100000 1.44 0.53282
100000 1.44 0.6786
100000 1.44 0.72684
100000 1.44 0.60959
100000 1.44 0.46685
100000 1.44 0.78405
100000 1.44 0.49052
100000 1.44 0.60838
100000 1.44 0.64898
100000 1.44 0.39351
100000 1.44 0.69622
100000 1.44 0.75881
100000 1.44 0.62529
100000 1.44 0.74796
100000 1.44 0.66503
100000 1.44 0.64929
100000 1.44 0.6967
100000 1.44 0.75069
100000 1.44 0.7439
100000 1.44 0.64062
100000 1.44 0.76625
100000 1.44 0.68741
100000 1.44 0.68841
100000 1.44 0.72047
100000 1.44 0.63016
100000 1.44 0.69118
100000 1.44 0.71204
100000 1.44 0.68418
100000 1.44 0.57812
100000 1.44 0.25625
100000 1.44 0.74056
100000 1.44 0.67457
100000 1.44 0.75482
100000 1.44 0.71496
100000 1.44 0.72399
100000 1.44 0.65541
100000 1.44 0.69623
100000 1.44 0.64375
100000 1.44 0.27316
100000 1.44 0.74765
100000 1.44 0.7301
100000 1.44 0.73726
100000 1.44 0.77236
100000 1.44 0.51715
100000 1.44 0.63399
100000 1.44 0.551
100000 1.44 0.61027
100000 1.44 0.38806
100000 1.44 0.55492
100000 1.44 0.77486
100000 1.44 0.72516
100000 1.44 0.37202
100000 1.44 0.58157
100000 1.44 0.4301
100000 1.44 0.61209
100000 1.44 0.50789
100000 1.44 0.73749
100000 1.44 0.7601
100000 1.44 0.69409
100000 1.44 0.75436
100000 1.44 0.69517
100000 1.44 0.64509
100000 1.44 0.66435
100000 1.44 0.76743
100000 1.44 0.68457
100000 1.44 0.63766
100000 1.44 0.79203
100000 1.44 0.69911
100000 1.44 0.7266
100000 1.44 0.77977
100000 1.44 0.71131
100000 1.44 0.69636
100000 1.44 0.7546
100000 1.44 0.73525
100000 1.44 0.74147
100000 1.44 0.71241
100000 1.44 0.71225
100000 1.44 0.64244
100000 1.44 0.75676
100000 1.44 0.73668
100000 1.44 0.7233
100000 1.44 0.70806
100000 1.44 0.73822
100000 1.44 0.75117
100000 1.44 0.3359
100000 1.44 0.68335
100000 1.44 0.6886
100000 1.44 0.77731
100000 1.44 0.63504
100000 1.44 0.64654
100000 1.44 0.76601
100000 1.44 0.63679
100000 1.44 0.66092
100000 1.44 0.76924
100000 1.44 0.75228
100000 1.44 0.6857
100000 1.44 0.6109
100000 1.44 0.56518
100000 1.44 0.76796
100000 1.44 0.72886
100000 1.44 0.59085
100000 1.44 0.55985
100000 1.44 0.64379
100000 1.44 0.77017
100000 1.44 0.71866
100000 1.44 0.56597
100000 1.44 0.52187
100000 1.44 0.75208
100000 1.44 0.66061
100000 1.44 0.7443
100000 1.44 0.72285
100000 1.44 0.62013
100000 1.44 0.62703
100000 1.44 0.71725
100000 1.44 0.69691
100000 1.44 0.66227
100000 1.44 0.7731
100000 1.44 0.56851
100000 1.44 0.76439
100000 1.44 0.76792
100000 1.44 0.6962
100000 1.44 0.73652
100000 1.44 0.75453
100000 1.44 0.6056
100000 1.44 0.75955
100000 1.44 0.30017
100000 1.44 0.57447
100000 1.44 0.55562
100000 1.44 0.47366
100000 1.44 0.67281
100000 1.44 0.68846
100000 1.44 0.72592
100000 1.44 0.55661
100000 1.44 0.6446
100000 1.44 0.63939
100000 1.44 0.66461
100000 1.44 0.5412
100000 1.44 0.71041
100000 1.44 0.52657
100000 1.44 0.6606
100000 1.44 0.7085
100000 1.44 0.70325
100000 1.44 0.72748
100000 1.44 0.64941
100000 1.44 0.69367
100000 1.44 0.71619
100000 1.44 0.73638
100000 1.44 0.60181
100000 1.44 0.71123
100000 1.44 0.58651
100000 1.44 0.68043
100000 1.44 0.70946
100000 1.44 0.68144
100000 1.44 0.52953
100000 1.44 0.70755
100000 1.44 0.58157
100000 1.44 0.75555
100000 1.44 0.57134
100000 1.44 0.70133
100000 1.44 0.73787
100000 1.44 0.60826
100000 1.44 0.60817
100000 1.44 0.77408
100000 1.44 0.63922
100000 1.44 0.72729
100000 1.44 0.57317
100000 1.44 0.61571
100000 1.44 0.68807
100000 1.44 0.47173
100000 1.44 0.48346
100000 1.44 0.50033
100000 1.44 0.73037
100000 1.44 0.76612
100000 1.44 0.53668
100000 1.44 0.65861
100000 1.44 0.45049
100000 1.44 0.80282
100000 1.44 0.70132
100000 1.44 0.66283
100000 1.44 0.68311
100000 1.44 0.66563
100000 1.44 0.68256
100000 1.44 0.69032
100000 1.44 0.71862
100000 1.44 0.72399
100000 1.44 0.65343
100000 1.44 0.69173
100000 1.44 0.73619
100000 1.44 0.77332
100000 1.44 0.73433
100000 1.44 0.32203
100000 1.44 0.26949
100000 1.44 0.62232
