1000 1.44 0.867
1000 1.44 0.823
1000 1.44 0.671
1000 1.44 0.77
1000 1.44 0.792
1000 1.44 0.937
1000 1.44 0.867
1000 1.44 0.781
1000 1.44 0.696
1000 1.44 0.891
1000 1.44 0.885
1000 1.44 0.894
1000 1.44 0.886
1000 1.44 0.759
1000 1.44 0.914
1000 1.44 0.915
1000 1.44 0.883
1000 1.44 0.908
1000 1.44 0.836
1000 1.44 0.766
1000 1.44 0.7
1000 1.44 0.65
1000 1.44 0.69
1000 1.44 0.945
1000 1.44 0.911
1000 1.44 0.827
1000 1.44 0.761
1000 1.44 0.866
1000 1.44 0.699
1000 1.44 0.754
1000 1.44 0.924
1000 1.44 0.893
1000 1.44 0.934
1000 1.44 0.788
1000 1.44 0.86
1000 1.44 0.878
1000 1.44 0.864
1000 1.44 0.687
1000 1.44 0.818
1000 1.44 0.848
1000 1.44 0.917
1000 1.44 0.774
1000 1.44 0.625
1000 1.44 0.53
1000 1.44 0.917
1000 1.44 0.848
1000 1.44 0.756
1000 1.44 0.325
1000 1.44 0.926
1000 1.44 0.908
1000 1.44 0.824
1000 1.44 0.896
1000 1.44 0.835
1000 1.44 0.803
1000 1.44 0.942
1000 1.44 0.72
1000 1.44 0.905
1000 1.44 0.66
1000 1.44 0.555
1000 1.44 0.824
1000 1.44 0.854
1000 1.44 0.831
1000 1.44 0.748
1000 1.44 0.924
1000 1.44 0.506
1000 1.44 0.89
1000 1.44 0.419
1000 1.44 0.619
1000 1.44 0.863
1000 1.44 0.627
1000 1.44 0.608
1000 1.44 0.898
1000 1.44 0.642
1000 1.44 0.925
1000 1.44 0.936
1000 1.44 0.529
1000 1.44 0.881
1000 1.44 0.939
1000 1.44 0.872
1000 1.44 0.892
1000 1.44 0.843
1000 1.44 0.888
1000 1.44 0.779
1000 1.44 0.413
1000 1.44 0.929
1000 1.44 0.696
1000 1.44 0.838
1000 1.44 0.797
1000 1.44 0.309
1000 1.44 0.819
1000 1.44 0.936
1000 1.44 0.894
1000 1.44 0.883
1000 1.44 0.882
1000 1.44 0.809
1000 1.44 0.617
1000 1.44 0.816
1000 1.44 0.84
1000 1.44 0.823
1000 1.44 0.849
1000 1.44 0.881
1000 1.44 0.758
1000 1.44 0.681
1000 1.44 0.913
1000 1.44 0.876
1000 1.44 0.719
1000 1.44 0.914
1000 1.44 0.841
1000 1.44 0.669
1000 1.44 0.928
1000 1.44 0.551
1000 1.44 0.868
1000 1.44 0.586
1000 1.44 0.923
1000 1.44 0.9
1000 1.44 0.92
1000 1.44 0.767
1000 1.44 0.883
1000 1.44 0.81
1000 1.44 0.811
1000 1.44 0.939
1000 1.44 0.928
1000 1.44 0.73
1000 1.44 0.882
1000 1.44 0.445
1000 1.44 0.914
1000 1.44 0.873
1000 1.44 0.877
1000 1.44 0.535
1000 1.44 0.956
1000 1.44 0.854
1000 1.44 0.831
1000 1.44 0.581
1000 1.44 0.939
1000 1.44 0.815
1000 1.44 0.821
1000 1.44 0.816
1000 1.44 0.846
1000 1.44 0.868
1000 1.44 0.929
1000 1.44 0.833
1000 1.44 0.944
1000 1.44 0.874
1000 1.44 0.59
1000 1.44 0.871
1000 1.44 0.765
1000 1.44 0.84
1000 1.44 0.755
1000 1.44 0.464
1000 1.44 0.903
1000 1.44 0.909
1000 1.44 0.722
1000 1.44 0.874
1000 1.44 0.93
1000 1.44 0.93
1000 1.44 0.88
1000 1.44 0.912
1000 1.44 0.81
1000 1.44 0.807
1000 1.44 0.774
1000 1.44 0.821
1000 1.44 0.812
1000 1.44 0.452
1000 1.44 0.732
1000 1.44 0.897
1000 1.44 0.874
1000 1.44 0.867
1000 1.44 0.701
1000 1.44 0.86
1000 1.44 0.892
1000 1.44 0.882
1000 1.44 0.934
1000 1.44 0.842
1000 1.44 0.874
1000 1.44 0.846
1000 1.44 0.713
1000 1.44 0.512
1000 1.44 0.668
1000 1.44 0.792
1000 1.44 0.844
1000 1.44 0.803
1000 1.44 0.896
1000 1.44 0.877
1000 1.44 0.47
1000 1.44 0.766
1000 1.44 0.613
1000 1.44 0.578
1000 1.44 0.733
1000 1.44 0.856
1000 1.44 0.896
1000 1.44 0.558
1000 1.44 0.708
1000 1.44 0.76
1000 1.44 0.261
1000 1.44 0.871
1000 1.44 0.895
1000 1.44 0.917
1000 1.44 0.806
1000 1.44 0.838
1000 1.44 0.783
1000 1.44 0.673
1000 1.44 0.783
1000 1.44 0.595
1000 1.44 0.802
1000 1.44 0.922
1000 1.44 0.894
1000 1.44 0.922
1000 1.44 0.923
1000 1.44 0.941
1000 1.44 0.793
1000 1.44 0.82
1000 1.44 0.597
1000 1.44 0.679
1000 1.44 0.764
1000 1.44 0.937
1000 1.44 0.815
1000 1.44 0.807
1000 1.44 0.944
1000 1.44 0.883
1000 1.44 0.832
1000 1.44 0.874
1000 1.44 0.926
1000 1.44 0.694
1000 1.44 0.881
1000 1.44 0.796
1000 1.44 0.866
1000 1.44 0.787
1000 1.44 0.905
1000 1.44 0.294
1000 1.44 0.779
1000 1.44 0.867
1000 1.44 0.645
1000 1.44 0.513
1000 1.44 0.705
1000 1.44 0.901
1000 1.44 0.835
1000 1.44 0.747
1000 1.44 0.717
1000 1.44 0.782
1000 1.44 0.923
1000 1.44 0.859
1000 1.44 0.727
1000 1.44 0.872
1000 1.44 0.886
1000 1.44 0.843
1000 1.44 0.768
1000 1.44 0.795
1000 1.44 0.919
1000 1.44 0.941
1000 1.44 0.658
1000 1.44 0.572
1000 1.44 0.823
1000 1.44 0.901
1000 1.44 0.904
1000 1.44 0.807
1000 1.44 0.836
1000 1.44 0.529
1000 1.44 0.907
1000 1.44 0.897
1000 1.44 0.339
1000 1.44 0.832
1000 1.44 0.853
1000 1.44 0.908
1000 1.44 0.688
1000 1.44 0.954
1000 1.44 0.866
1000 1.44 0.699
1000 1.44 0.763
1000 1.44 0.863
1000 1.44 0.696
1000 1.44 0.924
1000 1.44 0.922
1000 1.44 0.792
1000 1.44 0.793
1000 1.44 0.817
1000 1.44 0.912
1000 1.44 0.91
1000 1.44 0.975
1000 1.44 0.875
1000 1.44 0.816
1000 1.44 0.891
1000 1.44 0.951
1000 1.44 0.824
1000 1.44 0.877
1000 1.44 0.517
1000 1.44 0.599
1000 1.44 0.838
1000 1.44 0.84
1000 1.44 0.929
1000 1.44 0.879
1000 1.44 0.513
1000 1.44 0.474
1000 1.44 0.904
1000 1.44 0.895
1000 1.44 0.828
1000 1.44 0.817
1000 1.44 0.917
1000 1.44 0.897
1000 1.44 0.687
1000 1.44 0.792
1000 1.44 0.888
1000 1.44 0.838
1000 1.44 0.604
1000 1.44 0.917
1000 1.44 0.869
1000 1.44 0.801
1000 1.44 0.822
1000 1.44 0.668
1000 1.44 0.903
1000 1.44 0.548
1000 1.44 0.895
1000 1.44 0.773
1000 1.44 0.852
1000 1.44 0.735
1000 1.44 0.819
1000 1.44 0.513
1000 1.44 0.73
1000 1.44 0.501
1000 1.44 0.342
1000 1.44 0.917
1000 1.44 0.917
1000 1.44 0.862
1000 1.44 0.802
1000 1.44 0.637
1000 1.44 0.85
1000 1.44 0.549
1000 1.44 0.858
1000 1.44 0.683
1000 1.44 0.876
1000 1.44 0.836
1000 1.44 0.88
1000 1.44 0.744
1000 1.44 0.91
1000 1.44 0.919
1000 1.44 0.805
1000 1.44 0.865
1000 1.44 0.893
1000 1.44 0.893
1000 1.44 0.898
1000 1.44 0.929
1000 1.44 0.898
1000 1.44 0.82
1000 1.44 0.571
1000 1.44 0.886
1000 1.44 0.68
1000 1.44 0.926
1000 1.44 0.786
1000 1.44 0.765
1000 1.44 0.678
1000 1.44 0.852
1000 1.44 0.776
1000 1.44 0.591
1000 1.44 0.936
1000 1.44 0.892
1000 1.44 0.838
1000 1.44 0.548
1000 1.44 0.805
1000 1.44 0.662
1000 1.44 0.873
1000 1.44 0.91
1000 1.44 0.918
1000 1.44 0.895
1000 1.44 0.87
1000 1.44 0.828
1000 1.44 0.835
1000 1.44 0.568
1000 1.44 0.855
1000 1.44 0.864
1000 1.44 0.953
1000 1.44 0.888
1000 1.44 0.716
1000 1.44 0.935
1000 1.44 0.569
1000 1.44 0.853
1000 1.44 0.913
1000 1.44 0.745
1000 1.44 0.607
1000 1.44 0.872
1000 1.44 0.935
1000 1.44 0.862
1000 1.44 0.855
1000 1.44 0.863
1000 1.44 0.904
1000 1.44 0.837
1000 1.44 0.828
1000 1.44 0.834
1000 1.44 0.953
1000 1.44 0.911
1000 1.44 0.847
1000 1.44 0.572
1000 1.44 0.873
1000 1.44 0.677
1000 1.44 0.749
1000 1.44 0.588
1000 1.44 0.947
1000 1.44 0.917
1000 1.44 0.848
1000 1.44 0.81
1000 1.44 0.95
1000 1.44 0.437
1000 1.44 0.806
1000 1.44 0.917
1000 1.44 0.681
1000 1.44 0.823
1000 1.44 0.494
1000 1.44 0.933
1000 1.44 0.816
1000 1.44 0.91
1000 1.44 0.809
1000 1.44 0.529
1000 1.44 0.807
1000 1.44 0.954
1000 1.44 0.702
1000 1.44 0.844
1000 1.44 0.845
1000 1.44 0.86
1000 1.44 0.863
1000 1.44 0.791
1000 1.44 0.819
1000 1.44 0.909
1000 1.44 0.853
1000 1.44 0.76
1000 1.44 0.917
1000 1.44 0.854
1000 1.44 0.931
1000 1.44 0.688
1000 1.44 0.878
1000 1.44 0.85
1000 1.44 0.802
1000 1.44 0.892
1000 1.44 0.634
1000 1.44 0.84
1000 1.44 0.872
1000 1.44 0.87
1000 1.44 0.664
1000 1.44 0.76
1000 1.44 0.727
1000 1.44 0.888
1000 1.44 0.893
1000 1.44 0.593
1000 1.44 0.56
1000 1.44 0.912
1000 1.44 0.726
1000 1.44 0.791
1000 1.44 0.365
1000 1.44 0.928
1000 1.44 0.886
1000 1.44 0.669
1000 1.44 0.834
1000 1.44 0.351
1000 1.44 0.841
1000 1.44 0.658
1000 1.44 0.451
1000 1.44 0.781
1000 1.44 0.945
1000 1.44 0.657
1000 1.44 0.892
1000 1.44 0.601
1000 1.44 0.845
1000 1.44 0.788
1000 1.44 0.535
1000 1.44 0.815
1000 1.44 0.796
1000 1.44 0.86
1000 1.44 0.845
1000 1.44 0.692
1000 1.44 0.786
1000 1.44 0.493
1000 1.44 0.875
1000 1.44 0.901
1000 1.44 0.861
1000 1.44 0.813
1000 1.44 0.894
1000 1.44 0.831
1000 1.44 0.29
1000 1.44 0.916
1000 1.44 0.917
1000 1.44 0.503
1000 1.44 0.711
1000 1.44 0.516
1000 1.44 0.845
1000 1.44 0.805
1000 1.44 0.929
1000 1.44 0.639
1000 1.44 0.937
1000 1.44 0.547
1000 1.44 0.783
1000 1.44 0.946
1000 1.44 0.908
1000 1.44 0.826
1000 1.44 0.811
1000 1.44 0.68
1000 1.44 0.873
1000 1.44 0.753
1000 1.44 0.782
1000 1.44 0.866
1000 1.44 0.807
1000 1.44 0.869
1000 1.44 0.851
1000 1.44 0.756
1000 1.44 0.938
1000 1.44 0.788
1000 1.44 0.424
1000 1.44 0.932
1000 1.44 0.768
1000 1.44 0.766
1000 1.44 0.913
1000 1.44 0.906
1000 1.44 0.876
1000 1.44 0.843
1000 1.44 0.852
1000 1.44 0.886
1000 1.44 0.436
1000 1.44 0.921
1000 1.44 0.872
1000 1.44 0.796
1000 1.44 0.909
1000 1.44 0.735
1000 1.44 0.812
1000 1.44 0.927
1000 1.44 0.914
1000 1.44 0.823
1000 1.44 0.84
1000 1.44 0.77
1000 1.44 0.751
1000 1.44 0.923
1000 1.44 0.711
1000 1.44 0.892
1000 1.44 0.527
1000 1.44 0.921
1000 1.44 0.471
1000 1.44 0.852
1000 1.44 0.699
1000 1.44 0.898
1000 1.44 0.662
1000 1.44 0.78
1000 1.44 0.882
1000 1.44 0.889
1000 1.44 0.887
1000 1.44 0.687
1000 1.44 0.718
1000 1.44 0.844
1000 1.44 0.603
1000 1.44 0.941
1000 1.44 0.8
1000 1.44 0.651
1000 1.44 0.916
1000 1.44 0.85
1000 1.44 0.845
1000 1.44 0.605
1000 1.44 0.663
1000 1.44 0.792
1000 1.44 0.78
1000 1.44 0.892
1000 1.44 0.891
1000 1.44 0.744
1000 1.44 0.916
1000 1.44 0.539
1000 1.44 0.85
1000 1.44 0.853
1000 1.44 0.919
1000 1.44 0.918
1000 1.44 0.759
1000 1.44 0.943
1000 1.44 0.888
1000 1.44 0.758
1000 1.44 0.914
1000 1.44 0.808
1000 1.44 0.822
1000 1.44 0.88
1000 1.44 0.752
1000 1.44 0.71
1000 1.44 0.888
1000 1.44 0.883
1000 1.44 0.904
1000 1.44 0.854
1000 1.44 0.748
1000 1.44 0.451
1000 1.44 0.405
1000 1.44 0.908
1000 1.44 0.779
1000 1.44 0.704
1000 1.44 0.848
1000 1.44 0.852
1000 1.44 0.779
1000 1.44 0.876
1000 1.44 0.852
1000 1.44 0.76
1000 1.44 0.906
1000 1.44 0.866
1000 1.44 0.93
1000 1.44 0.899
1000 1.44 0.808
1000 1.44 0.851
1000 1.44 0.795
1000 1.44 0.876
1000 1.44 0.727
1000 1.44 0.773
1000 1.44 0.868
1000 1.44 0.869
1000 1.44 0.68
1000 1.44 0.829
1000 1.44 0.802
1000 1.44 0.893
1000 1.44 0.866
1000 1.44 0.624
1000 1.44 0.767
1000 1.44 0.9
1000 1.44 0.672
1000 1.44 0.861
1000 1.44 0.765
1000 1.44 0.874
1000 1.44 0.809
1000 1.44 0.854
1000 1.44 0.877
1000 1.44 0.365
1000 1.44 0.754
1000 1.44 0.783
1000 1.44 0.75
1000 1.44 0.921
1000 1.44 0.604
1000 1.44 0.773
1000 1.44 0.918
1000 1.44 0.694
1000 1.44 0.821
1000 1.44 0.876
1000 1.44 0.539
1000 1.44 0.898
1000 1.44 0.349
1000 1.44 0.918
1000 1.44 0.653
1000 1.44 0.929
1000 1.44 0.878
1000 1.44 0.915
1000 1.44 0.91
1000 1.44 0.831
1000 1.44 0.879
1000 1.44 0.824
1000 1.44 0.826
1000 1.44 0.961
1000 1.44 0.657
1000 1.44 0.802
1000 1.44 0.842
1000 1.44 0.89
1000 1.44 0.792
1000 1.44 0.683
1000 1.44 0.877
1000 1.44 0.886
1000 1.44 0.896
1000 1.44 0.913
1000 1.44 0.893
1000 1.44 0.96
1000 1.44 0.809
1000 1.44 0.713
1000 1.44 0.29
1000 1.44 0.614
1000 1.44 0.88
1000 1.44 0.731
1000 1.44 0.914
1000 1.44 0.752
1000 1.44 0.847
1000 1.44 0.589
1000 1.44 0.844
1000 1.44 0.864
1000 1.44 0.647
1000 1.44 0.85
1000 1.44 0.428
1000 1.44 0.894
1000 1.44 0.626
1000 1.44 0.892
1000 1.44 0.879
1000 1.44 0.892
1000 1.44 0.789
1000 1.44 0.869
1000 1.44 0.747
1000 1.44 0.693
1000 1.44 0.887
1000 1.44 0.901
1000 1.44 0.945
1000 1.44 0.735
1000 1.44 0.918
1000 1.44 0.858
1000 1.44 0.897
1000 1.44 0.844
1000 1.44 0.957
1000 1.44 0.737
1000 1.44 0.337
1000 1.44 0.892
1000 1.44 0.953
1000 1.44 0.564
1000 1.44 0.885
1000 1.44 0.665
1000 1.44 0.865
1000 1.44 0.8
1000 1.44 0.704
1000 1.44 0.615
1000 1.44 0.904
1000 1.44 0.596
1000 1.44 0.841
1000 1.44 0.883
1000 1.44 0.902
1000 1.44 0.858
1000 1.44 0.809
1000 1.44 0.921
1000 1.44 0.917
1000 1.44 0.701
1000 1.44 0.865
1000 1.44 0.868
1000 1.44 0.924
1000 1.44 0.846
1000 1.44 0.785
1000 1.44 0.912
1000 1.44 0.943
1000 1.44 0.902
1000 1.44 0.841
1000 1.44 0.884
1000 1.44 0.928
1000 1.44 0.856
1000 1.44 0.875
1000 1.44 0.85
1000 1.44 0.461
1000 1.44 0.841
1000 1.44 0.925
1000 1.44 0.861
1000 1.44 0.74
1000 1.44 0.874
1000 1.44 0.467
1000 1.44 0.937
1000 1.44 0.912
1000 1.44 0.8
1000 1.44 0.934
1000 1.44 0.821
1000 1.44 0.861
1000 1.44 0.83
1000 1.44 0.86
1000 1.44 0.793
1000 1.44 0.849
1000 1.44 0.849
1000 1.44 0.89
1000 1.44 0.891
1000 1.44 0.827
1000 1.44 0.936
1000 1.44 0.743
1000 1.44 0.962
1000 1.44 0.887
1000 1.44 0.939
1000 1.44 0.963
1000 1.44 0.947
1000 1.44 0.388
1000 1.44 0.852
1000 1.44 0.783
1000 1.44 0.897
1000 1.44 0.956
1000 1.44 0.735
1000 1.44 0.925
1000 1.44 0.377
1000 1.44 0.809
1000 1.44 0.703
1000 1.44 0.426
1000 1.44 0.741
1000 1.44 0.93
1000 1.44 0.889
1000 1.44 0.597
1000 1.44 0.858
1000 1.44 0.714
1000 1.44 0.796
1000 1.44 0.909
1000 1.44 0.76
1000 1.44 0.694
1000 1.44 0.867
1000 1.44 0.873
1000 1.44 0.898
1000 1.44 0.594
1000 1.44 0.866
1000 1.44 0.834
1000 1.44 0.782
1000 1.44 0.893
1000 1.44 0.748
1000 1.44 0.833
1000 1.44 0.946
1000 1.44 0.77
1000 1.44 0.865
1000 1.44 0.864
1000 1.44 0.838
1000 1.44 0.917
1000 1.44 0.811
1000 1.44 0.873
1000 1.44 0.589
1000 1.44 0.84
1000 1.44 0.741
1000 1.44 0.368
1000 1.44 0.878
1000 1.44 0.728
1000 1.44 0.832
1000 1.44 0.659
1000 1.44 0.809
1000 1.44 0.91
1000 1.44 0.819
1000 1.44 0.853
1000 1.44 0.847
1000 1.44 0.887
1000 1.44 0.921
1000 1.44 0.891
1000 1.44 0.811
1000 1.44 0.905
1000 1.44 0.885
1000 1.44 0.914
1000 1.44 0.902
1000 1.44 0.89
1000 1.44 0.882
1000 1.44 0.489
1000 1.44 0.71
1000 1.44 0.827
1000 1.44 0.798
1000 1.44 0.497
1000 1.44 0.86
1000 1.44 0.908
1000 1.44 0.796
1000 1.44 0.876
1000 1.44 0.393
1000 1.44 0.912
1000 1.44 0.897
1000 1.44 0.907
1000 1.44 0.797
1000 1.44 0.929
1000 1.44 0.87
1000 1.44 0.916
1000 1.44 0.844
1000 1.44 0.913
1000 1.44 0.853
1000 1.44 0.885
1000 1.44 0.949
1000 1.44 0.484
1000 1.44 0.489
1000 1.44 0.634
1000 1.44 0.558
1000 1.44 0.932
1000 1.44 0.835
1000 1.44 0.271
1000 1.44 0.815
1000 1.44 0.913
1000 1.44 0.859
1000 1.44 0.908
1000 1.44 0.555
1000 1.44 0.591
1000 1.44 0.899
1000 1.44 0.914
1000 1.44 0.857
1000 1.44 0.828
1000 1.44 0.822
1000 1.44 0.783
1000 1.44 0.864
1000 1.44 0.826
1000 1.44 0.791
1000 1.44 0.555
1000 1.44 0.916
1000 1.44 0.728
1000 1.44 0.887
1000 1.44 0.853
1000 1.44 0.905
1000 1.44 0.665
1000 1.44 0.767
1000 1.44 0.816
1000 1.44 0.48
1000 1.44 0.923
1000 1.44 0.958
1000 1.44 0.827
1000 1.44 0.82
1000 1.44 0.923
1000 1.44 0.861
1000 1.44 0.88
1000 1.44 0.904
1000 1.44 0.903
1000 1.44 0.911
1000 1.44 0.645
1000 1.44 0.784
1000 1.44 0.711
1000 1.44 0.874
1000 1.44 0.85
1000 1.44 0.779
1000 1.44 0.94
1000 1.44 0.82
1000 1.44 0.86
1000 1.44 0.727
1000 1.44 0.936
1000 1.44 0.826
1000 1.44 0.638
1000 1.44 0.803
1000 1.44 0.749
1000 1.44 0.839
1000 1.44 0.674
1000 1.44 0.669
1000 1.44 0.83
1000 1.44 0.907
1000 1.44 0.512
1000 1.44 0.876
1000 1.44 0.643
1000 1.44 0.864
1000 1.44 0.843
1000 1.44 0.403
1000 1.44 0.905
1000 1.44 0.928
1000 1.44 0.786
1000 1.44 0.902
1000 1.44 0.893
1000 1.44 0.641
1000 1.44 0.807
1000 1.44 0.793
1000 1.44 0.883
1000 1.44 0.891
1000 1.44 0.449
1000 1.44 0.811
1000 1.44 0.908
1000 1.44 0.849
1000 1.44 0.755
1000 1.44 0.739
1000 1.44 0.811
1000 1.44 0.816
1000 1.44 0.954
1000 1.44 0.874
1000 1.44 0.523
1000 1.44 0.826
1000 1.44 0.858
1000 1.44 0.807
1000 1.44 0.885
1000 1.44 0.892
1000 1.44 0.826
1000 1.44 0.852
1000 1.44 0.799
1000 1.44 0.697
1000 1.44 0.939
1000 1.44 0.853
1000 1.44 0.838
1000 1.44 0.854
1000 1.44 0.873
1000 1.44 0.521
1000 1.44 0.658
1000 1.44 0.887
1000 1.44 0.734
1000 1.44 0.894
1000 1.44 0.831
1000 1.44 0.775
1000 1.44 0.845
1000 1.44 0.859
1000 1.44 0.941
1000 1.44 0.95
1000 1.44 0.853
1000 1.44 0.86
1000 1.44 0.758
1000 1.44 0.856
1000 1.44 0.769
1000 1.44 0.899
1000 1.44 0.772
1000 1.44 0.946
1000 1.44 0.547
1000 1.44 0.876
1000 1.44 0.938
1000 1.44 0.872
1000 1.44 0.807
1000 1.44 0.871
1000 1.44 0.39
1000 1.44 0.745
1000 1.44 0.736
1000 1.44 0.921
1000 1.44 0.889
1000 1.44 0.938
1000 1.44 0.691
1000 1.44 0.856
1000 1.44 0.807
1000 1.44 0.734
1000 1.44 0.922
1000 1.44 0.836
1000 1.44 0.952
1000 1.44 0.654
1000 1.44 0.858
1000 1.44 0.552
1000 1.44 0.929
1000 1.44 0.901
1000 1.44 0.679
1000 1.44 0.868
1000 1.44 0.904
1000 1.44 0.716
1000 1.44 0.725
1000 1.44 0.8
1000 1.44 0.662
1000 1.44 0.808
1000 1.44 0.86
1000 1.44 0.884
1000 1.44 0.759
1000 1.44 0.702
1000 1.44 0.853
1000 1.44 0.779
1000 1.44 0.905
1000 1.44 0.716
1000 1.44 0.858
1000 1.44 0.863
1000 1.44 0.835
1000 1.44 0.871
1000 1.44 0.818
1000 1.44 0.892
