1000000000 1.44 0.60064
1000000000 1.44 0.589753
1000000000 1.44 0.601692
1000000000 1.44 0.587431
1000000000 1.44 0.590347
1000000000 1.44 0.596822
1000000000 1.44 0.594314
1000000000 1.44 0.592918
1000000000 1.44 0.597366
1000000000 1.44 0.60141
1000000000 1.44 0.600273
1000000000 1.44 0.590094
1000000000 1.44 0.589029
1000000000 1.44 0.593149
1000000000 1.44 0.59488
1000000000 1.44 0.594857
1000000000 1.44 0.584888
1000000000 1.44 0.594294
1000000000 1.44 0.591618
1000000000 1.44 0.594948
1000000000 1.44 0.589027
1000000000 1.44 0.584104
1000000000 1.44 0.592422
1000000000 1.44 0.590675
1000000000 1.44 0.592661
1000000000 1.44 0.594242
1000000000 1.44 0.587639
1000000000 1.44 0.578886
1000000000 1.44 0.582285
1000000000 1.44 0.587577
1000000000 1.44 0.586709
1000000000 1.44 0.58788
1000000000 1.44 0.595107
1000000000 1.44 0.593962
1000000000 1.44 0.591579
1000000000 1.44 0.596094
1000000000 1.44 0.591093
1000000000 1.44 0.592339
1000000000 1.44 0.593151
1000000000 1.44 0.579102
1000000000 1.44 0.566873
1000000000 1.44 0.591346
1000000000 1.44 0.591484
1000000000 1.44 0.591605
1000000000 1.44 0.587891
1000000000 1.44 0.594219
1000000000 1.44 0.568775
1000000000 1.44 0.599424
1000000000 1.44 0.593396
1000000000 1.44 0.590804
