1000000 1.44 0.623197
1000000 1.44 0.599962
1000000 1.44 0.651122
1000000 1.44 0.527588
1000000 1.44 0.686512
1000000 1.44 0.628916
1000000 1.44 0.626552
1000000 1.44 0.610024
1000000 1.44 0.630426
1000000 1.44 0.652866
1000000 1.44 0.570997
1000000 1.44 0.623534
1000000 1.44 0.668736
1000000 1.44 0.628993
1000000 1.44 0.677885
1000000 1.44 0.661154
1000000 1.44 0.659733
1000000 1.44 0.588716
1000000 1.44 0.588579
1000000 1.44 0.560374
1000000 1.44 0.654357
1000000 1.44 0.698242
1000000 1.44 0.621497
1000000 1.44 0.638061
1000000 1.44 0.339569
1000000 1.44 0.665017
1000000 1.44 0.656533
1000000 1.44 0.551279
1000000 1.44 0.570116
1000000 1.44 0.703323
1000000 1.44 0.69919
1000000 1.44 0.653734
1000000 1.44 0.558415
1000000 1.44 0.439918
1000000 1.44 0.635067
1000000 1.44 0.659055
1000000 1.44 0.628168
1000000 1.44 0.56719
1000000 1.44 0.646074
1000000 1.44 0.250438
1000000 1.44 0.583206
1000000 1.44 0.596899
1000000 1.44 0.390071
1000000 1.44 0.592502
1000000 1.44 0.682723
1000000 1.44 0.551671
1000000 1.44 0.362847
1000000 1.44 0.657782
1000000 1.44 0.703943
1000000 1.44 0.682994
1000000 1.44 0.522204
1000000 1.44 0.492309
1000000 1.44 0.529701
1000000 1.44 0.622851
1000000 1.44 0.657572
1000000 1.44 0.510332
1000000 1.44 0.624042
1000000 1.44 0.469162
1000000 1.44 0.555562
1000000 1.44 0.62635
1000000 1.44 0.595921
1000000 1.44 0.529663
1000000 1.44 0.62744
1000000 1.44 0.645991
1000000 1.44 0.695165
1000000 1.44 0.448896
1000000 1.44 0.619111
1000000 1.44 0.625115
1000000 1.44 0.642639
1000000 1.44 0.681744
1000000 1.44 0.364684
1000000 1.44 0.647503
1000000 1.44 0.440246
1000000 1.44 0.656857
1000000 1.44 0.639842
1000000 1.44 0.554673
1000000 1.44 0.66125
1000000 1.44 0.636393
1000000 1.44 0.567611
1000000 1.44 0.641177
1000000 1.44 0.693261
1000000 1.44 0.445762
1000000 1.44 0.616006
1000000 1.44 0.560824
1000000 1.44 0.552236
1000000 1.44 0.68199
1000000 1.44 0.35193
1000000 1.44 0.621741
1000000 1.44 0.599662
1000000 1.44 0.662104
1000000 1.44 0.553624
1000000 1.44 0.481246
1000000 1.44 0.57286
1000000 1.44 0.605303
1000000 1.44 0.632487
1000000 1.44 0.591194
1000000 1.44 0.677079
1000000 1.44 0.692
1000000 1.44 0.705659
1000000 1.44 0.659588
1000000 1.44 0.660411
1000000 1.44 0.65634
1000000 1.44 0.312461
1000000 1.44 0.652178
1000000 1.44 0.661806
1000000 1.44 0.689801
1000000 1.44 0.607919
1000000 1.44 0.589141
1000000 1.44 0.589042
1000000 1.44 0.561409
1000000 1.44 0.593641
1000000 1.44 0.405943
1000000 1.44 0.598319
1000000 1.44 0.65143
1000000 1.44 0.578064
1000000 1.44 0.702754
1000000 1.44 0.638524
1000000 1.44 0.663627
1000000 1.44 0.649536
1000000 1.44 0.645839
1000000 1.44 0.702674
1000000 1.44 0.54521
1000000 1.44 0.602041
1000000 1.44 0.682262
1000000 1.44 0.631526
1000000 1.44 0.593957
1000000 1.44 0.596884
1000000 1.44 0.617476
1000000 1.44 0.692816
1000000 1.44 0.693567
1000000 1.44 0.588842
1000000 1.44 0.692562
1000000 1.44 0.691403
1000000 1.44 0.589587
1000000 1.44 0.497577
1000000 1.44 0.614383
1000000 1.44 0.372297
1000000 1.44 0.671352
1000000 1.44 0.662233
1000000 1.44 0.663265
1000000 1.44 0.673393
1000000 1.44 0.551398
1000000 1.44 0.645134
1000000 1.44 0.58151
1000000 1.44 0.642078
1000000 1.44 0.631745
1000000 1.44 0.617944
1000000 1.44 0.499199
1000000 1.44 0.676028
1000000 1.44 0.632176
1000000 1.44 0.690789
1000000 1.44 0.24584
1000000 1.44 0.640634
1000000 1.44 0.439904
1000000 1.44 0.668591
1000000 1.44 0.696327
1000000 1.44 0.559262
1000000 1.44 0.632374
1000000 1.44 0.599786
1000000 1.44 0.647292
1000000 1.44 0.535426
1000000 1.44 0.534161
1000000 1.44 0.564604
1000000 1.44 0.653136
1000000 1.44 0.638201
1000000 1.44 0.622177
1000000 1.44 0.684831
1000000 1.44 0.600881
1000000 1.44 0.555347
1000000 1.44 0.633023
1000000 1.44 0.345524
1000000 1.44 0.626708
1000000 1.44 0.615466
1000000 1.44 0.403635
1000000 1.44 0.641996
1000000 1.44 0.499079
1000000 1.44 0.614742
1000000 1.44 0.633582
1000000 1.44 0.602702
1000000 1.44 0.468902
1000000 1.44 0.693975
1000000 1.44 0.587914
1000000 1.44 0.64594
1000000 1.44 0.565439
1000000 1.44 0.549173
1000000 1.44 0.614187
1000000 1.44 0.523696
1000000 1.44 0.604847
1000000 1.44 0.587893
1000000 1.44 0.628233
1000000 1.44 0.656361
1000000 1.44 0.602713
1000000 1.44 0.694932
1000000 1.44 0.606908
1000000 1.44 0.366254
1000000 1.44 0.668275
1000000 1.44 0.637263
1000000 1.44 0.48469
1000000 1.44 0.662729
1000000 1.44 0.608004
1000000 1.44 0.64154
1000000 1.44 0.607272
1000000 1.44 0.661872
1000000 1.44 0.469031
1000000 1.44 0.643803
1000000 1.44 0.572027
1000000 1.44 0.571505
1000000 1.44 0.630045
1000000 1.44 0.527424
1000000 1.44 0.628972
1000000 1.44 0.543838
1000000 1.44 0.405519
1000000 1.44 0.48833
1000000 1.44 0.627592
1000000 1.44 0.571874
1000000 1.44 0.2102
1000000 1.44 0.610549
1000000 1.44 0.615803
1000000 1.44 0.618294
1000000 1.44 0.655681
1000000 1.44 0.719939
1000000 1.44 0.656865
1000000 1.44 0.648101
1000000 1.44 0.528897
1000000 1.44 0.626647
1000000 1.44 0.665853
1000000 1.44 0.435072
1000000 1.44 0.41539
1000000 1.44 0.322622
1000000 1.44 0.652333
1000000 1.44 0.697449
1000000 1.44 0.634076
1000000 1.44 0.66127
1000000 1.44 0.697559
1000000 1.44 0.671701
1000000 1.44 0.633478
1000000 1.44 0.659818
1000000 1.44 0.594139
1000000 1.44 0.670691
1000000 1.44 0.625551
1000000 1.44 0.663983
1000000 1.44 0.670075
1000000 1.44 0.43645
1000000 1.44 0.444243
1000000 1.44 0.660442
1000000 1.44 0.467431
1000000 1.44 0.606173
1000000 1.44 0.504564
1000000 1.44 0.641938
1000000 1.44 0.691294
1000000 1.44 0.57123
1000000 1.44 0.687103
1000000 1.44 0.661332
1000000 1.44 0.604785
1000000 1.44 0.716978
1000000 1.44 0.543916
1000000 1.44 0.691456
1000000 1.44 0.680373
1000000 1.44 0.548105
1000000 1.44 0.639349
1000000 1.44 0.359507
1000000 1.44 0.658822
1000000 1.44 0.578721
1000000 1.44 0.655225
1000000 1.44 0.70206
1000000 1.44 0.659051
1000000 1.44 0.602133
1000000 1.44 0.631245
1000000 1.44 0.664203
1000000 1.44 0.639803
1000000 1.44 0.687377
1000000 1.44 0.711257
1000000 1.44 0.631388
1000000 1.44 0.423848
1000000 1.44 0.643988
1000000 1.44 0.655541
1000000 1.44 0.49036
1000000 1.44 0.683042
1000000 1.44 0.661079
1000000 1.44 0.562529
1000000 1.44 0.629592
1000000 1.44 0.727184
1000000 1.44 0.615408
1000000 1.44 0.580675
1000000 1.44 0.634276
1000000 1.44 0.667271
1000000 1.44 0.595348
1000000 1.44 0.703009
1000000 1.44 0.670084
1000000 1.44 0.689119
1000000 1.44 0.677077
1000000 1.44 0.688607
1000000 1.44 0.660441
1000000 1.44 0.688556
1000000 1.44 0.594993
1000000 1.44 0.555225
1000000 1.44 0.673642
1000000 1.44 0.664327
1000000 1.44 0.679305
1000000 1.44 0.659912
1000000 1.44 0.678383
1000000 1.44 0.616849
1000000 1.44 0.66517
1000000 1.44 0.611944
1000000 1.44 0.641618
1000000 1.44 0.690363
1000000 1.44 0.684398
1000000 1.44 0.656133
1000000 1.44 0.635754
1000000 1.44 0.6252
1000000 1.44 0.643523
1000000 1.44 0.624005
1000000 1.44 0.602267
1000000 1.44 0.66868
1000000 1.44 0.667736
1000000 1.44 0.612201
1000000 1.44 0.572511
1000000 1.44 0.663792
1000000 1.44 0.384026
1000000 1.44 0.663065
1000000 1.44 0.685864
1000000 1.44 0.561534
1000000 1.44 0.666461
1000000 1.44 0.435278
1000000 1.44 0.654008
1000000 1.44 0.62038
1000000 1.44 0.455163
1000000 1.44 0.638077
1000000 1.44 0.661958
1000000 1.44 0.612825
1000000 1.44 0.65973
1000000 1.44 0.633026
1000000 1.44 0.648449
1000000 1.44 0.651886
1000000 1.44 0.430485
1000000 1.44 0.683298
1000000 1.44 0.651686
1000000 1.44 0.675675
1000000 1.44 0.707207
1000000 1.44 0.673728
1000000 1.44 0.590853
1000000 1.44 0.445205
1000000 1.44 0.445024
1000000 1.44 0.500497
1000000 1.44 0.667102
1000000 1.44 0.606151
1000000 1.44 0.627715
1000000 1.44 0.605117
1000000 1.44 0.58749
1000000 1.44 0.701227
1000000 1.44 0.508603
1000000 1.44 0.552276
1000000 1.44 0.63303
1000000 1.44 0.660329
1000000 1.44 0.507693
1000000 1.44 0.63644
1000000 1.44 0.638533
1000000 1.44 0.455361
1000000 1.44 0.688014
1000000 1.44 0.424604
1000000 1.44 0.570584
1000000 1.44 0.616632
1000000 1.44 0.600753
1000000 1.44 0.458778
1000000 1.44 0.664815
1000000 1.44 0.611128
1000000 1.44 0.573265
1000000 1.44 0.689478
1000000 1.44 0.668321
1000000 1.44 0.558475
1000000 1.44 0.659915
1000000 1.44 0.674947
1000000 1.44 0.329873
1000000 1.44 0.611743
1000000 1.44 0.697456
1000000 1.44 0.510213
1000000 1.44 0.660181
1000000 1.44 0.590941
1000000 1.44 0.682637
1000000 1.44 0.64288
1000000 1.44 0.632128
1000000 1.44 0.347918
1000000 1.44 0.645465
1000000 1.44 0.650788
1000000 1.44 0.661598
1000000 1.44 0.682329
1000000 1.44 0.55619
1000000 1.44 0.545913
1000000 1.44 0.574849
1000000 1.44 0.678838
1000000 1.44 0.625771
1000000 1.44 0.692688
1000000 1.44 0.688974
1000000 1.44 0.666743
1000000 1.44 0.486773
1000000 1.44 0.63613
1000000 1.44 0.5459
1000000 1.44 0.584173
1000000 1.44 0.610541
1000000 1.44 0.685992
1000000 1.44 0.636831
1000000 1.44 0.62892
1000000 1.44 0.465168
1000000 1.44 0.6695
1000000 1.44 0.578059
1000000 1.44 0.696028
1000000 1.44 0.672243
1000000 1.44 0.599372
1000000 1.44 0.646781
1000000 1.44 0.477369
1000000 1.44 0.634992
1000000 1.44 0.60172
1000000 1.44 0.352628
1000000 1.44 0.631188
1000000 1.44 0.612055
1000000 1.44 0.653767
1000000 1.44 0.570936
1000000 1.44 0.653186
1000000 1.44 0.515666
1000000 1.44 0.680039
1000000 1.44 0.691388
1000000 1.44 0.609245
1000000 1.44 0.673825
1000000 1.44 0.202887
1000000 1.44 0.589034
1000000 1.44 0.661663
1000000 1.44 0.650759
1000000 1.44 0.629903
1000000 1.44 0.535897
1000000 1.44 0.698356
1000000 1.44 0.537276
1000000 1.44 0.615141
1000000 1.44 0.633688
1000000 1.44 0.623333
1000000 1.44 0.685975
1000000 1.44 0.557568
1000000 1.44 0.661493
1000000 1.44 0.598031
1000000 1.44 0.573612
1000000 1.44 0.684562
1000000 1.44 0.655004
1000000 1.44 0.695059
1000000 1.44 0.510959
1000000 1.44 0.562646
1000000 1.44 0.595618
1000000 1.44 0.527641
1000000 1.44 0.70121
1000000 1.44 0.704009
1000000 1.44 0.709229
1000000 1.44 0.65159
1000000 1.44 0.60843
1000000 1.44 0.623417
1000000 1.44 0.615724
1000000 1.44 0.699034
1000000 1.44 0.586127
1000000 1.44 0.67333
1000000 1.44 0.677811
1000000 1.44 0.625297
1000000 1.44 0.579203
1000000 1.44 0.5167
1000000 1.44 0.6287
1000000 1.44 0.627443
1000000 1.44 0.556584
1000000 1.44 0.523809
1000000 1.44 0.515286
1000000 1.44 0.690779
1000000 1.44 0.588606
1000000 1.44 0.614242
1000000 1.44 0.656295
1000000 1.44 0.680007
1000000 1.44 0.694983
1000000 1.44 0.39104
1000000 1.44 0.690534
1000000 1.44 0.556107
1000000 1.44 0.688427
1000000 1.44 0.610314
1000000 1.44 0.408521
1000000 1.44 0.604225
1000000 1.44 0.697908
1000000 1.44 0.633059
1000000 1.44 0.615218
1000000 1.44 0.555432
1000000 1.44 0.683143
1000000 1.44 0.610445
1000000 1.44 0.661543
1000000 1.44 0.504058
1000000 1.44 0.465876
1000000 1.44 0.477619
1000000 1.44 0.634678
1000000 1.44 0.705786
1000000 1.44 0.551957
1000000 1.44 0.71012
1000000 1.44 0.674594
1000000 1.44 0.686537
1000000 1.44 0.652872
1000000 1.44 0.680291
1000000 1.44 0.594194
1000000 1.44 0.351127
1000000 1.44 0.651436
1000000 1.44 0.589029
