100000000 1.44 0.565865
100000000 1.44 0.606464
100000000 1.44 0.578842
100000000 1.44 0.591493
100000000 1.44 0.582776
100000000 1.44 0.599773
100000000 1.44 0.585051
100000000 1.44 0.600883
100000000 1.44 0.594716
100000000 1.44 0.594838
100000000 1.44 0.565909
100000000 1.44 0.600225
100000000 1.44 0.556437
100000000 1.44 0.601394
100000000 1.44 0.596084
100000000 1.44 0.587396
100000000 1.44 0.577103
100000000 1.44 0.585462
100000000 1.44 0.571982
100000000 1.44 0.596591
100000000 1.44 0.576
100000000 1.44 0.598775
100000000 1.44 0.594783
100000000 1.44 0.585535
100000000 1.44 0.594732
100000000 1.44 0.617544
100000000 1.44 0.591283
100000000 1.44 0.596005
100000000 1.44 0.586405
100000000 1.44 0.571077
100000000 1.44 0.598754
100000000 1.44 0.600932
100000000 1.44 0.606872
100000000 1.44 0.593476
100000000 1.44 0.578962
100000000 1.44 0.575646
100000000 1.44 0.610642
100000000 1.44 0.603858
100000000 1.44 0.595223
100000000 1.44 0.622766
100000000 1.44 0.594043
100000000 1.44 0.591585
100000000 1.44 0.608455
100000000 1.44 0.52061
100000000 1.44 0.583201
100000000 1.44 0.584713
100000000 1.44 0.577564
100000000 1.44 0.593814
100000000 1.44 0.585641
100000000 1.44 0.588504
100000000 1.44 0.611533
100000000 1.44 0.594954
100000000 1.44 0.595714
100000000 1.44 0.602446
100000000 1.44 0.592804
100000000 1.44 0.614441
100000000 1.44 0.579279
100000000 1.44 0.607217
100000000 1.44 0.60221
100000000 1.44 0.609173
100000000 1.44 0.596061
100000000 1.44 0.571781
100000000 1.44 0.602263
100000000 1.44 0.592161
100000000 1.44 0.605099
100000000 1.44 0.614047
100000000 1.44 0.596405
100000000 1.44 0.576103
100000000 1.44 0.586286
100000000 1.44 0.577154
100000000 1.44 0.591046
100000000 1.44 0.586203
100000000 1.44 0.597476
100000000 1.44 0.600082
100000000 1.44 0.60842
100000000 1.44 0.587085
100000000 1.44 0.590627
100000000 1.44 0.605809
100000000 1.44 0.600186
100000000 1.44 0.597531
100000000 1.44 0.610861
100000000 1.44 0.597299
100000000 1.44 0.596784
100000000 1.44 0.612931
100000000 1.44 0.613252
100000000 1.44 0.534562
100000000 1.44 0.602343
100000000 1.44 0.579116
100000000 1.44 0.596114
100000000 1.44 0.594951
100000000 1.44 0.59653
100000000 1.44 0.592609
100000000 1.44 0.602959
100000000 1.44 0.582143
100000000 1.44 0.61509
100000000 1.44 0.578149
100000000 1.44 0.568077
100000000 1.44 0.592579
100000000 1.44 0.590919
100000000 1.44 0.595737
