10000000 1.44 0.574811
10000000 1.44 0.476731
10000000 1.44 0.592891
10000000 1.44 0.629478
10000000 1.44 0.593851
10000000 1.44 0.596469
10000000 1.44 0.652984
10000000 1.44 0.609611
10000000 1.44 0.530053
10000000 1.44 0.540723
10000000 1.44 0.656518
10000000 1.44 0.541577
10000000 1.44 0.619445
10000000 1.44 0.637747
10000000 1.44 0.650481
10000000 1.44 0.603355
10000000 1.44 0.467683
10000000 1.44 0.581099
10000000 1.44 0.592723
10000000 1.44 0.602619
10000000 1.44 0.64344
10000000 1.44 0.600752
10000000 1.44 0.607952
10000000 1.44 0.626696
10000000 1.44 0.572636
10000000 1.44 0.536539
10000000 1.44 0.628215
10000000 1.44 0.640478
10000000 1.44 0.606648
10000000 1.44 0.635962
10000000 1.44 0.61512
10000000 1.44 0.575772
10000000 1.44 0.538779
10000000 1.44 0.62006
10000000 1.44 0.6099
10000000 1.44 0.558992
10000000 1.44 0.575284
10000000 1.44 0.626377
10000000 1.44 0.638671
10000000 1.44 0.619022
10000000 1.44 0.598077
10000000 1.44 0.630323
10000000 1.44 0.548096
10000000 1.44 0.629267
10000000 1.44 0.617122
10000000 1.44 0.591688
10000000 1.44 0.573226
10000000 1.44 0.613424
10000000 1.44 0.585996
10000000 1.44 0.605276
10000000 1.44 0.35141
10000000 1.44 0.550418
10000000 1.44 0.575782
10000000 1.44 0.642894
10000000 1.44 0.572228
10000000 1.44 0.571688
10000000 1.44 0.606437
10000000 1.44 0.597163
10000000 1.44 0.614122
10000000 1.44 0.569211
10000000 1.44 0.56389
10000000 1.44 0.524206
10000000 1.44 0.583417
10000000 1.44 0.633247
10000000 1.44 0.551156
10000000 1.44 0.582287
10000000 1.44 0.612643
10000000 1.44 0.635739
10000000 1.44 0.596225
10000000 1.44 0.605999
10000000 1.44 0.663755
10000000 1.44 0.655602
10000000 1.44 0.476262
10000000 1.44 0.638189
10000000 1.44 0.608057
10000000 1.44 0.586418
10000000 1.44 0.56437
10000000 1.44 0.615087
10000000 1.44 0.625643
10000000 1.44 0.593904
10000000 1.44 0.559107
10000000 1.44 0.638595
10000000 1.44 0.623709
10000000 1.44 0.542455
10000000 1.44 0.575699
10000000 1.44 0.659397
10000000 1.44 0.595203
10000000 1.44 0.598332
10000000 1.44 0.57353
10000000 1.44 0.570895
10000000 1.44 0.566328
10000000 1.44 0.568366
10000000 1.44 0.60419
10000000 1.44 0.611281
10000000 1.44 0.618986
10000000 1.44 0.666613
10000000 1.44 0.620312
10000000 1.44 0.606277
10000000 1.44 0.578092
10000000 1.44 0.559227
10000000 1.44 0.618797
10000000 1.44 0.625773
10000000 1.44 0.583613
10000000 1.44 0.627252
10000000 1.44 0.552736
10000000 1.44 0.572581
10000000 1.44 0.612538
10000000 1.44 0.611628
10000000 1.44 0.595308
10000000 1.44 0.615904
10000000 1.44 0.61522
10000000 1.44 0.578228
10000000 1.44 0.642265
10000000 1.44 0.595196
10000000 1.44 0.634123
10000000 1.44 0.618432
10000000 1.44 0.581335
10000000 1.44 0.635465
10000000 1.44 0.618188
10000000 1.44 0.371174
10000000 1.44 0.624551
10000000 1.44 0.608842
10000000 1.44 0.586845
10000000 1.44 0.427214
10000000 1.44 0.565627
10000000 1.44 0.607616
10000000 1.44 0.628485
10000000 1.44 0.642309
10000000 1.44 0.63288
10000000 1.44 0.531706
10000000 1.44 0.620209
10000000 1.44 0.64712
10000000 1.44 0.6413
10000000 1.44 0.558447
10000000 1.44 0.576365
10000000 1.44 0.596476
10000000 1.44 0.592199
10000000 1.44 0.634143
10000000 1.44 0.633395
10000000 1.44 0.665507
10000000 1.44 0.518406
10000000 1.44 0.569592
10000000 1.44 0.627999
10000000 1.44 0.575049
10000000 1.44 0.620169
10000000 1.44 0.473316
10000000 1.44 0.576966
10000000 1.44 0.594842
10000000 1.44 0.615256
10000000 1.44 0.596609
10000000 1.44 0.625767
10000000 1.44 0.606535
10000000 1.44 0.606528
10000000 1.44 0.506993
10000000 1.44 0.603612
10000000 1.44 0.601424
10000000 1.44 0.603934
10000000 1.44 0.591677
10000000 1.44 0.548587
10000000 1.44 0.574572
10000000 1.44 0.596812
10000000 1.44 0.510856
10000000 1.44 0.622994
10000000 1.44 0.559877
10000000 1.44 0.486558
10000000 1.44 0.646215
10000000 1.44 0.603476
10000000 1.44 0.60512
10000000 1.44 0.600643
10000000 1.44 0.619257
10000000 1.44 0.484035
10000000 1.44 0.60866
10000000 1.44 0.629002
10000000 1.44 0.608761
10000000 1.44 0.521659
10000000 1.44 0.636259
10000000 1.44 0.599938
10000000 1.44 0.535325
10000000 1.44 0.604868
10000000 1.44 0.632221
10000000 1.44 0.634711
10000000 1.44 0.641294
10000000 1.44 0.571839
10000000 1.44 0.582919
10000000 1.44 0.643578
10000000 1.44 0.568976
10000000 1.44 0.641619
10000000 1.44 0.600881
10000000 1.44 0.627157
10000000 1.44 0.61496
10000000 1.44 0.630165
10000000 1.44 0.455786
10000000 1.44 0.577816
10000000 1.44 0.61071
10000000 1.44 0.592244
10000000 1.44 0.598663
10000000 1.44 0.616994
10000000 1.44 0.60268
10000000 1.44 0.633114
10000000 1.44 0.627054
