10000 1.44 0.7932
10000 1.44 0.6946
10000 1.44 0.7955
10000 1.44 0.8061
10000 1.44 0.7565
10000 1.44 0.7094
10000 1.44 0.7707
10000 1.44 0.8717
10000 1.44 0.8149
10000 1.44 0.8349
10000 1.44 0.7755
10000 1.44 0.4602
10000 1.44 0.3241
10000 1.44 0.5958
10000 1.44 0.773
10000 1.44 0.7318
10000 1.44 0.8282
10000 1.44 0.8189
10000 1.44 0.3828
10000 1.44 0.8178
10000 1.44 0.7155
10000 1.44 0.758
10000 1.44 0.8071
10000 1.44 0.6767
10000 1.44 0.7974
10000 1.44 0.8051
10000 1.44 0.7939
10000 1.44 0.3961
10000 1.44 0.8055
10000 1.44 0.5689
10000 1.44 0.6936
10000 1.44 0.8011
10000 1.44 0.8255
10000 1.44 0.8318
10000 1.44 0.7235
10000 1.44 0.6759
10000 1.44 0.6714
10000 1.44 0.7941
10000 1.44 0.7791
10000 1.44 0.5346
10000 1.44 0.6842
10000 1.44 0.8611
10000 1.44 0.8217
10000 1.44 0.8172
10000 1.44 0.8451
10000 1.44 0.8197
10000 1.44 0.6876
10000 1.44 0.3811
10000 1.44 0.5725
10000 1.44 0.8017
10000 1.44 0.732
10000 1.44 0.8537
10000 1.44 0.7635
10000 1.44 0.7965
10000 1.44 0.588
10000 1.44 0.799
10000 1.44 0.6984
10000 1.44 0.6105
10000 1.44 0.8376
10000 1.44 0.4914
10000 1.44 0.8177
10000 1.44 0.7833
10000 1.44 0.8033
10000 1.44 0.4177
10000 1.44 0.7343
10000 1.44 0.7188
10000 1.44 0.7708
10000 1.44 0.7143
10000 1.44 0.8497
10000 1.44 0.4378
10000 1.44 0.7205
10000 1.44 0.6454
10000 1.44 0.8338
10000 1.44 0.8558
10000 1.44 0.7725
10000 1.44 0.8209
10000 1.44 0.7185
10000 1.44 0.7134
10000 1.44 0.6792
10000 1.44 0.844
10000 1.44 0.7177
10000 1.44 0.8055
10000 1.44 0.6052
10000 1.44 0.7763
10000 1.44 0.6286
10000 1.44 0.8271
10000 1.44 0.6912
10000 1.44 0.3852
10000 1.44 0.7975
10000 1.44 0.6751
10000 1.44 0.8287
10000 1.44 0.8646
10000 1.44 0.7685
10000 1.44 0.604
10000 1.44 0.7913
10000 1.44 0.7357
10000 1.44 0.7915
10000 1.44 0.7828
10000 1.44 0.7824
10000 1.44 0.8213
10000 1.44 0.6236
10000 1.44 0.6126
10000 1.44 0.6389
10000 1.44 0.238
10000 1.44 0.6741
10000 1.44 0.7586
10000 1.44 0.8325
10000 1.44 0.7004
10000 1.44 0.8043
10000 1.44 0.6253
10000 1.44 0.2267
10000 1.44 0.7207
10000 1.44 0.7133
10000 1.44 0.6637
10000 1.44 0.8094
10000 1.44 0.8264
10000 1.44 0.4399
10000 1.44 0.7973
10000 1.44 0.8434
10000 1.44 0.7768
10000 1.44 0.7977
10000 1.44 0.8439
10000 1.44 0.7752
10000 1.44 0.7753
10000 1.44 0.8156
10000 1.44 0.5852
10000 1.44 0.672
10000 1.44 0.7352
10000 1.44 0.8409
10000 1.44 0.6778
10000 1.44 0.7078
10000 1.44 0.8257
10000 1.44 0.6747
10000 1.44 0.6506
10000 1.44 0.7635
10000 1.44 0.7395
10000 1.44 0.7017
10000 1.44 0.8094
10000 1.44 0.827
10000 1.44 0.6518
10000 1.44 0.6847
10000 1.44 0.7683
10000 1.44 0.5065
10000 1.44 0.809
10000 1.44 0.7299
10000 1.44 0.7452
10000 1.44 0.6728
10000 1.44 0.7431
10000 1.44 0.8163
10000 1.44 0.7514
10000 1.44 0.8129
10000 1.44 0.7429
10000 1.44 0.743
10000 1.44 0.7324
10000 1.44 0.6257
10000 1.44 0.8292
10000 1.44 0.47
10000 1.44 0.7671
10000 1.44 0.5818
10000 1.44 0.7275
10000 1.44 0.6236
10000 1.44 0.5801
10000 1.44 0.8038
10000 1.44 0.6403
10000 1.44 0.7579
10000 1.44 0.7173
10000 1.44 0.5821
10000 1.44 0.6856
10000 1.44 0.8121
10000 1.44 0.7341
10000 1.44 0.6684
10000 1.44 0.8395
10000 1.44 0.6611
10000 1.44 0.6759
10000 1.44 0.6226
10000 1.44 0.6684
10000 1.44 0.8698
10000 1.44 0.5618
10000 1.44 0.761
10000 1.44 0.6362
10000 1.44 0.5447
10000 1.44 0.8332
10000 1.44 0.7686
10000 1.44 0.8165
10000 1.44 0.6575
10000 1.44 0.6354
10000 1.44 0.7648
10000 1.44 0.7303
10000 1.44 0.2795
10000 1.44 0.83
10000 1.44 0.8202
10000 1.44 0.6302
10000 1.44 0.7099
10000 1.44 0.7419
10000 1.44 0.6484
10000 1.44 0.8297
10000 1.44 0.5316
10000 1.44 0.6492
10000 1.44 0.8583
10000 1.44 0.8383
10000 1.44 0.7498
10000 1.44 0.6237
10000 1.44 0.7929
10000 1.44 0.8544
10000 1.44 0.6996
10000 1.44 0.7419
10000 1.44 0.8662
10000 1.44 0.831
10000 1.44 0.4514
10000 1.44 0.5191
10000 1.44 0.6745
10000 1.44 0.7873
10000 1.44 0.7401
10000 1.44 0.7378
10000 1.44 0.7455
10000 1.44 0.7182
10000 1.44 0.8039
10000 1.44 0.5644
10000 1.44 0.8076
10000 1.44 0.71
10000 1.44 0.8491
10000 1.44 0.4144
10000 1.44 0.7392
10000 1.44 0.6733
10000 1.44 0.766
10000 1.44 0.7515
10000 1.44 0.7214
10000 1.44 0.3748
10000 1.44 0.6269
10000 1.44 0.6895
10000 1.44 0.3202
10000 1.44 0.7171
10000 1.44 0.7138
10000 1.44 0.7685
10000 1.44 0.8108
10000 1.44 0.8291
10000 1.44 0.4801
10000 1.44 0.8203
10000 1.44 0.836
10000 1.44 0.7385
10000 1.44 0.8575
10000 1.44 0.735
10000 1.44 0.4443
10000 1.44 0.623
10000 1.44 0.3742
10000 1.44 0.7474
10000 1.44 0.7944
10000 1.44 0.7468
10000 1.44 0.4947
10000 1.44 0.7745
10000 1.44 0.7994
10000 1.44 0.577
10000 1.44 0.7732
10000 1.44 0.688
10000 1.44 0.8349
10000 1.44 0.6825
10000 1.44 0.6738
10000 1.44 0.86
10000 1.44 0.849
10000 1.44 0.7374
10000 1.44 0.7558
10000 1.44 0.3156
10000 1.44 0.8319
10000 1.44 0.6217
10000 1.44 0.7077
10000 1.44 0.7856
10000 1.44 0.7569
10000 1.44 0.8175
10000 1.44 0.7505
10000 1.44 0.4709
10000 1.44 0.5058
10000 1.44 0.837
10000 1.44 0.6645
10000 1.44 0.642
10000 1.44 0.8393
10000 1.44 0.804
10000 1.44 0.8813
10000 1.44 0.8136
10000 1.44 0.445
10000 1.44 0.8207
10000 1.44 0.7793
10000 1.44 0.4631
10000 1.44 0.8499
10000 1.44 0.8067
10000 1.44 0.2805
10000 1.44 0.5741
10000 1.44 0.7643
10000 1.44 0.8513
10000 1.44 0.7713
10000 1.44 0.7614
10000 1.44 0.6179
10000 1.44 0.6645
10000 1.44 0.7334
10000 1.44 0.6788
10000 1.44 0.7605
10000 1.44 0.7224
10000 1.44 0.5396
10000 1.44 0.7809
10000 1.44 0.7001
10000 1.44 0.595
10000 1.44 0.6905
10000 1.44 0.7908
10000 1.44 0.7247
10000 1.44 0.8339
10000 1.44 0.7625
10000 1.44 0.7662
10000 1.44 0.8452
10000 1.44 0.7175
10000 1.44 0.8076
10000 1.44 0.6534
10000 1.44 0.7992
10000 1.44 0.5718
10000 1.44 0.4974
10000 1.44 0.8339
10000 1.44 0.4891
10000 1.44 0.7393
10000 1.44 0.8288
10000 1.44 0.5904
10000 1.44 0.7476
10000 1.44 0.8028
10000 1.44 0.8512
10000 1.44 0.7168
10000 1.44 0.8082
10000 1.44 0.7887
10000 1.44 0.7379
10000 1.44 0.8148
10000 1.44 0.6991
10000 1.44 0.7056
10000 1.44 0.7118
10000 1.44 0.6186
10000 1.44 0.6026
10000 1.44 0.7873
10000 1.44 0.5613
10000 1.44 0.7517
10000 1.44 0.845
10000 1.44 0.6389
10000 1.44 0.2585
10000 1.44 0.7963
10000 1.44 0.7783
10000 1.44 0.7345
10000 1.44 0.7129
10000 1.44 0.4709
10000 1.44 0.8083
10000 1.44 0.8179
10000 1.44 0.8287
10000 1.44 0.8139
10000 1.44 0.6929
10000 1.44 0.6457
10000 1.44 0.7814
10000 1.44 0.6759
10000 1.44 0.86
10000 1.44 0.7478
10000 1.44 0.7835
10000 1.44 0.817
10000 1.44 0.6924
10000 1.44 0.8452
10000 1.44 0.7976
10000 1.44 0.758
10000 1.44 0.7782
10000 1.44 0.6982
10000 1.44 0.4207
10000 1.44 0.8202
10000 1.44 0.756
10000 1.44 0.7756
10000 1.44 0.7253
10000 1.44 0.7811
10000 1.44 0.7613
10000 1.44 0.5087
10000 1.44 0.4946
10000 1.44 0.8461
10000 1.44 0.6583
10000 1.44 0.3142
10000 1.44 0.7353
10000 1.44 0.7561
10000 1.44 0.8141
10000 1.44 0.7974
10000 1.44 0.8099
10000 1.44 0.5127
10000 1.44 0.4114
10000 1.44 0.6542
10000 1.44 0.7422
10000 1.44 0.4569
10000 1.44 0.6697
10000 1.44 0.8081
10000 1.44 0.8039
10000 1.44 0.7678
10000 1.44 0.7748
10000 1.44 0.7747
10000 1.44 0.7372
10000 1.44 0.3239
10000 1.44 0.431
10000 1.44 0.7759
10000 1.44 0.8405
10000 1.44 0.5194
10000 1.44 0.8075
10000 1.44 0.2289
10000 1.44 0.5965
10000 1.44 0.8039
10000 1.44 0.8245
10000 1.44 0.7175
10000 1.44 0.8475
10000 1.44 0.7209
10000 1.44 0.4683
10000 1.44 0.7922
10000 1.44 0.8423
10000 1.44 0.6992
10000 1.44 0.7875
10000 1.44 0.4607
10000 1.44 0.7857
10000 1.44 0.8107
10000 1.44 0.727
10000 1.44 0.8162
10000 1.44 0.8333
10000 1.44 0.8052
10000 1.44 0.8077
10000 1.44 0.8288
10000 1.44 0.623
10000 1.44 0.7042
10000 1.44 0.7534
10000 1.44 0.7111
10000 1.44 0.7223
10000 1.44 0.4263
10000 1.44 0.6993
10000 1.44 0.6753
10000 1.44 0.6043
10000 1.44 0.8711
10000 1.44 0.7492
10000 1.44 0.8792
10000 1.44 0.7762
10000 1.44 0.6975
10000 1.44 0.8368
10000 1.44 0.7119
10000 1.44 0.8132
10000 1.44 0.8644
10000 1.44 0.8368
10000 1.44 0.5965
10000 1.44 0.7951
10000 1.44 0.6846
10000 1.44 0.8326
10000 1.44 0.7214
10000 1.44 0.7618
10000 1.44 0.5723
10000 1.44 0.3906
10000 1.44 0.5868
10000 1.44 0.8439
10000 1.44 0.7182
10000 1.44 0.5556
10000 1.44 0.5132
10000 1.44 0.5144
10000 1.44 0.6431
10000 1.44 0.3517
10000 1.44 0.7756
10000 1.44 0.4216
10000 1.44 0.7665
10000 1.44 0.7285
10000 1.44 0.7897
10000 1.44 0.7579
10000 1.44 0.5664
10000 1.44 0.7368
10000 1.44 0.4317
10000 1.44 0.6028
10000 1.44 0.6524
10000 1.44 0.6701
10000 1.44 0.7988
10000 1.44 0.77
10000 1.44 0.7907
10000 1.44 0.8169
10000 1.44 0.7152
10000 1.44 0.8148
10000 1.44 0.7192
10000 1.44 0.8615
10000 1.44 0.7113
10000 1.44 0.5418
10000 1.44 0.7232
10000 1.44 0.294
10000 1.44 0.8722
10000 1.44 0.7034
10000 1.44 0.827
10000 1.44 0.7065
10000 1.44 0.8289
10000 1.44 0.4994
10000 1.44 0.7977
10000 1.44 0.61
10000 1.44 0.8556
10000 1.44 0.6277
10000 1.44 0.8024
10000 1.44 0.8139
10000 1.44 0.7983
10000 1.44 0.7196
10000 1.44 0.6806
10000 1.44 0.6934
10000 1.44 0.7237
10000 1.44 0.7968
10000 1.44 0.8651
10000 1.44 0.6055
10000 1.44 0.7613
10000 1.44 0.7167
10000 1.44 0.7149
10000 1.44 0.8029
10000 1.44 0.8089
10000 1.44 0.7911
10000 1.44 0.6456
10000 1.44 0.8172
10000 1.44 0.7491
10000 1.44 0.7652
10000 1.44 0.8546
10000 1.44 0.7047
10000 1.44 0.7574
10000 1.44 0.6268
10000 1.44 0.7943
10000 1.44 0.778
10000 1.44 0.6819
10000 1.44 0.7356
10000 1.44 0.8503
10000 1.44 0.8656
10000 1.44 0.7876
10000 1.44 0.8326
10000 1.44 0.7509
10000 1.44 0.8378
10000 1.44 0.5515
10000 1.44 0.787
10000 1.44 0.6556
10000 1.44 0.765
10000 1.44 0.8358
10000 1.44 0.8336
10000 1.44 0.6739
10000 1.44 0.77
10000 1.44 0.7652
10000 1.44 0.6902
10000 1.44 0.6749
10000 1.44 0.483
10000 1.44 0.8218
10000 1.44 0.7719
10000 1.44 0.6558
10000 1.44 0.7741
10000 1.44 0.7828
10000 1.44 0.5646
10000 1.44 0.7622
10000 1.44 0.5535
10000 1.44 0.7512
10000 1.44 0.7875
10000 1.44 0.7564
10000 1.44 0.8201
10000 1.44 0.7538
10000 1.44 0.4477
10000 1.44 0.7179
10000 1.44 0.7323
10000 1.44 0.7835
10000 1.44 0.2684
10000 1.44 0.8002
10000 1.44 0.8108
10000 1.44 0.7629
10000 1.44 0.7273
10000 1.44 0.7804
10000 1.44 0.6551
10000 1.44 0.8452
10000 1.44 0.7622
10000 1.44 0.7424
10000 1.44 0.7586
10000 1.44 0.8479
10000 1.44 0.4335
10000 1.44 0.8085
10000 1.44 0.6654
10000 1.44 0.5801
10000 1.44 0.7855
10000 1.44 0.5974
10000 1.44 0.6884
10000 1.44 0.3823
10000 1.44 0.7081
10000 1.44 0.8367
10000 1.44 0.7266
10000 1.44 0.7463
10000 1.44 0.7712
10000 1.44 0.8283
10000 1.44 0.7124
10000 1.44 0.7249
10000 1.44 0.7787
10000 1.44 0.6336
10000 1.44 0.704
10000 1.44 0.815
10000 1.44 0.6837
10000 1.44 0.7355
10000 1.44 0.7412
10000 1.44 0.4049
10000 1.44 0.7088
10000 1.44 0.6606
10000 1.44 0.8118
10000 1.44 0.7578
10000 1.44 0.7209
10000 1.44 0.7585
10000 1.44 0.7017
10000 1.44 0.8247
10000 1.44 0.8505
10000 1.44 0.743
10000 1.44 0.8457
10000 1.44 0.8314
10000 1.44 0.7292
10000 1.44 0.8229
10000 1.44 0.8034
10000 1.44 0.5737
10000 1.44 0.6762
10000 1.44 0.7462
10000 1.44 0.7802
10000 1.44 0.6603
10000 1.44 0.7195
10000 1.44 0.8201
10000 1.44 0.5981
10000 1.44 0.8148
10000 1.44 0.8106
10000 1.44 0.8174
10000 1.44 0.5367
10000 1.44 0.7439
10000 1.44 0.7544
10000 1.44 0.7147
10000 1.44 0.6298
10000 1.44 0.6255
10000 1.44 0.81
10000 1.44 0.774
10000 1.44 0.6924
10000 1.44 0.4978
10000 1.44 0.838
10000 1.44 0.6998
10000 1.44 0.5263
10000 1.44 0.7981
10000 1.44 0.5642
10000 1.44 0.399
10000 1.44 0.7926
10000 1.44 0.7529
10000 1.44 0.7676
10000 1.44 0.7588
10000 1.44 0.7829
10000 1.44 0.8352
10000 1.44 0.7553
10000 1.44 0.7736
10000 1.44 0.8481
10000 1.44 0.7955
10000 1.44 0.7208
10000 1.44 0.5249
10000 1.44 0.615
10000 1.44 0.729
10000 1.44 0.585
10000 1.44 0.6353
10000 1.44 0.7451
10000 1.44 0.7146
10000 1.44 0.8363
10000 1.44 0.7591
10000 1.44 0.849
10000 1.44 0.8457
10000 1.44 0.777
10000 1.44 0.8295
10000 1.44 0.7522
10000 1.44 0.5417
10000 1.44 0.828
10000 1.44 0.7725
10000 1.44 0.517
10000 1.44 0.7978
10000 1.44 0.683
10000 1.44 0.6245
10000 1.44 0.8481
10000 1.44 0.7557
10000 1.44 0.8086
10000 1.44 0.7942
10000 1.44 0.8038
10000 1.44 0.5916
10000 1.44 0.7848
10000 1.44 0.6125
10000 1.44 0.7696
10000 1.44 0.8496
10000 1.44 0.6849
10000 1.44 0.5302
10000 1.44 0.8561
10000 1.44 0.7284
10000 1.44 0.8707
10000 1.44 0.4222
10000 1.44 0.5495
10000 1.44 0.7685
10000 1.44 0.8591
10000 1.44 0.6573
10000 1.44 0.7664
10000 1.44 0.4589
10000 1.44 0.8174
10000 1.44 0.8578
10000 1.44 0.707
10000 1.44 0.5699
10000 1.44 0.8434
10000 1.44 0.6708
10000 1.44 0.6941
10000 1.44 0.81
10000 1.44 0.5876
10000 1.44 0.4595
10000 1.44 0.8692
10000 1.44 0.7903
10000 1.44 0.5027
10000 1.44 0.5275
10000 1.44 0.7815
10000 1.44 0.7986
10000 1.44 0.7113
10000 1.44 0.7333
10000 1.44 0.8072
10000 1.44 0.4321
10000 1.44 0.886
10000 1.44 0.5423
10000 1.44 0.7998
10000 1.44 0.7926
10000 1.44 0.7354
10000 1.44 0.82
10000 1.44 0.7747
10000 1.44 0.592
10000 1.44 0.828
10000 1.44 0.5474
10000 1.44 0.8261
10000 1.44 0.71
10000 1.44 0.654
10000 1.44 0.5682
10000 1.44 0.8374
10000 1.44 0.8074
10000 1.44 0.7682
10000 1.44 0.749
10000 1.44 0.8174
10000 1.44 0.5942
10000 1.44 0.6863
10000 1.44 0.7254
10000 1.44 0.8406
10000 1.44 0.6385
10000 1.44 0.7851
10000 1.44 0.6451
10000 1.44 0.7812
10000 1.44 0.3254
10000 1.44 0.4887
10000 1.44 0.5548
10000 1.44 0.7942
10000 1.44 0.8213
10000 1.44 0.7361
10000 1.44 0.3904
10000 1.44 0.7651
10000 1.44 0.4957
10000 1.44 0.7322
10000 1.44 0.7673
10000 1.44 0.8838
10000 1.44 0.8316
10000 1.44 0.6289
10000 1.44 0.4371
10000 1.44 0.777
10000 1.44 0.7937
10000 1.44 0.8022
10000 1.44 0.7834
10000 1.44 0.8084
10000 1.44 0.8118
10000 1.44 0.8128
10000 1.44 0.7028
10000 1.44 0.8094
10000 1.44 0.8147
10000 1.44 0.6751
10000 1.44 0.8029
10000 1.44 0.8526
10000 1.44 0.7538
10000 1.44 0.745
10000 1.44 0.6579
10000 1.44 0.7293
10000 1.44 0.7748
10000 1.44 0.7837
10000 1.44 0.7438
10000 1.44 0.8371
10000 1.44 0.7677
10000 1.44 0.7332
10000 1.44 0.731
10000 1.44 0.7146
10000 1.44 0.4338
10000 1.44 0.6024
10000 1.44 0.8514
10000 1.44 0.7666
10000 1.44 0.799
10000 1.44 0.588
10000 1.44 0.7565
10000 1.44 0.7894
10000 1.44 0.6388
10000 1.44 0.4555
10000 1.44 0.814
10000 1.44 0.7184
10000 1.44 0.8197
10000 1.44 0.6734
10000 1.44 0.6958
10000 1.44 0.6721
10000 1.44 0.6709
10000 1.44 0.8128
10000 1.44 0.7838
10000 1.44 0.7461
10000 1.44 0.8151
10000 1.44 0.7984
10000 1.44 0.645
10000 1.44 0.8321
10000 1.44 0.7715
10000 1.44 0.7363
10000 1.44 0.7283
10000 1.44 0.7488
10000 1.44 0.3503
10000 1.44 0.7962
10000 1.44 0.4457
10000 1.44 0.7374
10000 1.44 0.7959
10000 1.44 0.8391
10000 1.44 0.7724
10000 1.44 0.8174
10000 1.44 0.7466
10000 1.44 0.7549
10000 1.44 0.7378
10000 1.44 0.7909
10000 1.44 0.464
10000 1.44 0.5181
10000 1.44 0.5913
10000 1.44 0.7617
10000 1.44 0.6316
10000 1.44 0.7734
10000 1.44 0.7536
10000 1.44 0.8101
10000 1.44 0.8362
10000 1.44 0.5329
10000 1.44 0.797
10000 1.44 0.8174
10000 1.44 0.8037
10000 1.44 0.7062
10000 1.44 0.8663
10000 1.44 0.7544
10000 1.44 0.3501
10000 1.44 0.6591
10000 1.44 0.7016
10000 1.44 0.6659
10000 1.44 0.7386
10000 1.44 0.7497
10000 1.44 0.8526
10000 1.44 0.7279
10000 1.44 0.8451
10000 1.44 0.6878
10000 1.44 0.7969
10000 1.44 0.6239
10000 1.44 0.7822
10000 1.44 0.7007
10000 1.44 0.7901
10000 1.44 0.5321
10000 1.44 0.7972
10000 1.44 0.7902
10000 1.44 0.7698
10000 1.44 0.7907
10000 1.44 0.8532
10000 1.44 0.6922
10000 1.44 0.7551
10000 1.44 0.7954
10000 1.44 0.812
10000 1.44 0.7682
10000 1.44 0.7872
10000 1.44 0.5415
10000 1.44 0.8062
10000 1.44 0.4798
10000 1.44 0.5696
10000 1.44 0.722
10000 1.44 0.8239
10000 1.44 0.3939
10000 1.44 0.8522
10000 1.44 0.7377
10000 1.44 0.7504
10000 1.44 0.7657
10000 1.44 0.5211
10000 1.44 0.8497
10000 1.44 0.8086
10000 1.44 0.5773
10000 1.44 0.8167
10000 1.44 0.8066
10000 1.44 0.709
10000 1.44 0.6044
10000 1.44 0.8356
10000 1.44 0.3328
10000 1.44 0.3808
10000 1.44 0.6791
10000 1.44 0.5833
10000 1.44 0.8021
10000 1.44 0.7781
10000 1.44 0.8489
10000 1.44 0.6085
10000 1.44 0.7606
10000 1.44 0.6803
10000 1.44 0.7383
10000 1.44 0.679
10000 1.44 0.5069
10000 1.44 0.6425
10000 1.44 0.6306
10000 1.44 0.8376
10000 1.44 0.6291
10000 1.44 0.8384
10000 1.44 0.7282
10000 1.44 0.8335
10000 1.44 0.681
10000 1.44 0.8227
10000 1.44 0.7865
10000 1.44 0.6958
10000 1.44 0.8222
10000 1.44 0.5158
10000 1.44 0.8052
10000 1.44 0.7973
10000 1.44 0.8061
10000 1.44 0.7427
10000 1.44 0.4763
10000 1.44 0.7336
10000 1.44 0.7431
10000 1.44 0.681
10000 1.44 0.6393
10000 1.44 0.8153
10000 1.44 0.7069
10000 1.44 0.7353
10000 1.44 0.8491
10000 1.44 0.5149
10000 1.44 0.5557
10000 1.44 0.4779
10000 1.44 0.5635
10000 1.44 0.7097
10000 1.44 0.6701
10000 1.44 0.8449
10000 1.44 0.7446
10000 1.44 0.8501
10000 1.44 0.822
10000 1.44 0.7258
10000 1.44 0.7962
10000 1.44 0.8253
10000 1.44 0.8286
10000 1.44 0.7682
10000 1.44 0.6265
10000 1.44 0.794
10000 1.44 0.6265
10000 1.44 0.6829
10000 1.44 0.8296
10000 1.44 0.7872
10000 1.44 0.7203
10000 1.44 0.7816
10000 1.44 0.7384
10000 1.44 0.8108
10000 1.44 0.6755
10000 1.44 0.8104
10000 1.44 0.7389
10000 1.44 0.5021
10000 1.44 0.525
10000 1.44 0.3359
10000 1.44 0.6523
10000 1.44 0.7024
10000 1.44 0.8361
10000 1.44 0.6819
10000 1.44 0.8197
10000 1.44 0.8303
10000 1.44 0.8016
10000 1.44 0.845
10000 1.44 0.7475
10000 1.44 0.8346
10000 1.44 0.8265
10000 1.44 0.6033
10000 1.44 0.7189
10000 1.44 0.7241
10000 1.44 0.7513
10000 1.44 0.7971
10000 1.44 0.8758
10000 1.44 0.7946
10000 1.44 0.5729
10000 1.44 0.7161
10000 1.44 0.5813
10000 1.44 0.7923
10000 1.44 0.6368
10000 1.44 0.7883
10000 1.44 0.6671
10000 1.44 0.7775
10000 1.44 0.8183
10000 1.44 0.7901
10000 1.44 0.8128
10000 1.44 0.8024
10000 1.44 0.3752
10000 1.44 0.7772
10000 1.44 0.4268
10000 1.44 0.8279
10000 1.44 0.823
10000 1.44 0.7785
10000 1.44 0.8534
10000 1.44 0.7281
10000 1.44 0.4776
10000 1.44 0.4856
10000 1.44 0.6246
10000 1.44 0.7726
10000 1.44 0.4255
10000 1.44 0.8678
10000 1.44 0.4588
10000 1.44 0.7781
10000 1.44 0.8531
10000 1.44 0.5209
10000 1.44 0.8227
10000 1.44 0.802
10000 1.44 0.5667
10000 1.44 0.4684
10000 1.44 0.7515
10000 1.44 0.8692
10000 1.44 0.5951
10000 1.44 0.7689
10000 1.44 0.7906
10000 1.44 0.8013
10000 1.44 0.8025
10000 1.44 0.8396
